,batter,bowler,non_striker,runs_by_bat,extra_runs,total_runs_delivery,current_team_total,runs_remain,batter_runs,balls_faced,wickets_fallen,extra_type,delivery,over,wicket_type,player_out,fielder,toss_decision,toss_winner,innings,venue,year,month,match_id,winning_team,batting_team,bowling_team,won,final_team_total
0,NT Broom,Shakib Al Hasan,KS Williamson,1,0,1,1,140,1,1,0,-,1.0,0,0,,,bat,Bangladesh,2,McLean Park,2017,01,New Zealand_Bangladesh_2017-01-03,New Zealand,New Zealand,Bangladesh,True,143
1,KS Williamson,Shakib Al Hasan,NT Broom,1,0,1,2,139,1,1,0,-,2.0,0,0,,,bat,Bangladesh,2,McLean Park,2017,01,New Zealand_Bangladesh_2017-01-03,New Zealand,New Zealand,Bangladesh,True,143
2,NT Broom,Shakib Al Hasan,KS Williamson,0,0,0,2,139,1,2,0,-,3.0,0,0,,,bat,Bangladesh,2,McLean Park,2017,01,New Zealand_Bangladesh_2017-01-03,New Zealand,New Zealand,Bangladesh,True,143
3,NT Broom,Shakib Al Hasan,KS Williamson,1,0,1,3,138,2,3,0,-,4.0,0,0,,,bat,Bangladesh,2,McLean Park,2017,01,New Zealand_Bangladesh_2017-01-03,New Zealand,New Zealand,Bangladesh,True,143
4,KS Williamson,Shakib Al Hasan,NT Broom,4,0,4,7,134,5,2,0,-,5.0,0,0,,,bat,Bangladesh,2,McLean Park,2017,01,New Zealand_Bangladesh_2017-01-03,New Zealand,New Zealand,Bangladesh,True,143
5,KS Williamson,Shakib Al Hasan,NT Broom,1,0,1,8,133,6,3,0,-,6.0,0,0,,,bat,Bangladesh,2,McLean Park,2017,01,New Zealand_Bangladesh_2017-01-03,New Zealand,New Zealand,Bangladesh,True,143
6,KS Williamson,Mashrafe Mortaza,NT Broom,4,0,4,12,129,10,4,0,-,1.0,1,0,,,bat,Bangladesh,2,McLean Park,2017,01,New Zealand_Bangladesh_2017-01-03,New Zealand,New Zealand,Bangladesh,True,143
7,KS Williamson,Mashrafe Mortaza,NT Broom,2,0,2,14,127,12,5,0,-,2.0,1,0,,,bat,Bangladesh,2,McLean Park,2017,01,New Zealand_Bangladesh_2017-01-03,New Zealand,New Zealand,Bangladesh,True,143
8,KS Williamson,Mashrafe Mortaza,NT Broom,1,0,1,15,126,13,6,0,-,3.0,1,0,,,bat,Bangladesh,2,McLean Park,2017,01,New Zealand_Bangladesh_2017-01-03,New Zealand,New Zealand,Bangladesh,True,143
9,NT Broom,Mashrafe Mortaza,KS Williamson,0,1,1,16,125,2,4,0,legbyes,4.0,1,0,,,bat,Bangladesh,2,McLean Park,2017,01,New Zealand_Bangladesh_2017-01-03,New Zealand,New Zealand,Bangladesh,True,143
10,KS Williamson,Mashrafe Mortaza,NT Broom,1,0,1,17,124,14,7,0,-,5.0,1,0,,,bat,Bangladesh,2,McLean Park,2017,01,New Zealand_Bangladesh_2017-01-03,New Zealand,New Zealand,Bangladesh,True,143
11,NT Broom,Mashrafe Mortaza,KS Williamson,0,0,0,17,124,2,5,0,-,6.0,1,0,,,bat,Bangladesh,2,McLean Park,2017,01,New Zealand_Bangladesh_2017-01-03,New Zealand,New Zealand,Bangladesh,True,143
12,KS Williamson,Rubel Hossain,NT Broom,1,0,1,18,123,15,8,0,-,1.0,2,0,,,bat,Bangladesh,2,McLean Park,2017,01,New Zealand_Bangladesh_2017-01-03,New Zealand,New Zealand,Bangladesh,True,143
13,NT Broom,Rubel Hossain,KS Williamson,4,0,4,22,119,6,6,0,-,2.0,2,0,,,bat,Bangladesh,2,McLean Park,2017,01,New Zealand_Bangladesh_2017-01-03,New Zealand,New Zealand,Bangladesh,True,143
14,NT Broom,Rubel Hossain,KS Williamson,0,0,0,22,119,6,7,1,-,3.0,2,caught,NT Broom,Shakib Al Hasan,bat,Bangladesh,2,McLean Park,2017,01,New Zealand_Bangladesh_2017-01-03,New Zealand,New Zealand,Bangladesh,True,143
15,KS Williamson,Rubel Hossain,C Munro,4,0,4,26,115,19,9,1,-,4.0,2,0,,,bat,Bangladesh,2,McLean Park,2017,01,New Zealand_Bangladesh_2017-01-03,New Zealand,New Zealand,Bangladesh,True,143
16,KS Williamson,Rubel Hossain,C Munro,0,0,0,26,115,19,10,1,-,5.0,2,0,,,bat,Bangladesh,2,McLean Park,2017,01,New Zealand_Bangladesh_2017-01-03,New Zealand,New Zealand,Bangladesh,True,143
17,KS Williamson,Rubel Hossain,C Munro,2,0,2,28,113,21,11,1,-,6.0,2,0,,,bat,Bangladesh,2,McLean Park,2017,01,New Zealand_Bangladesh_2017-01-03,New Zealand,New Zealand,Bangladesh,True,143
18,C Munro,Mustafizur Rahman,KS Williamson,0,0,0,28,113,0,1,1,-,1.0,3,0,,,bat,Bangladesh,2,McLean Park,2017,01,New Zealand_Bangladesh_2017-01-03,New Zealand,New Zealand,Bangladesh,True,143
19,C Munro,Mustafizur Rahman,KS Williamson,0,0,0,28,113,0,2,2,-,2.0,3,caught,C Munro,Nurul Hasan,bat,Bangladesh,2,McLean Park,2017,01,New Zealand_Bangladesh_2017-01-03,New Zealand,New Zealand,Bangladesh,True,143
20,CJ Anderson,Mustafizur Rahman,KS Williamson,0,0,0,28,113,0,1,2,-,3.0,3,0,,,bat,Bangladesh,2,McLean Park,2017,01,New Zealand_Bangladesh_2017-01-03,New Zealand,New Zealand,Bangladesh,True,143
21,CJ Anderson,Mustafizur Rahman,KS Williamson,1,0,1,29,112,1,2,2,-,4.0,3,0,,,bat,Bangladesh,2,McLean Park,2017,01,New Zealand_Bangladesh_2017-01-03,New Zealand,New Zealand,Bangladesh,True,143
22,KS Williamson,Mustafizur Rahman,CJ Anderson,1,0,1,30,111,22,12,2,-,5.0,3,0,,,bat,Bangladesh,2,McLean Park,2017,01,New Zealand_Bangladesh_2017-01-03,New Zealand,New Zealand,Bangladesh,True,143
23,CJ Anderson,Mustafizur Rahman,KS Williamson,0,0,0,30,111,1,3,2,-,6.0,3,0,,,bat,Bangladesh,2,McLean Park,2017,01,New Zealand_Bangladesh_2017-01-03,New Zealand,New Zealand,Bangladesh,True,143
24,KS Williamson,Rubel Hossain,CJ Anderson,0,0,0,30,111,22,13,2,-,1.0,4,0,,,bat,Bangladesh,2,McLean Park,2017,01,New Zealand_Bangladesh_2017-01-03,New Zealand,New Zealand,Bangladesh,True,143
25,KS Williamson,Rubel Hossain,CJ Anderson,1,0,1,31,110,23,14,2,-,2.0,4,0,,,bat,Bangladesh,2,McLean Park,2017,01,New Zealand_Bangladesh_2017-01-03,New Zealand,New Zealand,Bangladesh,True,143
26,CJ Anderson,Rubel Hossain,KS Williamson,1,0,1,32,109,2,4,2,-,3.0,4,0,,,bat,Bangladesh,2,McLean Park,2017,01,New Zealand_Bangladesh_2017-01-03,New Zealand,New Zealand,Bangladesh,True,143
27,KS Williamson,Rubel Hossain,CJ Anderson,1,0,1,33,108,24,15,2,-,4.0,4,0,,,bat,Bangladesh,2,McLean Park,2017,01,New Zealand_Bangladesh_2017-01-03,New Zealand,New Zealand,Bangladesh,True,143
28,CJ Anderson,Rubel Hossain,KS Williamson,0,0,0,33,108,2,5,2,-,5.0,4,0,,,bat,Bangladesh,2,McLean Park,2017,01,New Zealand_Bangladesh_2017-01-03,New Zealand,New Zealand,Bangladesh,True,143
29,CJ Anderson,Rubel Hossain,KS Williamson,1,0,1,34,107,3,6,2,-,6.0,4,0,,,bat,Bangladesh,2,McLean Park,2017,01,New Zealand_Bangladesh_2017-01-03,New Zealand,New Zealand,Bangladesh,True,143
30,CJ Anderson,Mustafizur Rahman,KS Williamson,4,0,4,38,103,7,7,2,-,1.0,5,0,,,bat,Bangladesh,2,McLean Park,2017,01,New Zealand_Bangladesh_2017-01-03,New Zealand,New Zealand,Bangladesh,True,143
31,CJ Anderson,Mustafizur Rahman,KS Williamson,0,0,0,38,103,7,8,2,-,2.0,5,0,,,bat,Bangladesh,2,McLean Park,2017,01,New Zealand_Bangladesh_2017-01-03,New Zealand,New Zealand,Bangladesh,True,143
32,CJ Anderson,Mustafizur Rahman,KS Williamson,2,0,2,40,101,9,9,2,-,3.0,5,0,,,bat,Bangladesh,2,McLean Park,2017,01,New Zealand_Bangladesh_2017-01-03,New Zealand,New Zealand,Bangladesh,True,143
33,CJ Anderson,Mustafizur Rahman,KS Williamson,0,1,1,41,100,9,10,2,wides,3.0,5,0,,,bat,Bangladesh,2,McLean Park,2017,01,New Zealand_Bangladesh_2017-01-03,New Zealand,New Zealand,Bangladesh,True,143
34,CJ Anderson,Mustafizur Rahman,KS Williamson,2,0,2,43,98,11,11,2,-,4.0,5,0,,,bat,Bangladesh,2,McLean Park,2017,01,New Zealand_Bangladesh_2017-01-03,New Zealand,New Zealand,Bangladesh,True,143
35,CJ Anderson,Mustafizur Rahman,KS Williamson,0,0,0,43,98,11,12,2,-,5.0,5,0,,,bat,Bangladesh,2,McLean Park,2017,01,New Zealand_Bangladesh_2017-01-03,New Zealand,New Zealand,Bangladesh,True,143
36,CJ Anderson,Mustafizur Rahman,KS Williamson,0,0,0,43,98,11,13,2,-,6.0,5,0,,,bat,Bangladesh,2,McLean Park,2017,01,New Zealand_Bangladesh_2017-01-03,New Zealand,New Zealand,Bangladesh,True,143
37,KS Williamson,Shakib Al Hasan,CJ Anderson,1,0,1,44,97,25,16,2,-,1.0,6,0,,,bat,Bangladesh,2,McLean Park,2017,01,New Zealand_Bangladesh_2017-01-03,New Zealand,New Zealand,Bangladesh,True,143
38,CJ Anderson,Shakib Al Hasan,KS Williamson,2,0,2,46,95,13,14,2,-,2.0,6,0,,,bat,Bangladesh,2,McLean Park,2017,01,New Zealand_Bangladesh_2017-01-03,New Zealand,New Zealand,Bangladesh,True,143
39,CJ Anderson,Shakib Al Hasan,KS Williamson,0,0,0,46,95,13,15,3,-,3.0,6,caught,CJ Anderson,Tamim Iqbal,bat,Bangladesh,2,McLean Park,2017,01,New Zealand_Bangladesh_2017-01-03,New Zealand,New Zealand,Bangladesh,True,143
40,KS Williamson,Shakib Al Hasan,TC Bruce,0,0,0,46,95,25,17,3,-,4.0,6,0,,,bat,Bangladesh,2,McLean Park,2017,01,New Zealand_Bangladesh_2017-01-03,New Zealand,New Zealand,Bangladesh,True,143
41,KS Williamson,Shakib Al Hasan,TC Bruce,0,0,0,46,95,25,18,3,-,5.0,6,0,,,bat,Bangladesh,2,McLean Park,2017,01,New Zealand_Bangladesh_2017-01-03,New Zealand,New Zealand,Bangladesh,True,143
42,KS Williamson,Shakib Al Hasan,TC Bruce,1,0,1,47,94,26,19,3,-,6.0,6,0,,,bat,Bangladesh,2,McLean Park,2017,01,New Zealand_Bangladesh_2017-01-03,New Zealand,New Zealand,Bangladesh,True,143
43,KS Williamson,Mashrafe Mortaza,TC Bruce,1,0,1,48,93,27,20,3,-,1.0,7,0,,,bat,Bangladesh,2,McLean Park,2017,01,New Zealand_Bangladesh_2017-01-03,New Zealand,New Zealand,Bangladesh,True,143
44,TC Bruce,Mashrafe Mortaza,KS Williamson,0,0,0,48,93,0,1,3,-,2.0,7,0,,,bat,Bangladesh,2,McLean Park,2017,01,New Zealand_Bangladesh_2017-01-03,New Zealand,New Zealand,Bangladesh,True,143
45,TC Bruce,Mashrafe Mortaza,KS Williamson,1,0,1,49,92,1,2,3,-,3.0,7,0,,,bat,Bangladesh,2,McLean Park,2017,01,New Zealand_Bangladesh_2017-01-03,New Zealand,New Zealand,Bangladesh,True,143
46,KS Williamson,Mashrafe Mortaza,TC Bruce,1,0,1,50,91,28,21,3,-,4.0,7,0,,,bat,Bangladesh,2,McLean Park,2017,01,New Zealand_Bangladesh_2017-01-03,New Zealand,New Zealand,Bangladesh,True,143
47,TC Bruce,Mashrafe Mortaza,KS Williamson,1,0,1,51,90,2,3,3,-,5.0,7,0,,,bat,Bangladesh,2,McLean Park,2017,01,New Zealand_Bangladesh_2017-01-03,New Zealand,New Zealand,Bangladesh,True,143
48,KS Williamson,Mashrafe Mortaza,TC Bruce,0,0,0,51,90,28,22,3,-,6.0,7,0,,,bat,Bangladesh,2,McLean Park,2017,01,New Zealand_Bangladesh_2017-01-03,New Zealand,New Zealand,Bangladesh,True,143
49,TC Bruce,Shakib Al Hasan,KS Williamson,1,0,1,52,89,3,4,3,-,1.0,8,0,,,bat,Bangladesh,2,McLean Park,2017,01,New Zealand_Bangladesh_2017-01-03,New Zealand,New Zealand,Bangladesh,True,143
50,KS Williamson,Shakib Al Hasan,TC Bruce,1,0,1,53,88,29,23,3,-,2.0,8,0,,,bat,Bangladesh,2,McLean Park,2017,01,New Zealand_Bangladesh_2017-01-03,New Zealand,New Zealand,Bangladesh,True,143
51,TC Bruce,Shakib Al Hasan,KS Williamson,1,0,1,54,87,4,5,3,-,3.0,8,0,,,bat,Bangladesh,2,McLean Park,2017,01,New Zealand_Bangladesh_2017-01-03,New Zealand,New Zealand,Bangladesh,True,143
52,KS Williamson,Shakib Al Hasan,TC Bruce,0,0,0,54,87,29,24,3,-,4.0,8,0,,,bat,Bangladesh,2,McLean Park,2017,01,New Zealand_Bangladesh_2017-01-03,New Zealand,New Zealand,Bangladesh,True,143
53,KS Williamson,Shakib Al Hasan,TC Bruce,2,0,2,56,85,31,25,3,-,5.0,8,0,,,bat,Bangladesh,2,McLean Park,2017,01,New Zealand_Bangladesh_2017-01-03,New Zealand,New Zealand,Bangladesh,True,143
54,KS Williamson,Shakib Al Hasan,TC Bruce,1,0,1,57,84,32,26,3,-,6.0,8,0,,,bat,Bangladesh,2,McLean Park,2017,01,New Zealand_Bangladesh_2017-01-03,New Zealand,New Zealand,Bangladesh,True,143
55,KS Williamson,Mosaddek Hossain,TC Bruce,1,0,1,58,83,33,27,3,-,1.0,9,0,,,bat,Bangladesh,2,McLean Park,2017,01,New Zealand_Bangladesh_2017-01-03,New Zealand,New Zealand,Bangladesh,True,143
56,TC Bruce,Mosaddek Hossain,KS Williamson,0,0,0,58,83,4,6,3,-,2.0,9,0,,,bat,Bangladesh,2,McLean Park,2017,01,New Zealand_Bangladesh_2017-01-03,New Zealand,New Zealand,Bangladesh,True,143
57,TC Bruce,Mosaddek Hossain,KS Williamson,1,0,1,59,82,5,7,3,-,3.0,9,0,,,bat,Bangladesh,2,McLean Park,2017,01,New Zealand_Bangladesh_2017-01-03,New Zealand,New Zealand,Bangladesh,True,143
58,KS Williamson,Mosaddek Hossain,TC Bruce,0,0,0,59,82,33,28,3,-,4.0,9,0,,,bat,Bangladesh,2,McLean Park,2017,01,New Zealand_Bangladesh_2017-01-03,New Zealand,New Zealand,Bangladesh,True,143
59,KS Williamson,Mosaddek Hossain,TC Bruce,1,0,1,60,81,34,29,3,-,5.0,9,0,,,bat,Bangladesh,2,McLean Park,2017,01,New Zealand_Bangladesh_2017-01-03,New Zealand,New Zealand,Bangladesh,True,143
60,TC Bruce,Mosaddek Hossain,KS Williamson,1,0,1,61,80,6,8,3,-,6.0,9,0,,,bat,Bangladesh,2,McLean Park,2017,01,New Zealand_Bangladesh_2017-01-03,New Zealand,New Zealand,Bangladesh,True,143
61,TC Bruce,Mashrafe Mortaza,KS Williamson,1,0,1,62,79,7,9,4,-,1.0,10,run out,TC Bruce,Mashrafe Mortaza;Soumya Sarkar,bat,Bangladesh,2,McLean Park,2017,01,New Zealand_Bangladesh_2017-01-03,New Zealand,New Zealand,Bangladesh,True,143
62,KS Williamson,Mashrafe Mortaza,C de Grandhomme,1,0,1,63,78,35,30,4,-,2.0,10,0,,,bat,Bangladesh,2,McLean Park,2017,01,New Zealand_Bangladesh_2017-01-03,New Zealand,New Zealand,Bangladesh,True,143
63,C de Grandhomme,Mashrafe Mortaza,KS Williamson,1,0,1,64,77,1,1,4,-,3.0,10,0,,,bat,Bangladesh,2,McLean Park,2017,01,New Zealand_Bangladesh_2017-01-03,New Zealand,New Zealand,Bangladesh,True,143
64,KS Williamson,Mashrafe Mortaza,C de Grandhomme,1,0,1,65,76,36,31,4,-,4.0,10,0,,,bat,Bangladesh,2,McLean Park,2017,01,New Zealand_Bangladesh_2017-01-03,New Zealand,New Zealand,Bangladesh,True,143
65,C de Grandhomme,Mashrafe Mortaza,KS Williamson,0,0,0,65,76,1,2,4,-,5.0,10,0,,,bat,Bangladesh,2,McLean Park,2017,01,New Zealand_Bangladesh_2017-01-03,New Zealand,New Zealand,Bangladesh,True,143
66,C de Grandhomme,Mashrafe Mortaza,KS Williamson,6,0,6,71,70,7,3,4,-,6.0,10,0,,,bat,Bangladesh,2,McLean Park,2017,01,New Zealand_Bangladesh_2017-01-03,New Zealand,New Zealand,Bangladesh,True,143
67,KS Williamson,Mosaddek Hossain,C de Grandhomme,0,0,0,71,70,36,32,4,-,1.0,11,0,,,bat,Bangladesh,2,McLean Park,2017,01,New Zealand_Bangladesh_2017-01-03,New Zealand,New Zealand,Bangladesh,True,143
68,KS Williamson,Mosaddek Hossain,C de Grandhomme,1,0,1,72,69,37,33,4,-,2.0,11,0,,,bat,Bangladesh,2,McLean Park,2017,01,New Zealand_Bangladesh_2017-01-03,New Zealand,New Zealand,Bangladesh,True,143
69,C de Grandhomme,Mosaddek Hossain,KS Williamson,0,0,0,72,69,7,4,4,-,3.0,11,0,,,bat,Bangladesh,2,McLean Park,2017,01,New Zealand_Bangladesh_2017-01-03,New Zealand,New Zealand,Bangladesh,True,143
70,C de Grandhomme,Mosaddek Hossain,KS Williamson,1,0,1,73,68,8,5,4,-,4.0,11,0,,,bat,Bangladesh,2,McLean Park,2017,01,New Zealand_Bangladesh_2017-01-03,New Zealand,New Zealand,Bangladesh,True,143
71,KS Williamson,Mosaddek Hossain,C de Grandhomme,0,0,0,73,68,37,34,4,-,5.0,11,0,,,bat,Bangladesh,2,McLean Park,2017,01,New Zealand_Bangladesh_2017-01-03,New Zealand,New Zealand,Bangladesh,True,143
72,KS Williamson,Mosaddek Hossain,C de Grandhomme,3,0,3,76,65,40,35,4,-,6.0,11,0,,,bat,Bangladesh,2,McLean Park,2017,01,New Zealand_Bangladesh_2017-01-03,New Zealand,New Zealand,Bangladesh,True,143
73,KS Williamson,Mustafizur Rahman,C de Grandhomme,1,0,1,77,64,41,36,4,-,1.0,12,0,,,bat,Bangladesh,2,McLean Park,2017,01,New Zealand_Bangladesh_2017-01-03,New Zealand,New Zealand,Bangladesh,True,143
74,C de Grandhomme,Mustafizur Rahman,KS Williamson,1,0,1,78,63,9,6,4,-,2.0,12,0,,,bat,Bangladesh,2,McLean Park,2017,01,New Zealand_Bangladesh_2017-01-03,New Zealand,New Zealand,Bangladesh,True,143
75,KS Williamson,Mustafizur Rahman,C de Grandhomme,1,0,1,79,62,42,37,4,-,3.0,12,0,,,bat,Bangladesh,2,McLean Park,2017,01,New Zealand_Bangladesh_2017-01-03,New Zealand,New Zealand,Bangladesh,True,143
76,C de Grandhomme,Mustafizur Rahman,KS Williamson,1,0,1,80,61,10,7,4,-,4.0,12,0,,,bat,Bangladesh,2,McLean Park,2017,01,New Zealand_Bangladesh_2017-01-03,New Zealand,New Zealand,Bangladesh,True,143
77,KS Williamson,Mustafizur Rahman,C de Grandhomme,0,0,0,80,61,42,38,4,-,5.0,12,0,,,bat,Bangladesh,2,McLean Park,2017,01,New Zealand_Bangladesh_2017-01-03,New Zealand,New Zealand,Bangladesh,True,143
78,KS Williamson,Mustafizur Rahman,C de Grandhomme,1,0,1,81,60,43,39,4,-,6.0,12,0,,,bat,Bangladesh,2,McLean Park,2017,01,New Zealand_Bangladesh_2017-01-03,New Zealand,New Zealand,Bangladesh,True,143
79,KS Williamson,Shakib Al Hasan,C de Grandhomme,0,0,0,81,60,43,40,4,-,1.0,13,0,,,bat,Bangladesh,2,McLean Park,2017,01,New Zealand_Bangladesh_2017-01-03,New Zealand,New Zealand,Bangladesh,True,143
80,KS Williamson,Shakib Al Hasan,C de Grandhomme,4,0,4,85,56,47,41,4,-,2.0,13,0,,,bat,Bangladesh,2,McLean Park,2017,01,New Zealand_Bangladesh_2017-01-03,New Zealand,New Zealand,Bangladesh,True,143
81,KS Williamson,Shakib Al Hasan,C de Grandhomme,1,0,1,86,55,48,42,4,-,3.0,13,0,,,bat,Bangladesh,2,McLean Park,2017,01,New Zealand_Bangladesh_2017-01-03,New Zealand,New Zealand,Bangladesh,True,143
82,C de Grandhomme,Shakib Al Hasan,KS Williamson,0,0,0,86,55,10,8,4,-,4.0,13,0,,,bat,Bangladesh,2,McLean Park,2017,01,New Zealand_Bangladesh_2017-01-03,New Zealand,New Zealand,Bangladesh,True,143
83,C de Grandhomme,Shakib Al Hasan,KS Williamson,1,0,1,87,54,11,9,4,-,5.0,13,0,,,bat,Bangladesh,2,McLean Park,2017,01,New Zealand_Bangladesh_2017-01-03,New Zealand,New Zealand,Bangladesh,True,143
84,KS Williamson,Shakib Al Hasan,C de Grandhomme,6,0,6,93,48,54,43,4,-,6.0,13,0,,,bat,Bangladesh,2,McLean Park,2017,01,New Zealand_Bangladesh_2017-01-03,New Zealand,New Zealand,Bangladesh,True,143
85,C de Grandhomme,Rubel Hossain,KS Williamson,6,0,6,99,42,17,10,4,-,1.0,14,0,,,bat,Bangladesh,2,McLean Park,2017,01,New Zealand_Bangladesh_2017-01-03,New Zealand,New Zealand,Bangladesh,True,143
86,C de Grandhomme,Rubel Hossain,KS Williamson,1,0,1,100,41,18,11,4,-,2.0,14,0,,,bat,Bangladesh,2,McLean Park,2017,01,New Zealand_Bangladesh_2017-01-03,New Zealand,New Zealand,Bangladesh,True,143
87,KS Williamson,Rubel Hossain,C de Grandhomme,1,0,1,101,40,55,44,4,-,3.0,14,0,,,bat,Bangladesh,2,McLean Park,2017,01,New Zealand_Bangladesh_2017-01-03,New Zealand,New Zealand,Bangladesh,True,143
88,C de Grandhomme,Rubel Hossain,KS Williamson,1,1,2,103,38,19,12,4,noballs,3.0,14,0,,,bat,Bangladesh,2,McLean Park,2017,01,New Zealand_Bangladesh_2017-01-03,New Zealand,New Zealand,Bangladesh,True,143
89,KS Williamson,Rubel Hossain,C de Grandhomme,4,0,4,107,34,59,45,4,-,4.0,14,0,,,bat,Bangladesh,2,McLean Park,2017,01,New Zealand_Bangladesh_2017-01-03,New Zealand,New Zealand,Bangladesh,True,143
90,KS Williamson,Rubel Hossain,C de Grandhomme,1,0,1,108,33,60,46,4,-,5.0,14,0,,,bat,Bangladesh,2,McLean Park,2017,01,New Zealand_Bangladesh_2017-01-03,New Zealand,New Zealand,Bangladesh,True,143
91,C de Grandhomme,Rubel Hossain,KS Williamson,0,0,0,108,33,19,13,4,-,6.0,14,0,,,bat,Bangladesh,2,McLean Park,2017,01,New Zealand_Bangladesh_2017-01-03,New Zealand,New Zealand,Bangladesh,True,143
92,KS Williamson,Soumya Sarkar,C de Grandhomme,1,0,1,109,32,61,47,4,-,1.0,15,0,,,bat,Bangladesh,2,McLean Park,2017,01,New Zealand_Bangladesh_2017-01-03,New Zealand,New Zealand,Bangladesh,True,143
93,C de Grandhomme,Soumya Sarkar,KS Williamson,1,0,1,110,31,20,14,4,-,2.0,15,0,,,bat,Bangladesh,2,McLean Park,2017,01,New Zealand_Bangladesh_2017-01-03,New Zealand,New Zealand,Bangladesh,True,143
94,KS Williamson,Soumya Sarkar,C de Grandhomme,6,0,6,116,25,67,48,4,-,3.0,15,0,,,bat,Bangladesh,2,McLean Park,2017,01,New Zealand_Bangladesh_2017-01-03,New Zealand,New Zealand,Bangladesh,True,143
95,KS Williamson,Soumya Sarkar,C de Grandhomme,1,0,1,117,24,68,49,4,-,4.0,15,0,,,bat,Bangladesh,2,McLean Park,2017,01,New Zealand_Bangladesh_2017-01-03,New Zealand,New Zealand,Bangladesh,True,143
96,C de Grandhomme,Soumya Sarkar,KS Williamson,4,0,4,121,20,24,15,4,-,5.0,15,0,,,bat,Bangladesh,2,McLean Park,2017,01,New Zealand_Bangladesh_2017-01-03,New Zealand,New Zealand,Bangladesh,True,143
97,C de Grandhomme,Soumya Sarkar,KS Williamson,4,0,4,125,16,28,16,4,-,6.0,15,0,,,bat,Bangladesh,2,McLean Park,2017,01,New Zealand_Bangladesh_2017-01-03,New Zealand,New Zealand,Bangladesh,True,143
98,KS Williamson,Mustafizur Rahman,C de Grandhomme,0,0,0,125,16,68,50,4,-,1.0,16,0,,,bat,Bangladesh,2,McLean Park,2017,01,New Zealand_Bangladesh_2017-01-03,New Zealand,New Zealand,Bangladesh,True,143
99,KS Williamson,Mustafizur Rahman,C de Grandhomme,1,0,1,126,15,69,51,4,-,2.0,16,0,,,bat,Bangladesh,2,McLean Park,2017,01,New Zealand_Bangladesh_2017-01-03,New Zealand,New Zealand,Bangladesh,True,143
100,C de Grandhomme,Mustafizur Rahman,KS Williamson,1,0,1,127,14,29,17,4,-,3.0,16,0,,,bat,Bangladesh,2,McLean Park,2017,01,New Zealand_Bangladesh_2017-01-03,New Zealand,New Zealand,Bangladesh,True,143
101,KS Williamson,Mustafizur Rahman,C de Grandhomme,1,0,1,128,13,70,52,4,-,4.0,16,0,,,bat,Bangladesh,2,McLean Park,2017,01,New Zealand_Bangladesh_2017-01-03,New Zealand,New Zealand,Bangladesh,True,143
102,C de Grandhomme,Mustafizur Rahman,KS Williamson,1,0,1,129,12,30,18,4,-,5.0,16,0,,,bat,Bangladesh,2,McLean Park,2017,01,New Zealand_Bangladesh_2017-01-03,New Zealand,New Zealand,Bangladesh,True,143
103,KS Williamson,Mustafizur Rahman,C de Grandhomme,1,0,1,130,11,71,53,4,-,6.0,16,0,,,bat,Bangladesh,2,McLean Park,2017,01,New Zealand_Bangladesh_2017-01-03,New Zealand,New Zealand,Bangladesh,True,143
104,KS Williamson,Rubel Hossain,C de Grandhomme,1,0,1,131,10,72,54,4,-,1.0,17,0,,,bat,Bangladesh,2,McLean Park,2017,01,New Zealand_Bangladesh_2017-01-03,New Zealand,New Zealand,Bangladesh,True,143
105,C de Grandhomme,Rubel Hossain,KS Williamson,1,0,1,132,9,31,19,4,-,2.0,17,0,,,bat,Bangladesh,2,McLean Park,2017,01,New Zealand_Bangladesh_2017-01-03,New Zealand,New Zealand,Bangladesh,True,143
106,KS Williamson,Rubel Hossain,C de Grandhomme,1,0,1,133,8,73,55,4,-,3.0,17,0,,,bat,Bangladesh,2,McLean Park,2017,01,New Zealand_Bangladesh_2017-01-03,New Zealand,New Zealand,Bangladesh,True,143
107,C de Grandhomme,Rubel Hossain,KS Williamson,0,0,0,133,8,31,20,4,-,4.0,17,0,,,bat,Bangladesh,2,McLean Park,2017,01,New Zealand_Bangladesh_2017-01-03,New Zealand,New Zealand,Bangladesh,True,143
108,C de Grandhomme,Rubel Hossain,KS Williamson,4,0,4,137,4,35,21,4,-,5.0,17,0,,,bat,Bangladesh,2,McLean Park,2017,01,New Zealand_Bangladesh_2017-01-03,New Zealand,New Zealand,Bangladesh,True,143
109,C de Grandhomme,Rubel Hossain,KS Williamson,6,0,6,143,-2,41,22,4,-,6.0,17,0,,,bat,Bangladesh,2,McLean Park,2017,01,New Zealand_Bangladesh_2017-01-03,New Zealand,New Zealand,Bangladesh,True,143
