,batter,bowler,non_striker,runs_by_bat,extra_runs,total_runs_delivery,current_team_total,runs_remain,batter_runs,balls_faced,wickets_fallen,extra_type,delivery,over,wicket_type,player_out,fielder,toss_decision,toss_winner,innings,venue,year,month,match_id,winning_team,batting_team,bowling_team,won,final_team_total,batter_type,non_striker_type,bowler_type
0,Sharjeel Khan,S Badree,Khalid Latif,0,0,0,0,115,0,1,0,-,1.0,0,0,,,field,Pakistan,2,Dubai International Cricket Stadium,2016,09,Pakistan_West Indies_2016-09-23,Pakistan,Pakistan,West Indies,True,116,Left hand Bat,Right hand Bat,Right arm Legbreak
1,Sharjeel Khan,S Badree,Khalid Latif,4,0,4,4,111,4,2,0,-,2.0,0,0,,,field,Pakistan,2,Dubai International Cricket Stadium,2016,09,Pakistan_West Indies_2016-09-23,Pakistan,Pakistan,West Indies,True,116,Left hand Bat,Right hand Bat,Right arm Legbreak
2,Sharjeel Khan,S Badree,Khalid Latif,0,1,1,5,110,4,3,0,wides,2.0,0,0,,,field,Pakistan,2,Dubai International Cricket Stadium,2016,09,Pakistan_West Indies_2016-09-23,Pakistan,Pakistan,West Indies,True,116,Left hand Bat,Right hand Bat,Right arm Legbreak
3,Sharjeel Khan,S Badree,Khalid Latif,1,0,1,6,109,5,4,0,-,3.0,0,0,,,field,Pakistan,2,Dubai International Cricket Stadium,2016,09,Pakistan_West Indies_2016-09-23,Pakistan,Pakistan,West Indies,True,116,Left hand Bat,Right hand Bat,Right arm Legbreak
4,Khalid Latif,S Badree,Sharjeel Khan,0,0,0,6,109,0,1,0,-,4.0,0,0,,,field,Pakistan,2,Dubai International Cricket Stadium,2016,09,Pakistan_West Indies_2016-09-23,Pakistan,Pakistan,West Indies,True,116,Right hand Bat,Left hand Bat,Right arm Legbreak
5,Khalid Latif,S Badree,Sharjeel Khan,0,0,0,6,109,0,2,0,-,5.0,0,0,,,field,Pakistan,2,Dubai International Cricket Stadium,2016,09,Pakistan_West Indies_2016-09-23,Pakistan,Pakistan,West Indies,True,116,Right hand Bat,Left hand Bat,Right arm Legbreak
6,Khalid Latif,S Badree,Sharjeel Khan,0,0,0,6,109,0,3,0,-,6.0,0,0,,,field,Pakistan,2,Dubai International Cricket Stadium,2016,09,Pakistan_West Indies_2016-09-23,Pakistan,Pakistan,West Indies,True,116,Right hand Bat,Left hand Bat,Right arm Legbreak
7,Sharjeel Khan,JE Taylor,Khalid Latif,4,0,4,10,105,9,5,0,-,1.0,1,0,,,field,Pakistan,2,Dubai International Cricket Stadium,2016,09,Pakistan_West Indies_2016-09-23,Pakistan,Pakistan,West Indies,True,116,Left hand Bat,Right hand Bat,Right arm Fast
8,Sharjeel Khan,JE Taylor,Khalid Latif,0,0,0,10,105,9,6,0,-,2.0,1,0,,,field,Pakistan,2,Dubai International Cricket Stadium,2016,09,Pakistan_West Indies_2016-09-23,Pakistan,Pakistan,West Indies,True,116,Left hand Bat,Right hand Bat,Right arm Fast
9,Sharjeel Khan,JE Taylor,Khalid Latif,0,0,0,10,105,9,7,0,-,3.0,1,0,,,field,Pakistan,2,Dubai International Cricket Stadium,2016,09,Pakistan_West Indies_2016-09-23,Pakistan,Pakistan,West Indies,True,116,Left hand Bat,Right hand Bat,Right arm Fast
10,Sharjeel Khan,JE Taylor,Khalid Latif,0,0,0,10,105,9,8,0,-,4.0,1,0,,,field,Pakistan,2,Dubai International Cricket Stadium,2016,09,Pakistan_West Indies_2016-09-23,Pakistan,Pakistan,West Indies,True,116,Left hand Bat,Right hand Bat,Right arm Fast
11,Sharjeel Khan,JE Taylor,Khalid Latif,0,1,1,11,104,9,9,0,legbyes,5.0,1,0,,,field,Pakistan,2,Dubai International Cricket Stadium,2016,09,Pakistan_West Indies_2016-09-23,Pakistan,Pakistan,West Indies,True,116,Left hand Bat,Right hand Bat,Right arm Fast
12,Khalid Latif,JE Taylor,Sharjeel Khan,4,0,4,15,100,4,4,0,-,6.0,1,0,,,field,Pakistan,2,Dubai International Cricket Stadium,2016,09,Pakistan_West Indies_2016-09-23,Pakistan,Pakistan,West Indies,True,116,Right hand Bat,Left hand Bat,Right arm Fast
13,Sharjeel Khan,SP Narine,Khalid Latif,0,0,0,15,100,9,10,0,-,1.0,2,0,,,field,Pakistan,2,Dubai International Cricket Stadium,2016,09,Pakistan_West Indies_2016-09-23,Pakistan,Pakistan,West Indies,True,116,Left hand Bat,Right hand Bat,Right arm Offbreak
14,Sharjeel Khan,SP Narine,Khalid Latif,0,0,0,15,100,9,11,0,-,2.0,2,0,,,field,Pakistan,2,Dubai International Cricket Stadium,2016,09,Pakistan_West Indies_2016-09-23,Pakistan,Pakistan,West Indies,True,116,Left hand Bat,Right hand Bat,Right arm Offbreak
15,Sharjeel Khan,SP Narine,Khalid Latif,0,0,0,15,100,9,12,0,-,3.0,2,0,,,field,Pakistan,2,Dubai International Cricket Stadium,2016,09,Pakistan_West Indies_2016-09-23,Pakistan,Pakistan,West Indies,True,116,Left hand Bat,Right hand Bat,Right arm Offbreak
16,Sharjeel Khan,SP Narine,Khalid Latif,0,0,0,15,100,9,13,0,-,4.0,2,0,,,field,Pakistan,2,Dubai International Cricket Stadium,2016,09,Pakistan_West Indies_2016-09-23,Pakistan,Pakistan,West Indies,True,116,Left hand Bat,Right hand Bat,Right arm Offbreak
17,Sharjeel Khan,SP Narine,Khalid Latif,1,0,1,16,99,10,14,0,-,5.0,2,0,,,field,Pakistan,2,Dubai International Cricket Stadium,2016,09,Pakistan_West Indies_2016-09-23,Pakistan,Pakistan,West Indies,True,116,Left hand Bat,Right hand Bat,Right arm Offbreak
18,Khalid Latif,SP Narine,Sharjeel Khan,0,0,0,16,99,4,5,0,-,6.0,2,0,,,field,Pakistan,2,Dubai International Cricket Stadium,2016,09,Pakistan_West Indies_2016-09-23,Pakistan,Pakistan,West Indies,True,116,Right hand Bat,Left hand Bat,Right arm Offbreak
19,Sharjeel Khan,S Badree,Khalid Latif,4,0,4,20,95,14,15,0,-,1.0,3,0,,,field,Pakistan,2,Dubai International Cricket Stadium,2016,09,Pakistan_West Indies_2016-09-23,Pakistan,Pakistan,West Indies,True,116,Left hand Bat,Right hand Bat,Right arm Legbreak
20,Sharjeel Khan,S Badree,Khalid Latif,2,0,2,22,93,16,16,0,-,2.0,3,0,,,field,Pakistan,2,Dubai International Cricket Stadium,2016,09,Pakistan_West Indies_2016-09-23,Pakistan,Pakistan,West Indies,True,116,Left hand Bat,Right hand Bat,Right arm Legbreak
21,Sharjeel Khan,S Badree,Khalid Latif,6,0,6,28,87,22,17,0,-,3.0,3,0,,,field,Pakistan,2,Dubai International Cricket Stadium,2016,09,Pakistan_West Indies_2016-09-23,Pakistan,Pakistan,West Indies,True,116,Left hand Bat,Right hand Bat,Right arm Legbreak
22,Sharjeel Khan,S Badree,Khalid Latif,0,0,0,28,87,22,18,0,-,4.0,3,0,,,field,Pakistan,2,Dubai International Cricket Stadium,2016,09,Pakistan_West Indies_2016-09-23,Pakistan,Pakistan,West Indies,True,116,Left hand Bat,Right hand Bat,Right arm Legbreak
23,Sharjeel Khan,S Badree,Khalid Latif,0,0,0,28,87,22,19,1,-,5.0,3,bowled,Sharjeel Khan,,field,Pakistan,2,Dubai International Cricket Stadium,2016,09,Pakistan_West Indies_2016-09-23,Pakistan,Pakistan,West Indies,True,116,Left hand Bat,Right hand Bat,Right arm Legbreak
24,Babar Azam,S Badree,Khalid Latif,0,0,0,28,87,0,1,1,-,6.0,3,0,,,field,Pakistan,2,Dubai International Cricket Stadium,2016,09,Pakistan_West Indies_2016-09-23,Pakistan,Pakistan,West Indies,True,116,Right hand Bat,Right hand Bat,Right arm Legbreak
25,Khalid Latif,DJ Bravo,Babar Azam,0,1,1,29,86,4,6,1,wides,0.0,4,0,,,field,Pakistan,2,Dubai International Cricket Stadium,2016,09,Pakistan_West Indies_2016-09-23,Pakistan,Pakistan,West Indies,True,116,Right hand Bat,Right hand Bat,Right arm Medium
26,Khalid Latif,DJ Bravo,Babar Azam,0,0,0,29,86,4,7,1,-,1.0,4,0,,,field,Pakistan,2,Dubai International Cricket Stadium,2016,09,Pakistan_West Indies_2016-09-23,Pakistan,Pakistan,West Indies,True,116,Right hand Bat,Right hand Bat,Right arm Medium
27,Khalid Latif,DJ Bravo,Babar Azam,1,0,1,30,85,5,8,1,-,2.0,4,0,,,field,Pakistan,2,Dubai International Cricket Stadium,2016,09,Pakistan_West Indies_2016-09-23,Pakistan,Pakistan,West Indies,True,116,Right hand Bat,Right hand Bat,Right arm Medium
28,Babar Azam,DJ Bravo,Khalid Latif,1,0,1,31,84,1,2,1,-,3.0,4,0,,,field,Pakistan,2,Dubai International Cricket Stadium,2016,09,Pakistan_West Indies_2016-09-23,Pakistan,Pakistan,West Indies,True,116,Right hand Bat,Right hand Bat,Right arm Medium
29,Khalid Latif,DJ Bravo,Babar Azam,0,0,0,31,84,5,9,1,-,4.0,4,0,,,field,Pakistan,2,Dubai International Cricket Stadium,2016,09,Pakistan_West Indies_2016-09-23,Pakistan,Pakistan,West Indies,True,116,Right hand Bat,Right hand Bat,Right arm Medium
30,Khalid Latif,DJ Bravo,Babar Azam,1,0,1,32,83,6,10,1,-,5.0,4,0,,,field,Pakistan,2,Dubai International Cricket Stadium,2016,09,Pakistan_West Indies_2016-09-23,Pakistan,Pakistan,West Indies,True,116,Right hand Bat,Right hand Bat,Right arm Medium
31,Babar Azam,DJ Bravo,Khalid Latif,1,0,1,33,82,2,3,1,-,6.0,4,0,,,field,Pakistan,2,Dubai International Cricket Stadium,2016,09,Pakistan_West Indies_2016-09-23,Pakistan,Pakistan,West Indies,True,116,Right hand Bat,Right hand Bat,Right arm Medium
32,Babar Azam,S Badree,Khalid Latif,4,0,4,37,78,6,4,1,-,1.0,5,0,,,field,Pakistan,2,Dubai International Cricket Stadium,2016,09,Pakistan_West Indies_2016-09-23,Pakistan,Pakistan,West Indies,True,116,Right hand Bat,Right hand Bat,Right arm Legbreak
33,Babar Azam,S Badree,Khalid Latif,0,0,0,37,78,6,5,1,-,2.0,5,0,,,field,Pakistan,2,Dubai International Cricket Stadium,2016,09,Pakistan_West Indies_2016-09-23,Pakistan,Pakistan,West Indies,True,116,Right hand Bat,Right hand Bat,Right arm Legbreak
34,Babar Azam,S Badree,Khalid Latif,1,0,1,38,77,7,6,1,-,3.0,5,0,,,field,Pakistan,2,Dubai International Cricket Stadium,2016,09,Pakistan_West Indies_2016-09-23,Pakistan,Pakistan,West Indies,True,116,Right hand Bat,Right hand Bat,Right arm Legbreak
35,Khalid Latif,S Badree,Babar Azam,0,0,0,38,77,6,11,1,-,4.0,5,0,,,field,Pakistan,2,Dubai International Cricket Stadium,2016,09,Pakistan_West Indies_2016-09-23,Pakistan,Pakistan,West Indies,True,116,Right hand Bat,Right hand Bat,Right arm Legbreak
36,Khalid Latif,S Badree,Babar Azam,0,0,0,38,77,6,12,1,-,5.0,5,0,,,field,Pakistan,2,Dubai International Cricket Stadium,2016,09,Pakistan_West Indies_2016-09-23,Pakistan,Pakistan,West Indies,True,116,Right hand Bat,Right hand Bat,Right arm Legbreak
37,Khalid Latif,S Badree,Babar Azam,0,0,0,38,77,6,13,1,-,6.0,5,0,,,field,Pakistan,2,Dubai International Cricket Stadium,2016,09,Pakistan_West Indies_2016-09-23,Pakistan,Pakistan,West Indies,True,116,Right hand Bat,Right hand Bat,Right arm Legbreak
38,Babar Azam,CR Brathwaite,Khalid Latif,0,0,0,38,77,7,7,1,-,1.0,6,0,,,field,Pakistan,2,Dubai International Cricket Stadium,2016,09,Pakistan_West Indies_2016-09-23,Pakistan,Pakistan,West Indies,True,116,Right hand Bat,Right hand Bat,Right arm Fast
39,Babar Azam,CR Brathwaite,Khalid Latif,1,0,1,39,76,8,8,1,-,2.0,6,0,,,field,Pakistan,2,Dubai International Cricket Stadium,2016,09,Pakistan_West Indies_2016-09-23,Pakistan,Pakistan,West Indies,True,116,Right hand Bat,Right hand Bat,Right arm Fast
40,Khalid Latif,CR Brathwaite,Babar Azam,0,0,0,39,76,6,14,1,-,3.0,6,0,,,field,Pakistan,2,Dubai International Cricket Stadium,2016,09,Pakistan_West Indies_2016-09-23,Pakistan,Pakistan,West Indies,True,116,Right hand Bat,Right hand Bat,Right arm Fast
41,Khalid Latif,CR Brathwaite,Babar Azam,1,0,1,40,75,7,15,1,-,4.0,6,0,,,field,Pakistan,2,Dubai International Cricket Stadium,2016,09,Pakistan_West Indies_2016-09-23,Pakistan,Pakistan,West Indies,True,116,Right hand Bat,Right hand Bat,Right arm Fast
42,Babar Azam,CR Brathwaite,Khalid Latif,0,0,0,40,75,8,9,1,-,5.0,6,0,,,field,Pakistan,2,Dubai International Cricket Stadium,2016,09,Pakistan_West Indies_2016-09-23,Pakistan,Pakistan,West Indies,True,116,Right hand Bat,Right hand Bat,Right arm Fast
43,Babar Azam,CR Brathwaite,Khalid Latif,0,0,0,40,75,8,10,1,-,6.0,6,0,,,field,Pakistan,2,Dubai International Cricket Stadium,2016,09,Pakistan_West Indies_2016-09-23,Pakistan,Pakistan,West Indies,True,116,Right hand Bat,Right hand Bat,Right arm Fast
44,Khalid Latif,S Badree,Babar Azam,1,0,1,41,74,8,16,1,-,1.0,7,0,,,field,Pakistan,2,Dubai International Cricket Stadium,2016,09,Pakistan_West Indies_2016-09-23,Pakistan,Pakistan,West Indies,True,116,Right hand Bat,Right hand Bat,Right arm Legbreak
45,Babar Azam,S Badree,Khalid Latif,0,0,0,41,74,8,11,1,-,2.0,7,0,,,field,Pakistan,2,Dubai International Cricket Stadium,2016,09,Pakistan_West Indies_2016-09-23,Pakistan,Pakistan,West Indies,True,116,Right hand Bat,Right hand Bat,Right arm Legbreak
46,Babar Azam,S Badree,Khalid Latif,2,0,2,43,72,10,12,1,-,3.0,7,0,,,field,Pakistan,2,Dubai International Cricket Stadium,2016,09,Pakistan_West Indies_2016-09-23,Pakistan,Pakistan,West Indies,True,116,Right hand Bat,Right hand Bat,Right arm Legbreak
47,Babar Azam,S Badree,Khalid Latif,0,0,0,43,72,10,13,1,-,4.0,7,0,,,field,Pakistan,2,Dubai International Cricket Stadium,2016,09,Pakistan_West Indies_2016-09-23,Pakistan,Pakistan,West Indies,True,116,Right hand Bat,Right hand Bat,Right arm Legbreak
48,Babar Azam,S Badree,Khalid Latif,1,0,1,44,71,11,14,1,-,5.0,7,0,,,field,Pakistan,2,Dubai International Cricket Stadium,2016,09,Pakistan_West Indies_2016-09-23,Pakistan,Pakistan,West Indies,True,116,Right hand Bat,Right hand Bat,Right arm Legbreak
49,Khalid Latif,S Badree,Babar Azam,0,0,0,44,71,8,17,1,-,6.0,7,0,,,field,Pakistan,2,Dubai International Cricket Stadium,2016,09,Pakistan_West Indies_2016-09-23,Pakistan,Pakistan,West Indies,True,116,Right hand Bat,Right hand Bat,Right arm Legbreak
50,Babar Azam,CR Brathwaite,Khalid Latif,0,0,0,44,71,11,15,1,-,1.0,8,0,,,field,Pakistan,2,Dubai International Cricket Stadium,2016,09,Pakistan_West Indies_2016-09-23,Pakistan,Pakistan,West Indies,True,116,Right hand Bat,Right hand Bat,Right arm Fast
51,Babar Azam,CR Brathwaite,Khalid Latif,1,0,1,45,70,12,16,1,-,2.0,8,0,,,field,Pakistan,2,Dubai International Cricket Stadium,2016,09,Pakistan_West Indies_2016-09-23,Pakistan,Pakistan,West Indies,True,116,Right hand Bat,Right hand Bat,Right arm Fast
52,Khalid Latif,CR Brathwaite,Babar Azam,1,0,1,46,69,9,18,1,-,3.0,8,0,,,field,Pakistan,2,Dubai International Cricket Stadium,2016,09,Pakistan_West Indies_2016-09-23,Pakistan,Pakistan,West Indies,True,116,Right hand Bat,Right hand Bat,Right arm Fast
53,Babar Azam,CR Brathwaite,Khalid Latif,6,0,6,52,63,18,17,1,-,4.0,8,0,,,field,Pakistan,2,Dubai International Cricket Stadium,2016,09,Pakistan_West Indies_2016-09-23,Pakistan,Pakistan,West Indies,True,116,Right hand Bat,Right hand Bat,Right arm Fast
54,Babar Azam,CR Brathwaite,Khalid Latif,0,0,0,52,63,18,18,1,-,5.0,8,0,,,field,Pakistan,2,Dubai International Cricket Stadium,2016,09,Pakistan_West Indies_2016-09-23,Pakistan,Pakistan,West Indies,True,116,Right hand Bat,Right hand Bat,Right arm Fast
55,Babar Azam,CR Brathwaite,Khalid Latif,4,1,5,57,58,22,19,1,noballs,5.0,8,0,,,field,Pakistan,2,Dubai International Cricket Stadium,2016,09,Pakistan_West Indies_2016-09-23,Pakistan,Pakistan,West Indies,True,116,Right hand Bat,Right hand Bat,Right arm Fast
56,Babar Azam,CR Brathwaite,Khalid Latif,6,0,6,63,52,28,20,1,-,6.0,8,0,,,field,Pakistan,2,Dubai International Cricket Stadium,2016,09,Pakistan_West Indies_2016-09-23,Pakistan,Pakistan,West Indies,True,116,Right hand Bat,Right hand Bat,Right arm Fast
57,Khalid Latif,KA Pollard,Babar Azam,1,0,1,64,51,10,19,1,-,1.0,9,0,,,field,Pakistan,2,Dubai International Cricket Stadium,2016,09,Pakistan_West Indies_2016-09-23,Pakistan,Pakistan,West Indies,True,116,Right hand Bat,Right hand Bat,Right arm Medium
58,Babar Azam,KA Pollard,Khalid Latif,1,0,1,65,50,29,21,1,-,2.0,9,0,,,field,Pakistan,2,Dubai International Cricket Stadium,2016,09,Pakistan_West Indies_2016-09-23,Pakistan,Pakistan,West Indies,True,116,Right hand Bat,Right hand Bat,Right arm Medium
59,Khalid Latif,KA Pollard,Babar Azam,1,0,1,66,49,11,20,1,-,3.0,9,0,,,field,Pakistan,2,Dubai International Cricket Stadium,2016,09,Pakistan_West Indies_2016-09-23,Pakistan,Pakistan,West Indies,True,116,Right hand Bat,Right hand Bat,Right arm Medium
60,Babar Azam,KA Pollard,Khalid Latif,4,0,4,70,45,33,22,1,-,4.0,9,0,,,field,Pakistan,2,Dubai International Cricket Stadium,2016,09,Pakistan_West Indies_2016-09-23,Pakistan,Pakistan,West Indies,True,116,Right hand Bat,Right hand Bat,Right arm Medium
61,Babar Azam,KA Pollard,Khalid Latif,0,0,0,70,45,33,23,1,-,5.0,9,0,,,field,Pakistan,2,Dubai International Cricket Stadium,2016,09,Pakistan_West Indies_2016-09-23,Pakistan,Pakistan,West Indies,True,116,Right hand Bat,Right hand Bat,Right arm Medium
62,Babar Azam,KA Pollard,Khalid Latif,1,0,1,71,44,34,24,1,-,6.0,9,0,,,field,Pakistan,2,Dubai International Cricket Stadium,2016,09,Pakistan_West Indies_2016-09-23,Pakistan,Pakistan,West Indies,True,116,Right hand Bat,Right hand Bat,Right arm Medium
63,Babar Azam,SP Narine,Khalid Latif,1,0,1,72,43,35,25,1,-,1.0,10,0,,,field,Pakistan,2,Dubai International Cricket Stadium,2016,09,Pakistan_West Indies_2016-09-23,Pakistan,Pakistan,West Indies,True,116,Right hand Bat,Right hand Bat,Right arm Offbreak
64,Khalid Latif,SP Narine,Babar Azam,1,0,1,73,42,12,21,1,-,2.0,10,0,,,field,Pakistan,2,Dubai International Cricket Stadium,2016,09,Pakistan_West Indies_2016-09-23,Pakistan,Pakistan,West Indies,True,116,Right hand Bat,Right hand Bat,Right arm Offbreak
65,Babar Azam,SP Narine,Khalid Latif,1,0,1,74,41,36,26,1,-,3.0,10,0,,,field,Pakistan,2,Dubai International Cricket Stadium,2016,09,Pakistan_West Indies_2016-09-23,Pakistan,Pakistan,West Indies,True,116,Right hand Bat,Right hand Bat,Right arm Offbreak
66,Khalid Latif,SP Narine,Babar Azam,4,0,4,78,37,16,22,1,-,4.0,10,0,,,field,Pakistan,2,Dubai International Cricket Stadium,2016,09,Pakistan_West Indies_2016-09-23,Pakistan,Pakistan,West Indies,True,116,Right hand Bat,Right hand Bat,Right arm Offbreak
67,Khalid Latif,SP Narine,Babar Azam,1,0,1,79,36,17,23,1,-,5.0,10,0,,,field,Pakistan,2,Dubai International Cricket Stadium,2016,09,Pakistan_West Indies_2016-09-23,Pakistan,Pakistan,West Indies,True,116,Right hand Bat,Right hand Bat,Right arm Offbreak
68,Babar Azam,SP Narine,Khalid Latif,1,0,1,80,35,37,27,1,-,6.0,10,0,,,field,Pakistan,2,Dubai International Cricket Stadium,2016,09,Pakistan_West Indies_2016-09-23,Pakistan,Pakistan,West Indies,True,116,Right hand Bat,Right hand Bat,Right arm Offbreak
69,Babar Azam,KA Pollard,Khalid Latif,1,0,1,81,34,38,28,1,-,1.0,11,0,,,field,Pakistan,2,Dubai International Cricket Stadium,2016,09,Pakistan_West Indies_2016-09-23,Pakistan,Pakistan,West Indies,True,116,Right hand Bat,Right hand Bat,Right arm Medium
70,Khalid Latif,KA Pollard,Babar Azam,0,1,1,82,33,17,24,1,wides,1.0,11,0,,,field,Pakistan,2,Dubai International Cricket Stadium,2016,09,Pakistan_West Indies_2016-09-23,Pakistan,Pakistan,West Indies,True,116,Right hand Bat,Right hand Bat,Right arm Medium
71,Khalid Latif,KA Pollard,Babar Azam,0,0,0,82,33,17,25,1,-,2.0,11,0,,,field,Pakistan,2,Dubai International Cricket Stadium,2016,09,Pakistan_West Indies_2016-09-23,Pakistan,Pakistan,West Indies,True,116,Right hand Bat,Right hand Bat,Right arm Medium
72,Khalid Latif,KA Pollard,Babar Azam,1,0,1,83,32,18,26,1,-,3.0,11,0,,,field,Pakistan,2,Dubai International Cricket Stadium,2016,09,Pakistan_West Indies_2016-09-23,Pakistan,Pakistan,West Indies,True,116,Right hand Bat,Right hand Bat,Right arm Medium
73,Babar Azam,KA Pollard,Khalid Latif,1,0,1,84,31,39,29,1,-,4.0,11,0,,,field,Pakistan,2,Dubai International Cricket Stadium,2016,09,Pakistan_West Indies_2016-09-23,Pakistan,Pakistan,West Indies,True,116,Right hand Bat,Right hand Bat,Right arm Medium
74,Khalid Latif,KA Pollard,Babar Azam,1,0,1,85,30,19,27,1,-,5.0,11,0,,,field,Pakistan,2,Dubai International Cricket Stadium,2016,09,Pakistan_West Indies_2016-09-23,Pakistan,Pakistan,West Indies,True,116,Right hand Bat,Right hand Bat,Right arm Medium
75,Babar Azam,KA Pollard,Khalid Latif,1,0,1,86,29,40,30,1,-,6.0,11,0,,,field,Pakistan,2,Dubai International Cricket Stadium,2016,09,Pakistan_West Indies_2016-09-23,Pakistan,Pakistan,West Indies,True,116,Right hand Bat,Right hand Bat,Right arm Medium
76,Babar Azam,DJ Bravo,Khalid Latif,4,0,4,90,25,44,31,1,-,1.0,12,0,,,field,Pakistan,2,Dubai International Cricket Stadium,2016,09,Pakistan_West Indies_2016-09-23,Pakistan,Pakistan,West Indies,True,116,Right hand Bat,Right hand Bat,Right arm Medium
77,Babar Azam,DJ Bravo,Khalid Latif,1,0,1,91,24,45,32,1,-,2.0,12,0,,,field,Pakistan,2,Dubai International Cricket Stadium,2016,09,Pakistan_West Indies_2016-09-23,Pakistan,Pakistan,West Indies,True,116,Right hand Bat,Right hand Bat,Right arm Medium
