,batter,bowler,non_striker,runs_by_bat,extra_runs,total,team_total,runs_remain,batter_runs,balls_faced,wickets_fallen,delivery,over,extra_type,wicket_type,player_out,fielder,toss_decision,toss_winner,innings,venue,year,month,match_id,winning_team,batting_team,bowling_team
0,JJ Roy,TA Boult,AD Hales,0,0,0,0,196,0,1,0,1,1,-,0,,,field,England,2,Westpac Stadium,2018,02,New Zealand_England_2018-02-13,New Zealand,England,New Zealand
1,JJ Roy,TA Boult,AD Hales,0,0,0,0,196,0,2,0,2,1,-,0,,,field,England,2,Westpac Stadium,2018,02,New Zealand_England_2018-02-13,New Zealand,England,New Zealand
2,JJ Roy,TA Boult,AD Hales,0,0,0,0,196,0,3,0,3,1,-,0,,,field,England,2,Westpac Stadium,2018,02,New Zealand_England_2018-02-13,New Zealand,England,New Zealand
3,JJ Roy,TA Boult,AD Hales,0,0,0,0,196,0,4,0,4,1,-,0,,,field,England,2,Westpac Stadium,2018,02,New Zealand_England_2018-02-13,New Zealand,England,New Zealand
4,JJ Roy,TA Boult,AD Hales,4,0,4,4,192,4,5,0,5,1,-,0,,,field,England,2,Westpac Stadium,2018,02,New Zealand_England_2018-02-13,New Zealand,England,New Zealand
5,JJ Roy,TA Boult,AD Hales,4,0,4,8,188,8,6,0,6,1,-,0,,,field,England,2,Westpac Stadium,2018,02,New Zealand_England_2018-02-13,New Zealand,England,New Zealand
6,AD Hales,MJ Santner,JJ Roy,0,0,0,8,188,0,1,0,1,2,-,0,,,field,England,2,Westpac Stadium,2018,02,New Zealand_England_2018-02-13,New Zealand,England,New Zealand
7,AD Hales,MJ Santner,JJ Roy,1,0,1,9,187,1,2,0,2,2,-,0,,,field,England,2,Westpac Stadium,2018,02,New Zealand_England_2018-02-13,New Zealand,England,New Zealand
8,JJ Roy,MJ Santner,AD Hales,0,1,1,10,186,8,7,0,3,2,legbyes,0,,,field,England,2,Westpac Stadium,2018,02,New Zealand_England_2018-02-13,New Zealand,England,New Zealand
9,AD Hales,MJ Santner,JJ Roy,0,0,0,10,186,1,3,0,4,2,-,0,,,field,England,2,Westpac Stadium,2018,02,New Zealand_England_2018-02-13,New Zealand,England,New Zealand
10,AD Hales,MJ Santner,JJ Roy,4,0,4,14,182,5,4,0,5,2,-,0,,,field,England,2,Westpac Stadium,2018,02,New Zealand_England_2018-02-13,New Zealand,England,New Zealand
11,AD Hales,MJ Santner,JJ Roy,0,0,0,14,182,5,5,0,6,2,-,0,,,field,England,2,Westpac Stadium,2018,02,New Zealand_England_2018-02-13,New Zealand,England,New Zealand
12,JJ Roy,TG Southee,AD Hales,0,0,0,14,182,8,8,1,1,3,-,caught,JJ Roy,TA Boult,field,England,2,Westpac Stadium,2018,02,New Zealand_England_2018-02-13,New Zealand,England,New Zealand
13,DJ Malan,TG Southee,AD Hales,0,0,0,14,182,0,1,1,2,3,-,0,,,field,England,2,Westpac Stadium,2018,02,New Zealand_England_2018-02-13,New Zealand,England,New Zealand
14,DJ Malan,TG Southee,AD Hales,0,0,0,14,182,0,2,1,3,3,-,0,,,field,England,2,Westpac Stadium,2018,02,New Zealand_England_2018-02-13,New Zealand,England,New Zealand
15,DJ Malan,TG Southee,AD Hales,1,0,1,15,181,1,3,1,4,3,-,0,,,field,England,2,Westpac Stadium,2018,02,New Zealand_England_2018-02-13,New Zealand,England,New Zealand
16,AD Hales,TG Southee,DJ Malan,4,0,4,19,177,9,6,1,5,3,-,0,,,field,England,2,Westpac Stadium,2018,02,New Zealand_England_2018-02-13,New Zealand,England,New Zealand
17,AD Hales,TG Southee,DJ Malan,4,0,4,23,173,13,7,1,6,3,-,0,,,field,England,2,Westpac Stadium,2018,02,New Zealand_England_2018-02-13,New Zealand,England,New Zealand
18,DJ Malan,MJ Santner,AD Hales,1,0,1,24,172,2,4,1,1,4,-,0,,,field,England,2,Westpac Stadium,2018,02,New Zealand_England_2018-02-13,New Zealand,England,New Zealand
19,AD Hales,MJ Santner,DJ Malan,0,0,0,24,172,13,8,1,2,4,-,0,,,field,England,2,Westpac Stadium,2018,02,New Zealand_England_2018-02-13,New Zealand,England,New Zealand
20,AD Hales,MJ Santner,DJ Malan,4,0,4,28,168,17,9,1,3,4,-,0,,,field,England,2,Westpac Stadium,2018,02,New Zealand_England_2018-02-13,New Zealand,England,New Zealand
21,AD Hales,MJ Santner,DJ Malan,2,0,2,30,166,19,10,1,4,4,-,0,,,field,England,2,Westpac Stadium,2018,02,New Zealand_England_2018-02-13,New Zealand,England,New Zealand
22,AD Hales,MJ Santner,DJ Malan,0,1,1,31,165,19,11,1,5,4,legbyes,0,,,field,England,2,Westpac Stadium,2018,02,New Zealand_England_2018-02-13,New Zealand,England,New Zealand
23,DJ Malan,MJ Santner,AD Hales,0,0,0,31,165,2,5,1,6,4,-,0,,,field,England,2,Westpac Stadium,2018,02,New Zealand_England_2018-02-13,New Zealand,England,New Zealand
24,AD Hales,TA Boult,DJ Malan,6,0,6,37,159,25,12,1,1,5,-,0,,,field,England,2,Westpac Stadium,2018,02,New Zealand_England_2018-02-13,New Zealand,England,New Zealand
25,AD Hales,TA Boult,DJ Malan,0,0,0,37,159,25,13,1,2,5,-,0,,,field,England,2,Westpac Stadium,2018,02,New Zealand_England_2018-02-13,New Zealand,England,New Zealand
26,AD Hales,TA Boult,DJ Malan,0,0,0,37,159,25,14,1,3,5,-,0,,,field,England,2,Westpac Stadium,2018,02,New Zealand_England_2018-02-13,New Zealand,England,New Zealand
27,AD Hales,TA Boult,DJ Malan,4,0,4,41,155,29,15,1,4,5,-,0,,,field,England,2,Westpac Stadium,2018,02,New Zealand_England_2018-02-13,New Zealand,England,New Zealand
28,AD Hales,TA Boult,DJ Malan,6,0,6,47,149,35,16,1,5,5,-,0,,,field,England,2,Westpac Stadium,2018,02,New Zealand_England_2018-02-13,New Zealand,England,New Zealand
29,AD Hales,TA Boult,DJ Malan,4,0,4,51,145,39,17,1,6,5,-,0,,,field,England,2,Westpac Stadium,2018,02,New Zealand_England_2018-02-13,New Zealand,England,New Zealand
30,DJ Malan,TG Southee,AD Hales,0,0,0,51,145,2,6,1,1,6,-,0,,,field,England,2,Westpac Stadium,2018,02,New Zealand_England_2018-02-13,New Zealand,England,New Zealand
31,DJ Malan,TG Southee,AD Hales,0,0,0,51,145,2,7,1,2,6,-,0,,,field,England,2,Westpac Stadium,2018,02,New Zealand_England_2018-02-13,New Zealand,England,New Zealand
32,DJ Malan,TG Southee,AD Hales,1,0,1,52,144,3,8,1,3,6,-,0,,,field,England,2,Westpac Stadium,2018,02,New Zealand_England_2018-02-13,New Zealand,England,New Zealand
33,AD Hales,TG Southee,DJ Malan,1,0,1,53,143,40,18,1,4,6,-,0,,,field,England,2,Westpac Stadium,2018,02,New Zealand_England_2018-02-13,New Zealand,England,New Zealand
34,DJ Malan,TG Southee,AD Hales,4,0,4,57,139,7,9,1,5,6,-,0,,,field,England,2,Westpac Stadium,2018,02,New Zealand_England_2018-02-13,New Zealand,England,New Zealand
35,DJ Malan,TG Southee,AD Hales,3,0,3,60,136,10,10,1,6,6,-,0,,,field,England,2,Westpac Stadium,2018,02,New Zealand_England_2018-02-13,New Zealand,England,New Zealand
36,DJ Malan,IS Sodhi,AD Hales,0,0,0,60,136,10,11,1,1,7,-,0,,,field,England,2,Westpac Stadium,2018,02,New Zealand_England_2018-02-13,New Zealand,England,New Zealand
37,DJ Malan,IS Sodhi,AD Hales,0,0,0,60,136,10,12,1,2,7,-,0,,,field,England,2,Westpac Stadium,2018,02,New Zealand_England_2018-02-13,New Zealand,England,New Zealand
38,DJ Malan,IS Sodhi,AD Hales,4,0,4,64,132,14,13,1,3,7,-,0,,,field,England,2,Westpac Stadium,2018,02,New Zealand_England_2018-02-13,New Zealand,England,New Zealand
39,DJ Malan,IS Sodhi,AD Hales,1,0,1,65,131,15,14,1,4,7,-,0,,,field,England,2,Westpac Stadium,2018,02,New Zealand_England_2018-02-13,New Zealand,England,New Zealand
40,AD Hales,IS Sodhi,DJ Malan,0,0,0,65,131,40,19,1,5,7,-,0,,,field,England,2,Westpac Stadium,2018,02,New Zealand_England_2018-02-13,New Zealand,England,New Zealand
41,AD Hales,IS Sodhi,DJ Malan,6,0,6,71,125,46,20,1,6,7,-,0,,,field,England,2,Westpac Stadium,2018,02,New Zealand_England_2018-02-13,New Zealand,England,New Zealand
42,DJ Malan,C Munro,AD Hales,1,0,1,72,124,16,15,1,1,8,-,0,,,field,England,2,Westpac Stadium,2018,02,New Zealand_England_2018-02-13,New Zealand,England,New Zealand
43,AD Hales,C Munro,DJ Malan,0,0,0,72,124,46,21,1,2,8,-,0,,,field,England,2,Westpac Stadium,2018,02,New Zealand_England_2018-02-13,New Zealand,England,New Zealand
44,AD Hales,C Munro,DJ Malan,0,0,0,72,124,46,22,1,3,8,-,0,,,field,England,2,Westpac Stadium,2018,02,New Zealand_England_2018-02-13,New Zealand,England,New Zealand
45,AD Hales,C Munro,DJ Malan,1,0,1,73,123,47,23,1,4,8,-,0,,,field,England,2,Westpac Stadium,2018,02,New Zealand_England_2018-02-13,New Zealand,England,New Zealand
46,DJ Malan,C Munro,AD Hales,0,0,0,73,123,16,16,1,5,8,-,0,,,field,England,2,Westpac Stadium,2018,02,New Zealand_England_2018-02-13,New Zealand,England,New Zealand
47,DJ Malan,C Munro,AD Hales,1,0,1,74,122,17,17,1,6,8,-,0,,,field,England,2,Westpac Stadium,2018,02,New Zealand_England_2018-02-13,New Zealand,England,New Zealand
48,DJ Malan,IS Sodhi,AD Hales,4,0,4,78,118,21,18,1,1,9,-,0,,,field,England,2,Westpac Stadium,2018,02,New Zealand_England_2018-02-13,New Zealand,England,New Zealand
49,DJ Malan,IS Sodhi,AD Hales,1,0,1,79,117,22,19,1,2,9,-,0,,,field,England,2,Westpac Stadium,2018,02,New Zealand_England_2018-02-13,New Zealand,England,New Zealand
50,AD Hales,IS Sodhi,DJ Malan,0,0,0,79,117,47,24,2,3,9,-,caught,AD Hales,C de Grandhomme,field,England,2,Westpac Stadium,2018,02,New Zealand_England_2018-02-13,New Zealand,England,New Zealand
51,JM Vince,IS Sodhi,DJ Malan,0,0,0,79,117,0,1,2,4,9,-,0,,,field,England,2,Westpac Stadium,2018,02,New Zealand_England_2018-02-13,New Zealand,England,New Zealand
52,JM Vince,IS Sodhi,DJ Malan,2,0,2,81,115,2,2,2,5,9,-,0,,,field,England,2,Westpac Stadium,2018,02,New Zealand_England_2018-02-13,New Zealand,England,New Zealand
53,JM Vince,IS Sodhi,DJ Malan,1,0,1,82,114,3,3,2,6,9,-,0,,,field,England,2,Westpac Stadium,2018,02,New Zealand_England_2018-02-13,New Zealand,England,New Zealand
54,JM Vince,C Munro,DJ Malan,0,0,0,82,114,3,4,2,1,10,-,0,,,field,England,2,Westpac Stadium,2018,02,New Zealand_England_2018-02-13,New Zealand,England,New Zealand
55,JM Vince,C Munro,DJ Malan,6,0,6,88,108,9,5,2,2,10,-,0,,,field,England,2,Westpac Stadium,2018,02,New Zealand_England_2018-02-13,New Zealand,England,New Zealand
56,JM Vince,C Munro,DJ Malan,1,0,1,89,107,10,6,2,3,10,-,0,,,field,England,2,Westpac Stadium,2018,02,New Zealand_England_2018-02-13,New Zealand,England,New Zealand
57,DJ Malan,C Munro,JM Vince,0,0,0,89,107,22,20,2,4,10,-,0,,,field,England,2,Westpac Stadium,2018,02,New Zealand_England_2018-02-13,New Zealand,England,New Zealand
58,DJ Malan,C Munro,JM Vince,0,0,0,89,107,22,21,2,5,10,-,0,,,field,England,2,Westpac Stadium,2018,02,New Zealand_England_2018-02-13,New Zealand,England,New Zealand
59,DJ Malan,C Munro,JM Vince,1,0,1,90,106,23,22,2,6,10,-,0,,,field,England,2,Westpac Stadium,2018,02,New Zealand_England_2018-02-13,New Zealand,England,New Zealand
60,DJ Malan,C de Grandhomme,JM Vince,0,0,0,90,106,23,23,2,1,11,-,0,,,field,England,2,Westpac Stadium,2018,02,New Zealand_England_2018-02-13,New Zealand,England,New Zealand
61,DJ Malan,C de Grandhomme,JM Vince,4,0,4,94,102,27,24,2,2,11,-,0,,,field,England,2,Westpac Stadium,2018,02,New Zealand_England_2018-02-13,New Zealand,England,New Zealand
62,DJ Malan,C de Grandhomme,JM Vince,1,0,1,95,101,28,25,2,3,11,-,0,,,field,England,2,Westpac Stadium,2018,02,New Zealand_England_2018-02-13,New Zealand,England,New Zealand
63,JM Vince,C de Grandhomme,DJ Malan,0,0,0,95,101,10,7,3,4,11,-,run out,JM Vince,,field,England,2,Westpac Stadium,2018,02,New Zealand_England_2018-02-13,New Zealand,England,New Zealand
64,DJ Malan,C de Grandhomme,JC Buttler,1,0,1,96,100,29,26,3,5,11,-,0,,,field,England,2,Westpac Stadium,2018,02,New Zealand_England_2018-02-13,New Zealand,England,New Zealand
65,JC Buttler,C de Grandhomme,DJ Malan,1,0,1,97,99,1,1,3,6,11,-,0,,,field,England,2,Westpac Stadium,2018,02,New Zealand_England_2018-02-13,New Zealand,England,New Zealand
66,JC Buttler,IS Sodhi,DJ Malan,0,0,0,97,99,1,2,3,1,12,-,0,,,field,England,2,Westpac Stadium,2018,02,New Zealand_England_2018-02-13,New Zealand,England,New Zealand
67,JC Buttler,IS Sodhi,DJ Malan,1,0,1,98,98,2,3,3,2,12,-,0,,,field,England,2,Westpac Stadium,2018,02,New Zealand_England_2018-02-13,New Zealand,England,New Zealand
68,DJ Malan,IS Sodhi,JC Buttler,6,0,6,104,92,35,27,3,3,12,-,0,,,field,England,2,Westpac Stadium,2018,02,New Zealand_England_2018-02-13,New Zealand,England,New Zealand
69,DJ Malan,IS Sodhi,JC Buttler,4,0,4,108,88,39,28,3,4,12,-,0,,,field,England,2,Westpac Stadium,2018,02,New Zealand_England_2018-02-13,New Zealand,England,New Zealand
70,DJ Malan,IS Sodhi,JC Buttler,1,0,1,109,87,40,29,3,5,12,-,0,,,field,England,2,Westpac Stadium,2018,02,New Zealand_England_2018-02-13,New Zealand,England,New Zealand
71,JC Buttler,IS Sodhi,DJ Malan,0,0,0,109,87,2,4,4,6,12,-,caught,JC Buttler,TG Southee,field,England,2,Westpac Stadium,2018,02,New Zealand_England_2018-02-13,New Zealand,England,New Zealand
72,SW Billings,C de Grandhomme,DJ Malan,1,0,1,110,86,1,1,4,1,13,-,0,,,field,England,2,Westpac Stadium,2018,02,New Zealand_England_2018-02-13,New Zealand,England,New Zealand
73,DJ Malan,C de Grandhomme,SW Billings,1,0,1,111,85,41,30,4,2,13,-,0,,,field,England,2,Westpac Stadium,2018,02,New Zealand_England_2018-02-13,New Zealand,England,New Zealand
74,SW Billings,C de Grandhomme,DJ Malan,0,0,0,111,85,1,2,4,3,13,-,0,,,field,England,2,Westpac Stadium,2018,02,New Zealand_England_2018-02-13,New Zealand,England,New Zealand
75,SW Billings,C de Grandhomme,DJ Malan,1,0,1,112,84,2,3,4,4,13,-,0,,,field,England,2,Westpac Stadium,2018,02,New Zealand_England_2018-02-13,New Zealand,England,New Zealand
76,DJ Malan,C de Grandhomme,SW Billings,4,0,4,116,80,45,31,4,5,13,-,0,,,field,England,2,Westpac Stadium,2018,02,New Zealand_England_2018-02-13,New Zealand,England,New Zealand
77,DJ Malan,C de Grandhomme,SW Billings,1,0,1,117,79,46,32,4,6,13,-,0,,,field,England,2,Westpac Stadium,2018,02,New Zealand_England_2018-02-13,New Zealand,England,New Zealand
78,DJ Malan,TG Southee,SW Billings,0,0,0,117,79,46,33,4,1,14,-,0,,,field,England,2,Westpac Stadium,2018,02,New Zealand_England_2018-02-13,New Zealand,England,New Zealand
79,DJ Malan,TG Southee,SW Billings,1,0,1,118,78,47,34,4,2,14,-,0,,,field,England,2,Westpac Stadium,2018,02,New Zealand_England_2018-02-13,New Zealand,England,New Zealand
80,SW Billings,TG Southee,DJ Malan,2,0,2,120,76,4,4,4,3,14,-,0,,,field,England,2,Westpac Stadium,2018,02,New Zealand_England_2018-02-13,New Zealand,England,New Zealand
81,SW Billings,TG Southee,DJ Malan,0,0,0,120,76,4,5,4,4,14,-,0,,,field,England,2,Westpac Stadium,2018,02,New Zealand_England_2018-02-13,New Zealand,England,New Zealand
82,SW Billings,TG Southee,DJ Malan,4,0,4,124,72,8,6,4,5,14,-,0,,,field,England,2,Westpac Stadium,2018,02,New Zealand_England_2018-02-13,New Zealand,England,New Zealand
83,SW Billings,TG Southee,DJ Malan,1,0,1,125,71,9,7,4,6,14,-,0,,,field,England,2,Westpac Stadium,2018,02,New Zealand_England_2018-02-13,New Zealand,England,New Zealand
84,SW Billings,MJ Santner,DJ Malan,0,0,0,125,71,9,8,4,1,15,-,0,,,field,England,2,Westpac Stadium,2018,02,New Zealand_England_2018-02-13,New Zealand,England,New Zealand
85,SW Billings,MJ Santner,DJ Malan,1,0,1,126,70,10,9,4,2,15,-,0,,,field,England,2,Westpac Stadium,2018,02,New Zealand_England_2018-02-13,New Zealand,England,New Zealand
86,DJ Malan,MJ Santner,SW Billings,1,0,1,127,69,48,35,4,3,15,-,0,,,field,England,2,Westpac Stadium,2018,02,New Zealand_England_2018-02-13,New Zealand,England,New Zealand
87,SW Billings,MJ Santner,DJ Malan,2,0,2,129,67,12,10,4,4,15,-,0,,,field,England,2,Westpac Stadium,2018,02,New Zealand_England_2018-02-13,New Zealand,England,New Zealand
88,SW Billings,MJ Santner,DJ Malan,0,0,0,129,67,12,11,5,5,15,-,caught,SW Billings,IS Sodhi,field,England,2,Westpac Stadium,2018,02,New Zealand_England_2018-02-13,New Zealand,England,New Zealand
89,DJ Malan,MJ Santner,DJ Willey,2,0,2,131,65,50,36,5,6,15,-,0,,,field,England,2,Westpac Stadium,2018,02,New Zealand_England_2018-02-13,New Zealand,England,New Zealand
90,DJ Willey,IS Sodhi,DJ Malan,6,0,6,137,59,6,1,5,1,16,-,0,,,field,England,2,Westpac Stadium,2018,02,New Zealand_England_2018-02-13,New Zealand,England,New Zealand
91,DJ Willey,IS Sodhi,DJ Malan,1,0,1,138,58,7,2,5,2,16,-,0,,,field,England,2,Westpac Stadium,2018,02,New Zealand_England_2018-02-13,New Zealand,England,New Zealand
92,DJ Malan,IS Sodhi,DJ Willey,1,0,1,139,57,51,37,5,3,16,-,0,,,field,England,2,Westpac Stadium,2018,02,New Zealand_England_2018-02-13,New Zealand,England,New Zealand
93,DJ Willey,IS Sodhi,DJ Malan,2,0,2,141,55,9,3,5,4,16,-,0,,,field,England,2,Westpac Stadium,2018,02,New Zealand_England_2018-02-13,New Zealand,England,New Zealand
94,DJ Willey,IS Sodhi,DJ Malan,2,0,2,143,53,11,4,5,5,16,-,0,,,field,England,2,Westpac Stadium,2018,02,New Zealand_England_2018-02-13,New Zealand,England,New Zealand
95,DJ Willey,IS Sodhi,DJ Malan,6,0,6,149,47,17,5,5,6,16,-,0,,,field,England,2,Westpac Stadium,2018,02,New Zealand_England_2018-02-13,New Zealand,England,New Zealand
96,DJ Malan,MJ Santner,DJ Willey,2,0,2,151,45,53,38,5,1,17,-,0,,,field,England,2,Westpac Stadium,2018,02,New Zealand_England_2018-02-13,New Zealand,England,New Zealand
97,DJ Malan,MJ Santner,DJ Willey,0,1,1,152,44,53,39,5,2,17,wides,0,,,field,England,2,Westpac Stadium,2018,02,New Zealand_England_2018-02-13,New Zealand,England,New Zealand
98,DJ Malan,MJ Santner,DJ Willey,6,0,6,158,38,59,40,5,3,17,-,0,,,field,England,2,Westpac Stadium,2018,02,New Zealand_England_2018-02-13,New Zealand,England,New Zealand
99,DJ Malan,MJ Santner,DJ Willey,0,0,0,158,38,59,41,6,4,17,-,caught,DJ Malan,TA Boult,field,England,2,Westpac Stadium,2018,02,New Zealand_England_2018-02-13,New Zealand,England,New Zealand
100,DJ Willey,MJ Santner,CJ Jordan,1,0,1,159,37,18,6,6,5,17,-,0,,,field,England,2,Westpac Stadium,2018,02,New Zealand_England_2018-02-13,New Zealand,England,New Zealand
101,CJ Jordan,MJ Santner,DJ Willey,0,0,0,159,37,0,1,6,6,17,-,0,,,field,England,2,Westpac Stadium,2018,02,New Zealand_England_2018-02-13,New Zealand,England,New Zealand
102,CJ Jordan,MJ Santner,DJ Willey,1,0,1,160,36,1,2,6,7,17,-,0,,,field,England,2,Westpac Stadium,2018,02,New Zealand_England_2018-02-13,New Zealand,England,New Zealand
103,CJ Jordan,TA Boult,DJ Willey,0,2,2,162,34,1,3,6,1,18,byes,0,,,field,England,2,Westpac Stadium,2018,02,New Zealand_England_2018-02-13,New Zealand,England,New Zealand
104,CJ Jordan,TA Boult,DJ Willey,1,0,1,163,33,2,4,6,2,18,-,0,,,field,England,2,Westpac Stadium,2018,02,New Zealand_England_2018-02-13,New Zealand,England,New Zealand
105,DJ Willey,TA Boult,CJ Jordan,1,0,1,164,32,19,7,6,3,18,-,0,,,field,England,2,Westpac Stadium,2018,02,New Zealand_England_2018-02-13,New Zealand,England,New Zealand
106,CJ Jordan,TA Boult,DJ Willey,4,0,4,168,28,6,5,6,4,18,-,0,,,field,England,2,Westpac Stadium,2018,02,New Zealand_England_2018-02-13,New Zealand,England,New Zealand
107,CJ Jordan,TA Boult,DJ Willey,0,0,0,168,28,6,6,7,5,18,-,bowled,CJ Jordan,,field,England,2,Westpac Stadium,2018,02,New Zealand_England_2018-02-13,New Zealand,England,New Zealand
108,LE Plunkett,TA Boult,DJ Willey,0,0,0,168,28,0,1,8,6,18,-,bowled,LE Plunkett,,field,England,2,Westpac Stadium,2018,02,New Zealand_England_2018-02-13,New Zealand,England,New Zealand
109,DJ Willey,TG Southee,AU Rashid,1,0,1,169,27,20,8,8,1,19,-,0,,,field,England,2,Westpac Stadium,2018,02,New Zealand_England_2018-02-13,New Zealand,England,New Zealand
110,AU Rashid,TG Southee,DJ Willey,0,1,1,170,26,0,1,8,2,19,wides,0,,,field,England,2,Westpac Stadium,2018,02,New Zealand_England_2018-02-13,New Zealand,England,New Zealand
111,AU Rashid,TG Southee,DJ Willey,0,0,0,170,26,0,2,8,3,19,-,0,,,field,England,2,Westpac Stadium,2018,02,New Zealand_England_2018-02-13,New Zealand,England,New Zealand
112,AU Rashid,TG Southee,DJ Willey,1,0,1,171,25,1,3,8,4,19,-,0,,,field,England,2,Westpac Stadium,2018,02,New Zealand_England_2018-02-13,New Zealand,England,New Zealand
113,DJ Willey,TG Southee,AU Rashid,0,0,0,171,25,20,9,8,5,19,-,0,,,field,England,2,Westpac Stadium,2018,02,New Zealand_England_2018-02-13,New Zealand,England,New Zealand
114,DJ Willey,TG Southee,AU Rashid,1,0,1,172,24,21,10,8,6,19,-,0,,,field,England,2,Westpac Stadium,2018,02,New Zealand_England_2018-02-13,New Zealand,England,New Zealand
115,AU Rashid,TG Southee,DJ Willey,0,0,0,172,24,1,4,9,7,19,-,run out,DJ Willey,,field,England,2,Westpac Stadium,2018,02,New Zealand_England_2018-02-13,New Zealand,England,New Zealand
116,AU Rashid,TA Boult,MA Wood,2,0,2,174,22,3,5,9,1,20,-,0,,,field,England,2,Westpac Stadium,2018,02,New Zealand_England_2018-02-13,New Zealand,England,New Zealand
117,AU Rashid,TA Boult,MA Wood,1,0,1,175,21,4,6,9,2,20,-,0,,,field,England,2,Westpac Stadium,2018,02,New Zealand_England_2018-02-13,New Zealand,England,New Zealand
118,MA Wood,TA Boult,AU Rashid,4,0,4,179,17,4,1,9,3,20,-,0,,,field,England,2,Westpac Stadium,2018,02,New Zealand_England_2018-02-13,New Zealand,England,New Zealand
119,MA Wood,TA Boult,AU Rashid,0,0,0,179,17,4,2,9,4,20,-,0,,,field,England,2,Westpac Stadium,2018,02,New Zealand_England_2018-02-13,New Zealand,England,New Zealand
120,MA Wood,TA Boult,AU Rashid,1,0,1,180,16,5,3,9,5,20,-,0,,,field,England,2,Westpac Stadium,2018,02,New Zealand_England_2018-02-13,New Zealand,England,New Zealand
121,AU Rashid,TA Boult,MA Wood,4,0,4,184,12,8,7,9,6,20,-,0,,,field,England,2,Westpac Stadium,2018,02,New Zealand_England_2018-02-13,New Zealand,England,New Zealand
