,batter,bowler,non_striker,review,runs_by_bat,extra_runs,total_runs_delivery,current_team_total,runs_remain,batter_runs,balls_faced,wickets_fallen,delivery,over,wicket_type,player_out,fielder,extra_type,toss_decision,toss_winner,innings,venue,year,month,match_id,winning_team,batting_team,bowling_team,won,final_team_total
0,S Dhawan,CH Morris,RG Sharma,"{'by': 'India', 'batter': 'S Dhawan', 'decision': 'upheld'}",0,0,0,0,,0,1,0,1,0,0,,,-,field,South Africa,1,SuperSport Park,2018,02,India_South Africa_2018-02-21,South Africa,India,South Africa,False,188
1,S Dhawan,CH Morris,RG Sharma,,0,0,0,0,,0,2,0,2,0,0,,,-,field,South Africa,1,SuperSport Park,2018,02,India_South Africa_2018-02-21,South Africa,India,South Africa,False,188
2,S Dhawan,CH Morris,RG Sharma,,0,0,0,0,,0,3,0,3,0,0,,,-,field,South Africa,1,SuperSport Park,2018,02,India_South Africa_2018-02-21,South Africa,India,South Africa,False,188
3,S Dhawan,CH Morris,RG Sharma,,0,0,0,0,,0,4,0,4,0,0,,,-,field,South Africa,1,SuperSport Park,2018,02,India_South Africa_2018-02-21,South Africa,India,South Africa,False,188
4,S Dhawan,CH Morris,RG Sharma,,0,0,0,0,,0,5,0,5,0,0,,,-,field,South Africa,1,SuperSport Park,2018,02,India_South Africa_2018-02-21,South Africa,India,South Africa,False,188
5,S Dhawan,CH Morris,RG Sharma,,0,0,0,0,,0,6,0,6,0,0,,,-,field,South Africa,1,SuperSport Park,2018,02,India_South Africa_2018-02-21,South Africa,India,South Africa,False,188
6,RG Sharma,CJ Dala,S Dhawan,,0,0,0,0,,0,1,1,1,1,lbw,RG Sharma,,-,field,South Africa,1,SuperSport Park,2018,02,India_South Africa_2018-02-21,South Africa,India,South Africa,False,188
7,SK Raina,CJ Dala,S Dhawan,,0,0,0,0,,0,1,1,2,1,0,,,-,field,South Africa,1,SuperSport Park,2018,02,India_South Africa_2018-02-21,South Africa,India,South Africa,False,188
8,SK Raina,CJ Dala,S Dhawan,,2,0,2,2,,2,2,1,3,1,0,,,-,field,South Africa,1,SuperSport Park,2018,02,India_South Africa_2018-02-21,South Africa,India,South Africa,False,188
9,SK Raina,CJ Dala,S Dhawan,,4,0,4,6,,6,3,1,4,1,0,,,-,field,South Africa,1,SuperSport Park,2018,02,India_South Africa_2018-02-21,South Africa,India,South Africa,False,188
10,SK Raina,CJ Dala,S Dhawan,,0,0,0,6,,6,4,1,5,1,0,,,-,field,South Africa,1,SuperSport Park,2018,02,India_South Africa_2018-02-21,South Africa,India,South Africa,False,188
11,SK Raina,CJ Dala,S Dhawan,,2,0,2,8,,8,5,1,6,1,0,,,-,field,South Africa,1,SuperSport Park,2018,02,India_South Africa_2018-02-21,South Africa,India,South Africa,False,188
12,S Dhawan,CH Morris,SK Raina,,4,0,4,12,,4,7,1,1,2,0,,,-,field,South Africa,1,SuperSport Park,2018,02,India_South Africa_2018-02-21,South Africa,India,South Africa,False,188
13,S Dhawan,CH Morris,SK Raina,,6,0,6,18,,10,8,1,2,2,0,,,-,field,South Africa,1,SuperSport Park,2018,02,India_South Africa_2018-02-21,South Africa,India,South Africa,False,188
14,S Dhawan,CH Morris,SK Raina,,4,0,4,22,,14,9,1,3,2,0,,,-,field,South Africa,1,SuperSport Park,2018,02,India_South Africa_2018-02-21,South Africa,India,South Africa,False,188
15,S Dhawan,CH Morris,SK Raina,,0,0,0,22,,14,10,1,4,2,0,,,-,field,South Africa,1,SuperSport Park,2018,02,India_South Africa_2018-02-21,South Africa,India,South Africa,False,188
16,S Dhawan,CH Morris,SK Raina,,6,0,6,28,,20,11,1,5,2,0,,,-,field,South Africa,1,SuperSport Park,2018,02,India_South Africa_2018-02-21,South Africa,India,South Africa,False,188
17,S Dhawan,CH Morris,SK Raina,,0,0,0,28,,20,12,1,6,2,0,,,-,field,South Africa,1,SuperSport Park,2018,02,India_South Africa_2018-02-21,South Africa,India,South Africa,False,188
18,SK Raina,D Paterson,S Dhawan,,0,0,0,28,,8,6,1,1,3,0,,,-,field,South Africa,1,SuperSport Park,2018,02,India_South Africa_2018-02-21,South Africa,India,South Africa,False,188
19,SK Raina,D Paterson,S Dhawan,,0,0,0,28,,8,7,1,2,3,0,,,-,field,South Africa,1,SuperSport Park,2018,02,India_South Africa_2018-02-21,South Africa,India,South Africa,False,188
20,SK Raina,D Paterson,S Dhawan,,4,0,4,32,,12,8,1,3,3,0,,,-,field,South Africa,1,SuperSport Park,2018,02,India_South Africa_2018-02-21,South Africa,India,South Africa,False,188
21,SK Raina,D Paterson,S Dhawan,,0,0,0,32,,12,9,1,4,3,0,,,-,field,South Africa,1,SuperSport Park,2018,02,India_South Africa_2018-02-21,South Africa,India,South Africa,False,188
22,SK Raina,D Paterson,S Dhawan,,4,0,4,36,,16,10,1,5,3,0,,,-,field,South Africa,1,SuperSport Park,2018,02,India_South Africa_2018-02-21,South Africa,India,South Africa,False,188
23,SK Raina,D Paterson,S Dhawan,,4,0,4,40,,20,11,1,6,3,0,,,-,field,South Africa,1,SuperSport Park,2018,02,India_South Africa_2018-02-21,South Africa,India,South Africa,False,188
24,S Dhawan,JP Duminy,SK Raina,,4,0,4,44,,24,13,1,1,4,0,,,-,field,South Africa,1,SuperSport Park,2018,02,India_South Africa_2018-02-21,South Africa,India,South Africa,False,188
25,S Dhawan,JP Duminy,SK Raina,,0,0,0,44,,24,14,2,2,4,caught,S Dhawan,F Behardien,-,field,South Africa,1,SuperSport Park,2018,02,India_South Africa_2018-02-21,South Africa,India,South Africa,False,188
26,V Kohli,JP Duminy,SK Raina,,0,0,0,44,,0,1,2,3,4,0,,,-,field,South Africa,1,SuperSport Park,2018,02,India_South Africa_2018-02-21,South Africa,India,South Africa,False,188
27,V Kohli,JP Duminy,SK Raina,,1,0,1,45,,1,2,2,4,4,0,,,-,field,South Africa,1,SuperSport Park,2018,02,India_South Africa_2018-02-21,South Africa,India,South Africa,False,188
28,SK Raina,JP Duminy,V Kohli,,0,0,0,45,,20,12,2,5,4,0,,,-,field,South Africa,1,SuperSport Park,2018,02,India_South Africa_2018-02-21,South Africa,India,South Africa,False,188
29,SK Raina,JP Duminy,V Kohli,,0,0,0,45,,20,13,2,6,4,0,,,-,field,South Africa,1,SuperSport Park,2018,02,India_South Africa_2018-02-21,South Africa,India,South Africa,False,188
30,V Kohli,CJ Dala,SK Raina,,0,0,0,45,,1,3,2,1,5,0,,,-,field,South Africa,1,SuperSport Park,2018,02,India_South Africa_2018-02-21,South Africa,India,South Africa,False,188
31,V Kohli,CJ Dala,SK Raina,,0,0,0,45,,1,4,2,2,5,0,,,-,field,South Africa,1,SuperSport Park,2018,02,India_South Africa_2018-02-21,South Africa,India,South Africa,False,188
32,V Kohli,CJ Dala,SK Raina,,0,0,0,45,,1,5,3,3,5,caught,V Kohli,H Klaasen,-,field,South Africa,1,SuperSport Park,2018,02,India_South Africa_2018-02-21,South Africa,India,South Africa,False,188
33,MK Pandey,CJ Dala,SK Raina,,0,0,0,45,,0,1,3,4,5,0,,,-,field,South Africa,1,SuperSport Park,2018,02,India_South Africa_2018-02-21,South Africa,India,South Africa,False,188
34,MK Pandey,CJ Dala,SK Raina,,0,0,0,45,,0,2,3,5,5,0,,,-,field,South Africa,1,SuperSport Park,2018,02,India_South Africa_2018-02-21,South Africa,India,South Africa,False,188
35,MK Pandey,CJ Dala,SK Raina,,0,0,0,45,,0,3,3,6,5,0,,,-,field,South Africa,1,SuperSport Park,2018,02,India_South Africa_2018-02-21,South Africa,India,South Africa,False,188
36,SK Raina,JP Duminy,MK Pandey,,1,0,1,46,,21,14,3,1,6,0,,,-,field,South Africa,1,SuperSport Park,2018,02,India_South Africa_2018-02-21,South Africa,India,South Africa,False,188
37,MK Pandey,JP Duminy,SK Raina,,1,0,1,47,,1,4,3,2,6,0,,,-,field,South Africa,1,SuperSport Park,2018,02,India_South Africa_2018-02-21,South Africa,India,South Africa,False,188
38,SK Raina,JP Duminy,MK Pandey,,1,0,1,48,,22,15,3,3,6,0,,,-,field,South Africa,1,SuperSport Park,2018,02,India_South Africa_2018-02-21,South Africa,India,South Africa,False,188
39,MK Pandey,JP Duminy,SK Raina,,1,0,1,49,,2,5,3,4,6,0,,,-,field,South Africa,1,SuperSport Park,2018,02,India_South Africa_2018-02-21,South Africa,India,South Africa,False,188
40,SK Raina,JP Duminy,MK Pandey,,1,0,1,50,,23,16,3,5,6,0,,,-,field,South Africa,1,SuperSport Park,2018,02,India_South Africa_2018-02-21,South Africa,India,South Africa,False,188
41,MK Pandey,JP Duminy,SK Raina,,0,1,1,51,,2,6,3,6,6,0,,,wides,field,South Africa,1,SuperSport Park,2018,02,India_South Africa_2018-02-21,South Africa,India,South Africa,False,188
42,MK Pandey,JP Duminy,SK Raina,,2,0,2,53,,4,7,3,7,6,0,,,-,field,South Africa,1,SuperSport Park,2018,02,India_South Africa_2018-02-21,South Africa,India,South Africa,False,188
43,SK Raina,T Shamsi,MK Pandey,,1,0,1,54,,24,17,3,1,7,0,,,-,field,South Africa,1,SuperSport Park,2018,02,India_South Africa_2018-02-21,South Africa,India,South Africa,False,188
44,MK Pandey,T Shamsi,SK Raina,,2,0,2,56,,6,8,3,2,7,0,,,-,field,South Africa,1,SuperSport Park,2018,02,India_South Africa_2018-02-21,South Africa,India,South Africa,False,188
45,MK Pandey,T Shamsi,SK Raina,,1,0,1,57,,7,9,3,3,7,0,,,-,field,South Africa,1,SuperSport Park,2018,02,India_South Africa_2018-02-21,South Africa,India,South Africa,False,188
46,SK Raina,T Shamsi,MK Pandey,,0,0,0,57,,24,18,3,4,7,0,,,-,field,South Africa,1,SuperSport Park,2018,02,India_South Africa_2018-02-21,South Africa,India,South Africa,False,188
47,SK Raina,T Shamsi,MK Pandey,,1,0,1,58,,25,19,3,5,7,0,,,-,field,South Africa,1,SuperSport Park,2018,02,India_South Africa_2018-02-21,South Africa,India,South Africa,False,188
48,MK Pandey,T Shamsi,SK Raina,,0,0,0,58,,7,10,3,6,7,0,,,-,field,South Africa,1,SuperSport Park,2018,02,India_South Africa_2018-02-21,South Africa,India,South Africa,False,188
49,SK Raina,D Paterson,MK Pandey,,1,0,1,59,,26,20,3,1,8,0,,,-,field,South Africa,1,SuperSport Park,2018,02,India_South Africa_2018-02-21,South Africa,India,South Africa,False,188
50,MK Pandey,D Paterson,SK Raina,,0,0,0,59,,7,11,3,2,8,0,,,-,field,South Africa,1,SuperSport Park,2018,02,India_South Africa_2018-02-21,South Africa,India,South Africa,False,188
51,MK Pandey,D Paterson,SK Raina,,1,0,1,60,,8,12,3,3,8,0,,,-,field,South Africa,1,SuperSport Park,2018,02,India_South Africa_2018-02-21,South Africa,India,South Africa,False,188
52,SK Raina,D Paterson,MK Pandey,,1,0,1,61,,27,21,3,4,8,0,,,-,field,South Africa,1,SuperSport Park,2018,02,India_South Africa_2018-02-21,South Africa,India,South Africa,False,188
53,MK Pandey,D Paterson,SK Raina,,4,0,4,65,,12,13,3,5,8,0,,,-,field,South Africa,1,SuperSport Park,2018,02,India_South Africa_2018-02-21,South Africa,India,South Africa,False,188
54,MK Pandey,D Paterson,SK Raina,,1,0,1,66,,13,14,3,6,8,0,,,-,field,South Africa,1,SuperSport Park,2018,02,India_South Africa_2018-02-21,South Africa,India,South Africa,False,188
55,MK Pandey,T Shamsi,SK Raina,,4,0,4,70,,17,15,3,1,9,0,,,-,field,South Africa,1,SuperSport Park,2018,02,India_South Africa_2018-02-21,South Africa,India,South Africa,False,188
56,MK Pandey,T Shamsi,SK Raina,,2,0,2,72,,19,16,3,2,9,0,,,-,field,South Africa,1,SuperSport Park,2018,02,India_South Africa_2018-02-21,South Africa,India,South Africa,False,188
57,MK Pandey,T Shamsi,SK Raina,,0,0,0,72,,19,17,3,3,9,0,,,-,field,South Africa,1,SuperSport Park,2018,02,India_South Africa_2018-02-21,South Africa,India,South Africa,False,188
58,MK Pandey,T Shamsi,SK Raina,,6,0,6,78,,25,18,3,4,9,0,,,-,field,South Africa,1,SuperSport Park,2018,02,India_South Africa_2018-02-21,South Africa,India,South Africa,False,188
59,MK Pandey,T Shamsi,SK Raina,,6,0,6,84,,31,19,3,5,9,0,,,-,field,South Africa,1,SuperSport Park,2018,02,India_South Africa_2018-02-21,South Africa,India,South Africa,False,188
60,MK Pandey,T Shamsi,SK Raina,,1,0,1,85,,32,20,3,6,9,0,,,-,field,South Africa,1,SuperSport Park,2018,02,India_South Africa_2018-02-21,South Africa,India,South Africa,False,188
61,MK Pandey,AL Phehlukwayo,SK Raina,,1,0,1,86,,33,21,3,1,10,0,,,-,field,South Africa,1,SuperSport Park,2018,02,India_South Africa_2018-02-21,South Africa,India,South Africa,False,188
62,SK Raina,AL Phehlukwayo,MK Pandey,,0,0,0,86,,27,22,3,2,10,0,,,-,field,South Africa,1,SuperSport Park,2018,02,India_South Africa_2018-02-21,South Africa,India,South Africa,False,188
63,SK Raina,AL Phehlukwayo,MK Pandey,,4,0,4,90,,31,23,3,3,10,0,,,-,field,South Africa,1,SuperSport Park,2018,02,India_South Africa_2018-02-21,South Africa,India,South Africa,False,188
64,SK Raina,AL Phehlukwayo,MK Pandey,,0,0,0,90,,31,24,4,4,10,lbw,SK Raina,,-,field,South Africa,1,SuperSport Park,2018,02,India_South Africa_2018-02-21,South Africa,India,South Africa,False,188
65,MS Dhoni,AL Phehlukwayo,MK Pandey,,0,0,0,90,,0,1,4,5,10,0,,,-,field,South Africa,1,SuperSport Park,2018,02,India_South Africa_2018-02-21,South Africa,India,South Africa,False,188
66,MS Dhoni,AL Phehlukwayo,MK Pandey,,2,0,2,92,,2,2,4,6,10,0,,,-,field,South Africa,1,SuperSport Park,2018,02,India_South Africa_2018-02-21,South Africa,India,South Africa,False,188
67,MK Pandey,JT Smuts,MS Dhoni,,0,0,0,92,,33,22,4,1,11,0,,,-,field,South Africa,1,SuperSport Park,2018,02,India_South Africa_2018-02-21,South Africa,India,South Africa,False,188
68,MK Pandey,JT Smuts,MS Dhoni,,1,0,1,93,,34,23,4,2,11,0,,,-,field,South Africa,1,SuperSport Park,2018,02,India_South Africa_2018-02-21,South Africa,India,South Africa,False,188
69,MS Dhoni,JT Smuts,MK Pandey,,0,0,0,93,,2,3,4,3,11,0,,,-,field,South Africa,1,SuperSport Park,2018,02,India_South Africa_2018-02-21,South Africa,India,South Africa,False,188
70,MS Dhoni,JT Smuts,MK Pandey,,1,0,1,94,,3,4,4,4,11,0,,,-,field,South Africa,1,SuperSport Park,2018,02,India_South Africa_2018-02-21,South Africa,India,South Africa,False,188
71,MK Pandey,JT Smuts,MS Dhoni,,2,0,2,96,,36,24,4,5,11,0,,,-,field,South Africa,1,SuperSport Park,2018,02,India_South Africa_2018-02-21,South Africa,India,South Africa,False,188
72,MK Pandey,JT Smuts,MS Dhoni,,1,0,1,97,,37,25,4,6,11,0,,,-,field,South Africa,1,SuperSport Park,2018,02,India_South Africa_2018-02-21,South Africa,India,South Africa,False,188
73,MK Pandey,CJ Dala,MS Dhoni,,0,0,0,97,,37,26,4,1,12,0,,,-,field,South Africa,1,SuperSport Park,2018,02,India_South Africa_2018-02-21,South Africa,India,South Africa,False,188
74,MK Pandey,CJ Dala,MS Dhoni,,4,0,4,101,,41,27,4,2,12,0,,,-,field,South Africa,1,SuperSport Park,2018,02,India_South Africa_2018-02-21,South Africa,India,South Africa,False,188
75,MK Pandey,CJ Dala,MS Dhoni,,4,0,4,105,,45,28,4,3,12,0,,,-,field,South Africa,1,SuperSport Park,2018,02,India_South Africa_2018-02-21,South Africa,India,South Africa,False,188
76,MK Pandey,CJ Dala,MS Dhoni,,1,0,1,106,,46,29,4,4,12,0,,,-,field,South Africa,1,SuperSport Park,2018,02,India_South Africa_2018-02-21,South Africa,India,South Africa,False,188
77,MS Dhoni,CJ Dala,MK Pandey,,0,0,0,106,,3,5,4,5,12,0,,,-,field,South Africa,1,SuperSport Park,2018,02,India_South Africa_2018-02-21,South Africa,India,South Africa,False,188
78,MS Dhoni,CJ Dala,MK Pandey,,0,0,0,106,,3,6,4,6,12,0,,,-,field,South Africa,1,SuperSport Park,2018,02,India_South Africa_2018-02-21,South Africa,India,South Africa,False,188
79,MK Pandey,JT Smuts,MS Dhoni,,1,0,1,107,,47,30,4,1,13,0,,,-,field,South Africa,1,SuperSport Park,2018,02,India_South Africa_2018-02-21,South Africa,India,South Africa,False,188
80,MS Dhoni,JT Smuts,MK Pandey,,6,0,6,113,,9,7,4,2,13,0,,,-,field,South Africa,1,SuperSport Park,2018,02,India_South Africa_2018-02-21,South Africa,India,South Africa,False,188
81,MS Dhoni,JT Smuts,MK Pandey,,1,0,1,114,,10,8,4,3,13,0,,,-,field,South Africa,1,SuperSport Park,2018,02,India_South Africa_2018-02-21,South Africa,India,South Africa,False,188
82,MK Pandey,JT Smuts,MS Dhoni,,0,0,0,114,,47,31,4,4,13,0,,,-,field,South Africa,1,SuperSport Park,2018,02,India_South Africa_2018-02-21,South Africa,India,South Africa,False,188
83,MK Pandey,JT Smuts,MS Dhoni,,1,0,1,115,,48,32,4,5,13,0,,,-,field,South Africa,1,SuperSport Park,2018,02,India_South Africa_2018-02-21,South Africa,India,South Africa,False,188
84,MS Dhoni,JT Smuts,MK Pandey,,1,0,1,116,,11,9,4,6,13,0,,,-,field,South Africa,1,SuperSport Park,2018,02,India_South Africa_2018-02-21,South Africa,India,South Africa,False,188
85,MS Dhoni,AL Phehlukwayo,MK Pandey,,2,0,2,118,,13,10,4,1,14,0,,,-,field,South Africa,1,SuperSport Park,2018,02,India_South Africa_2018-02-21,South Africa,India,South Africa,False,188
86,MS Dhoni,AL Phehlukwayo,MK Pandey,,2,0,2,120,,15,11,4,2,14,0,,,-,field,South Africa,1,SuperSport Park,2018,02,India_South Africa_2018-02-21,South Africa,India,South Africa,False,188
87,MS Dhoni,AL Phehlukwayo,MK Pandey,,1,0,1,121,,16,12,4,3,14,0,,,-,field,South Africa,1,SuperSport Park,2018,02,India_South Africa_2018-02-21,South Africa,India,South Africa,False,188
88,MK Pandey,AL Phehlukwayo,MS Dhoni,,1,0,1,122,,49,33,4,4,14,0,,,-,field,South Africa,1,SuperSport Park,2018,02,India_South Africa_2018-02-21,South Africa,India,South Africa,False,188
89,MS Dhoni,AL Phehlukwayo,MK Pandey,,1,0,1,123,,17,13,4,5,14,0,,,-,field,South Africa,1,SuperSport Park,2018,02,India_South Africa_2018-02-21,South Africa,India,South Africa,False,188
90,MK Pandey,AL Phehlukwayo,MS Dhoni,,1,0,1,124,,50,34,4,6,14,0,,,-,field,South Africa,1,SuperSport Park,2018,02,India_South Africa_2018-02-21,South Africa,India,South Africa,False,188
91,MK Pandey,CH Morris,MS Dhoni,,6,0,6,130,,56,35,4,1,15,0,,,-,field,South Africa,1,SuperSport Park,2018,02,India_South Africa_2018-02-21,South Africa,India,South Africa,False,188
92,MK Pandey,CH Morris,MS Dhoni,,0,0,0,130,,56,36,4,2,15,0,,,-,field,South Africa,1,SuperSport Park,2018,02,India_South Africa_2018-02-21,South Africa,India,South Africa,False,188
93,MK Pandey,CH Morris,MS Dhoni,,1,0,1,131,,57,37,4,3,15,0,,,-,field,South Africa,1,SuperSport Park,2018,02,India_South Africa_2018-02-21,South Africa,India,South Africa,False,188
94,MS Dhoni,CH Morris,MK Pandey,,0,0,0,131,,17,14,4,4,15,0,,,-,field,South Africa,1,SuperSport Park,2018,02,India_South Africa_2018-02-21,South Africa,India,South Africa,False,188
95,MS Dhoni,CH Morris,MK Pandey,,1,0,1,132,,18,15,4,5,15,0,,,-,field,South Africa,1,SuperSport Park,2018,02,India_South Africa_2018-02-21,South Africa,India,South Africa,False,188
96,MK Pandey,CH Morris,MS Dhoni,,1,0,1,133,,58,38,4,6,15,0,,,-,field,South Africa,1,SuperSport Park,2018,02,India_South Africa_2018-02-21,South Africa,India,South Africa,False,188
97,MK Pandey,D Paterson,MS Dhoni,,5,0,5,138,,63,39,4,1,16,0,,,-,field,South Africa,1,SuperSport Park,2018,02,India_South Africa_2018-02-21,South Africa,India,South Africa,False,188
98,MS Dhoni,D Paterson,MK Pandey,,4,0,4,142,,22,16,4,2,16,0,,,-,field,South Africa,1,SuperSport Park,2018,02,India_South Africa_2018-02-21,South Africa,India,South Africa,False,188
99,MS Dhoni,D Paterson,MK Pandey,,1,0,1,143,,23,17,4,3,16,0,,,-,field,South Africa,1,SuperSport Park,2018,02,India_South Africa_2018-02-21,South Africa,India,South Africa,False,188
100,MK Pandey,D Paterson,MS Dhoni,,1,0,1,144,,64,40,4,4,16,0,,,-,field,South Africa,1,SuperSport Park,2018,02,India_South Africa_2018-02-21,South Africa,India,South Africa,False,188
101,MS Dhoni,D Paterson,MK Pandey,,1,0,1,145,,24,18,4,5,16,0,,,-,field,South Africa,1,SuperSport Park,2018,02,India_South Africa_2018-02-21,South Africa,India,South Africa,False,188
102,MK Pandey,D Paterson,MS Dhoni,,1,0,1,146,,65,41,4,6,16,0,,,-,field,South Africa,1,SuperSport Park,2018,02,India_South Africa_2018-02-21,South Africa,India,South Africa,False,188
103,MK Pandey,CJ Dala,MS Dhoni,,2,0,2,148,,67,42,4,1,17,0,,,-,field,South Africa,1,SuperSport Park,2018,02,India_South Africa_2018-02-21,South Africa,India,South Africa,False,188
104,MK Pandey,CJ Dala,MS Dhoni,,4,0,4,152,,71,43,4,2,17,0,,,-,field,South Africa,1,SuperSport Park,2018,02,India_South Africa_2018-02-21,South Africa,India,South Africa,False,188
105,MK Pandey,CJ Dala,MS Dhoni,,0,0,0,152,,71,44,4,3,17,0,,,-,field,South Africa,1,SuperSport Park,2018,02,India_South Africa_2018-02-21,South Africa,India,South Africa,False,188
106,MK Pandey,CJ Dala,MS Dhoni,,4,0,4,156,,75,45,4,4,17,0,,,-,field,South Africa,1,SuperSport Park,2018,02,India_South Africa_2018-02-21,South Africa,India,South Africa,False,188
107,MK Pandey,CJ Dala,MS Dhoni,,1,0,1,157,,76,46,4,5,17,0,,,-,field,South Africa,1,SuperSport Park,2018,02,India_South Africa_2018-02-21,South Africa,India,South Africa,False,188
108,MS Dhoni,CJ Dala,MK Pandey,,0,0,0,157,,24,19,4,6,17,0,,,-,field,South Africa,1,SuperSport Park,2018,02,India_South Africa_2018-02-21,South Africa,India,South Africa,False,188
109,MK Pandey,CH Morris,MS Dhoni,,1,0,1,158,,77,47,4,1,18,0,,,-,field,South Africa,1,SuperSport Park,2018,02,India_South Africa_2018-02-21,South Africa,India,South Africa,False,188
110,MS Dhoni,CH Morris,MK Pandey,,4,0,4,162,,28,20,4,2,18,0,,,-,field,South Africa,1,SuperSport Park,2018,02,India_South Africa_2018-02-21,South Africa,India,South Africa,False,188
111,MS Dhoni,CH Morris,MK Pandey,,1,0,1,163,,29,21,4,3,18,0,,,-,field,South Africa,1,SuperSport Park,2018,02,India_South Africa_2018-02-21,South Africa,India,South Africa,False,188
112,MK Pandey,CH Morris,MS Dhoni,,1,0,1,164,,78,48,4,4,18,0,,,-,field,South Africa,1,SuperSport Park,2018,02,India_South Africa_2018-02-21,South Africa,India,South Africa,False,188
113,MS Dhoni,CH Morris,MK Pandey,,6,0,6,170,,35,22,4,5,18,0,,,-,field,South Africa,1,SuperSport Park,2018,02,India_South Africa_2018-02-21,South Africa,India,South Africa,False,188
114,MS Dhoni,CH Morris,MK Pandey,,0,0,0,170,,35,23,4,6,18,0,,,-,field,South Africa,1,SuperSport Park,2018,02,India_South Africa_2018-02-21,South Africa,India,South Africa,False,188
115,MK Pandey,D Paterson,MS Dhoni,,1,0,1,171,,79,49,4,1,19,0,,,-,field,South Africa,1,SuperSport Park,2018,02,India_South Africa_2018-02-21,South Africa,India,South Africa,False,188
116,MS Dhoni,D Paterson,MK Pandey,,6,0,6,177,,41,24,4,2,19,0,,,-,field,South Africa,1,SuperSport Park,2018,02,India_South Africa_2018-02-21,South Africa,India,South Africa,False,188
117,MS Dhoni,D Paterson,MK Pandey,,4,0,4,181,,45,25,4,3,19,0,,,-,field,South Africa,1,SuperSport Park,2018,02,India_South Africa_2018-02-21,South Africa,India,South Africa,False,188
118,MS Dhoni,D Paterson,MK Pandey,,4,0,4,185,,49,26,4,4,19,0,,,-,field,South Africa,1,SuperSport Park,2018,02,India_South Africa_2018-02-21,South Africa,India,South Africa,False,188
119,MS Dhoni,D Paterson,MK Pandey,,2,0,2,187,,51,27,4,5,19,0,,,-,field,South Africa,1,SuperSport Park,2018,02,India_South Africa_2018-02-21,South Africa,India,South Africa,False,188
120,MS Dhoni,D Paterson,MK Pandey,,1,0,1,188,,52,28,4,6,19,0,,,-,field,South Africa,1,SuperSport Park,2018,02,India_South Africa_2018-02-21,South Africa,India,South Africa,False,188
