,batter,bowler,non_striker,runs_by_bat,extra_runs,total_runs_delivery,current_team_total,runs_remain,batter_runs,balls_faced,wickets_fallen,delivery,extra_type,over,wicket_type,player_out,fielder,review,toss_decision,toss_winner,innings,venue,year,month,match_id,winning_team,batting_team,bowling_team,final_team_total
0,AJ Finch,SL Malinga,DA Warner,0,0,0,0,171,0,1,0,1,-,1,0,,,,field,Sri Lanka,1,Adelaide Oval,2019,10,Australia_Sri Lanka_2019-10-27,Australia,Australia,Sri Lanka,233
1,AJ Finch,SL Malinga,DA Warner,4,0,4,4,167,4,2,0,2,-,1,0,,,,field,Sri Lanka,1,Adelaide Oval,2019,10,Australia_Sri Lanka_2019-10-27,Australia,Australia,Sri Lanka,233
2,AJ Finch,SL Malinga,DA Warner,0,0,0,4,167,4,3,0,3,-,1,0,,,,field,Sri Lanka,1,Adelaide Oval,2019,10,Australia_Sri Lanka_2019-10-27,Australia,Australia,Sri Lanka,233
3,AJ Finch,SL Malinga,DA Warner,1,0,1,5,166,5,4,0,4,-,1,0,,,,field,Sri Lanka,1,Adelaide Oval,2019,10,Australia_Sri Lanka_2019-10-27,Australia,Australia,Sri Lanka,233
4,DA Warner,SL Malinga,AJ Finch,2,0,2,7,164,2,1,0,5,-,1,0,,,,field,Sri Lanka,1,Adelaide Oval,2019,10,Australia_Sri Lanka_2019-10-27,Australia,Australia,Sri Lanka,233
5,DA Warner,SL Malinga,AJ Finch,0,1,1,8,163,2,2,0,6,wides,1,0,,,,field,Sri Lanka,1,Adelaide Oval,2019,10,Australia_Sri Lanka_2019-10-27,Australia,Australia,Sri Lanka,233
6,DA Warner,SL Malinga,AJ Finch,1,0,1,9,162,3,3,0,7,-,1,0,,,,field,Sri Lanka,1,Adelaide Oval,2019,10,Australia_Sri Lanka_2019-10-27,Australia,Australia,Sri Lanka,233
7,DA Warner,CAK Rajitha,AJ Finch,2,0,2,11,160,5,4,0,1,-,2,0,,,,field,Sri Lanka,1,Adelaide Oval,2019,10,Australia_Sri Lanka_2019-10-27,Australia,Australia,Sri Lanka,233
8,DA Warner,CAK Rajitha,AJ Finch,1,0,1,12,159,6,5,0,2,-,2,0,,,,field,Sri Lanka,1,Adelaide Oval,2019,10,Australia_Sri Lanka_2019-10-27,Australia,Australia,Sri Lanka,233
9,AJ Finch,CAK Rajitha,DA Warner,0,0,0,12,159,5,5,0,3,-,2,0,,,,field,Sri Lanka,1,Adelaide Oval,2019,10,Australia_Sri Lanka_2019-10-27,Australia,Australia,Sri Lanka,233
10,AJ Finch,CAK Rajitha,DA Warner,4,0,4,16,155,9,6,0,4,-,2,0,,,,field,Sri Lanka,1,Adelaide Oval,2019,10,Australia_Sri Lanka_2019-10-27,Australia,Australia,Sri Lanka,233
11,AJ Finch,CAK Rajitha,DA Warner,0,0,0,16,155,9,7,0,5,-,2,0,,,,field,Sri Lanka,1,Adelaide Oval,2019,10,Australia_Sri Lanka_2019-10-27,Australia,Australia,Sri Lanka,233
12,AJ Finch,CAK Rajitha,DA Warner,4,0,4,20,151,13,8,0,6,-,2,0,,,,field,Sri Lanka,1,Adelaide Oval,2019,10,Australia_Sri Lanka_2019-10-27,Australia,Australia,Sri Lanka,233
13,DA Warner,SL Malinga,AJ Finch,1,0,1,21,150,7,6,0,1,-,3,0,,,,field,Sri Lanka,1,Adelaide Oval,2019,10,Australia_Sri Lanka_2019-10-27,Australia,Australia,Sri Lanka,233
14,AJ Finch,SL Malinga,DA Warner,0,0,0,21,150,13,9,0,2,-,3,0,,,,field,Sri Lanka,1,Adelaide Oval,2019,10,Australia_Sri Lanka_2019-10-27,Australia,Australia,Sri Lanka,233
15,AJ Finch,SL Malinga,DA Warner,0,0,0,21,150,13,10,0,3,-,3,0,,,,field,Sri Lanka,1,Adelaide Oval,2019,10,Australia_Sri Lanka_2019-10-27,Australia,Australia,Sri Lanka,233
16,AJ Finch,SL Malinga,DA Warner,1,0,1,22,149,14,11,0,4,-,3,0,,,,field,Sri Lanka,1,Adelaide Oval,2019,10,Australia_Sri Lanka_2019-10-27,Australia,Australia,Sri Lanka,233
17,DA Warner,SL Malinga,AJ Finch,0,0,0,22,149,7,7,0,5,-,3,0,,,,field,Sri Lanka,1,Adelaide Oval,2019,10,Australia_Sri Lanka_2019-10-27,Australia,Australia,Sri Lanka,233
18,DA Warner,SL Malinga,AJ Finch,0,0,0,22,149,7,8,0,6,-,3,0,,,,field,Sri Lanka,1,Adelaide Oval,2019,10,Australia_Sri Lanka_2019-10-27,Australia,Australia,Sri Lanka,233
19,AJ Finch,N Pradeep,DA Warner,0,0,0,22,149,14,12,0,1,-,4,0,,,,field,Sri Lanka,1,Adelaide Oval,2019,10,Australia_Sri Lanka_2019-10-27,Australia,Australia,Sri Lanka,233
20,AJ Finch,N Pradeep,DA Warner,0,0,0,22,149,14,13,0,2,-,4,0,,,,field,Sri Lanka,1,Adelaide Oval,2019,10,Australia_Sri Lanka_2019-10-27,Australia,Australia,Sri Lanka,233
21,AJ Finch,N Pradeep,DA Warner,4,0,4,26,145,18,14,0,3,-,4,0,,,,field,Sri Lanka,1,Adelaide Oval,2019,10,Australia_Sri Lanka_2019-10-27,Australia,Australia,Sri Lanka,233
22,AJ Finch,N Pradeep,DA Warner,4,0,4,30,141,22,15,0,4,-,4,0,,,,field,Sri Lanka,1,Adelaide Oval,2019,10,Australia_Sri Lanka_2019-10-27,Australia,Australia,Sri Lanka,233
23,AJ Finch,N Pradeep,DA Warner,1,0,1,31,140,23,16,0,5,-,4,0,,,,field,Sri Lanka,1,Adelaide Oval,2019,10,Australia_Sri Lanka_2019-10-27,Australia,Australia,Sri Lanka,233
24,DA Warner,N Pradeep,AJ Finch,0,0,0,31,140,7,9,0,6,-,4,0,,,,field,Sri Lanka,1,Adelaide Oval,2019,10,Australia_Sri Lanka_2019-10-27,Australia,Australia,Sri Lanka,233
25,AJ Finch,CAK Rajitha,DA Warner,1,0,1,32,139,24,17,0,1,-,5,0,,,,field,Sri Lanka,1,Adelaide Oval,2019,10,Australia_Sri Lanka_2019-10-27,Australia,Australia,Sri Lanka,233
26,DA Warner,CAK Rajitha,AJ Finch,4,0,4,36,135,11,10,0,2,-,5,0,,,,field,Sri Lanka,1,Adelaide Oval,2019,10,Australia_Sri Lanka_2019-10-27,Australia,Australia,Sri Lanka,233
27,DA Warner,CAK Rajitha,AJ Finch,4,1,5,41,130,15,11,0,3,noballs,5,0,,,,field,Sri Lanka,1,Adelaide Oval,2019,10,Australia_Sri Lanka_2019-10-27,Australia,Australia,Sri Lanka,233
28,DA Warner,CAK Rajitha,AJ Finch,6,0,6,47,124,21,12,0,4,-,5,0,,,,field,Sri Lanka,1,Adelaide Oval,2019,10,Australia_Sri Lanka_2019-10-27,Australia,Australia,Sri Lanka,233
29,DA Warner,CAK Rajitha,AJ Finch,1,0,1,48,123,22,13,0,5,-,5,0,,,,field,Sri Lanka,1,Adelaide Oval,2019,10,Australia_Sri Lanka_2019-10-27,Australia,Australia,Sri Lanka,233
30,AJ Finch,CAK Rajitha,DA Warner,4,0,4,52,119,28,18,0,6,-,5,0,,,,field,Sri Lanka,1,Adelaide Oval,2019,10,Australia_Sri Lanka_2019-10-27,Australia,Australia,Sri Lanka,233
31,AJ Finch,CAK Rajitha,DA Warner,0,0,0,52,119,28,19,0,7,-,5,0,,,,field,Sri Lanka,1,Adelaide Oval,2019,10,Australia_Sri Lanka_2019-10-27,Australia,Australia,Sri Lanka,233
32,DA Warner,N Pradeep,AJ Finch,1,0,1,53,118,23,14,0,1,-,6,0,,,,field,Sri Lanka,1,Adelaide Oval,2019,10,Australia_Sri Lanka_2019-10-27,Australia,Australia,Sri Lanka,233
33,AJ Finch,N Pradeep,DA Warner,1,0,1,54,117,29,20,0,2,-,6,0,,,,field,Sri Lanka,1,Adelaide Oval,2019,10,Australia_Sri Lanka_2019-10-27,Australia,Australia,Sri Lanka,233
34,DA Warner,N Pradeep,AJ Finch,0,0,0,54,117,23,15,0,3,-,6,0,,,,field,Sri Lanka,1,Adelaide Oval,2019,10,Australia_Sri Lanka_2019-10-27,Australia,Australia,Sri Lanka,233
35,DA Warner,N Pradeep,AJ Finch,1,0,1,55,116,24,16,0,4,-,6,0,,,,field,Sri Lanka,1,Adelaide Oval,2019,10,Australia_Sri Lanka_2019-10-27,Australia,Australia,Sri Lanka,233
36,AJ Finch,N Pradeep,DA Warner,1,0,1,56,115,30,21,0,5,-,6,0,,,,field,Sri Lanka,1,Adelaide Oval,2019,10,Australia_Sri Lanka_2019-10-27,Australia,Australia,Sri Lanka,233
37,DA Warner,N Pradeep,AJ Finch,1,0,1,57,114,25,17,0,6,-,6,0,,,,field,Sri Lanka,1,Adelaide Oval,2019,10,Australia_Sri Lanka_2019-10-27,Australia,Australia,Sri Lanka,233
38,DA Warner,PADLR Sandakan,AJ Finch,2,0,2,59,112,27,18,0,1,-,7,0,,,,field,Sri Lanka,1,Adelaide Oval,2019,10,Australia_Sri Lanka_2019-10-27,Australia,Australia,Sri Lanka,233
39,DA Warner,PADLR Sandakan,AJ Finch,2,0,2,61,110,29,19,0,2,-,7,0,,,,field,Sri Lanka,1,Adelaide Oval,2019,10,Australia_Sri Lanka_2019-10-27,Australia,Australia,Sri Lanka,233
40,DA Warner,PADLR Sandakan,AJ Finch,0,0,0,61,110,29,20,0,3,-,7,0,,,,field,Sri Lanka,1,Adelaide Oval,2019,10,Australia_Sri Lanka_2019-10-27,Australia,Australia,Sri Lanka,233
41,DA Warner,PADLR Sandakan,AJ Finch,0,0,0,61,110,29,21,0,4,-,7,0,,,,field,Sri Lanka,1,Adelaide Oval,2019,10,Australia_Sri Lanka_2019-10-27,Australia,Australia,Sri Lanka,233
42,DA Warner,PADLR Sandakan,AJ Finch,0,0,0,61,110,29,22,0,5,-,7,0,,,,field,Sri Lanka,1,Adelaide Oval,2019,10,Australia_Sri Lanka_2019-10-27,Australia,Australia,Sri Lanka,233
43,DA Warner,PADLR Sandakan,AJ Finch,4,0,4,65,106,33,23,0,6,-,7,0,,,,field,Sri Lanka,1,Adelaide Oval,2019,10,Australia_Sri Lanka_2019-10-27,Australia,Australia,Sri Lanka,233
44,AJ Finch,PWH de Silva,DA Warner,1,0,1,66,105,31,22,0,1,-,8,0,,,,field,Sri Lanka,1,Adelaide Oval,2019,10,Australia_Sri Lanka_2019-10-27,Australia,Australia,Sri Lanka,233
45,DA Warner,PWH de Silva,AJ Finch,1,0,1,67,104,34,24,0,2,-,8,0,,,,field,Sri Lanka,1,Adelaide Oval,2019,10,Australia_Sri Lanka_2019-10-27,Australia,Australia,Sri Lanka,233
46,AJ Finch,PWH de Silva,DA Warner,0,0,0,67,104,31,23,0,3,-,8,0,,,,field,Sri Lanka,1,Adelaide Oval,2019,10,Australia_Sri Lanka_2019-10-27,Australia,Australia,Sri Lanka,233
47,AJ Finch,PWH de Silva,DA Warner,6,0,6,73,98,37,24,0,4,-,8,0,,,,field,Sri Lanka,1,Adelaide Oval,2019,10,Australia_Sri Lanka_2019-10-27,Australia,Australia,Sri Lanka,233
48,AJ Finch,PWH de Silva,DA Warner,6,0,6,79,92,43,25,0,5,-,8,0,,,,field,Sri Lanka,1,Adelaide Oval,2019,10,Australia_Sri Lanka_2019-10-27,Australia,Australia,Sri Lanka,233
49,AJ Finch,PWH de Silva,DA Warner,1,0,1,80,91,44,26,0,6,-,8,0,,,,field,Sri Lanka,1,Adelaide Oval,2019,10,Australia_Sri Lanka_2019-10-27,Australia,Australia,Sri Lanka,233
50,AJ Finch,PADLR Sandakan,DA Warner,0,0,0,80,91,44,27,0,1,-,9,0,,,,field,Sri Lanka,1,Adelaide Oval,2019,10,Australia_Sri Lanka_2019-10-27,Australia,Australia,Sri Lanka,233
51,AJ Finch,PADLR Sandakan,DA Warner,1,0,1,81,90,45,28,0,2,-,9,0,,,,field,Sri Lanka,1,Adelaide Oval,2019,10,Australia_Sri Lanka_2019-10-27,Australia,Australia,Sri Lanka,233
52,DA Warner,PADLR Sandakan,AJ Finch,0,0,0,81,90,34,25,0,3,-,9,0,,,,field,Sri Lanka,1,Adelaide Oval,2019,10,Australia_Sri Lanka_2019-10-27,Australia,Australia,Sri Lanka,233
53,DA Warner,PADLR Sandakan,AJ Finch,4,0,4,85,86,38,26,0,4,-,9,0,,,,field,Sri Lanka,1,Adelaide Oval,2019,10,Australia_Sri Lanka_2019-10-27,Australia,Australia,Sri Lanka,233
54,DA Warner,PADLR Sandakan,AJ Finch,1,0,1,86,85,39,27,0,5,-,9,0,,,,field,Sri Lanka,1,Adelaide Oval,2019,10,Australia_Sri Lanka_2019-10-27,Australia,Australia,Sri Lanka,233
55,AJ Finch,PADLR Sandakan,DA Warner,1,0,1,87,84,46,29,0,6,-,9,0,,,,field,Sri Lanka,1,Adelaide Oval,2019,10,Australia_Sri Lanka_2019-10-27,Australia,Australia,Sri Lanka,233
56,AJ Finch,CAK Rajitha,DA Warner,2,0,2,89,82,48,30,0,1,-,10,0,,,,field,Sri Lanka,1,Adelaide Oval,2019,10,Australia_Sri Lanka_2019-10-27,Australia,Australia,Sri Lanka,233
57,AJ Finch,CAK Rajitha,DA Warner,6,0,6,95,76,54,31,0,2,-,10,0,,,,field,Sri Lanka,1,Adelaide Oval,2019,10,Australia_Sri Lanka_2019-10-27,Australia,Australia,Sri Lanka,233
58,AJ Finch,CAK Rajitha,DA Warner,1,0,1,96,75,55,32,0,3,-,10,0,,,,field,Sri Lanka,1,Adelaide Oval,2019,10,Australia_Sri Lanka_2019-10-27,Australia,Australia,Sri Lanka,233
59,DA Warner,CAK Rajitha,AJ Finch,6,0,6,102,69,45,28,0,4,-,10,0,,,,field,Sri Lanka,1,Adelaide Oval,2019,10,Australia_Sri Lanka_2019-10-27,Australia,Australia,Sri Lanka,233
60,DA Warner,CAK Rajitha,AJ Finch,6,0,6,108,63,51,29,0,5,-,10,0,,,,field,Sri Lanka,1,Adelaide Oval,2019,10,Australia_Sri Lanka_2019-10-27,Australia,Australia,Sri Lanka,233
61,DA Warner,CAK Rajitha,AJ Finch,4,0,4,112,59,55,30,0,6,-,10,0,,,,field,Sri Lanka,1,Adelaide Oval,2019,10,Australia_Sri Lanka_2019-10-27,Australia,Australia,Sri Lanka,233
62,AJ Finch,PADLR Sandakan,DA Warner,4,0,4,116,55,59,33,0,1,-,11,0,,,,field,Sri Lanka,1,Adelaide Oval,2019,10,Australia_Sri Lanka_2019-10-27,Australia,Australia,Sri Lanka,233
63,AJ Finch,PADLR Sandakan,DA Warner,1,0,1,117,54,60,34,0,2,-,11,0,,,,field,Sri Lanka,1,Adelaide Oval,2019,10,Australia_Sri Lanka_2019-10-27,Australia,Australia,Sri Lanka,233
64,DA Warner,PADLR Sandakan,AJ Finch,1,0,1,118,53,56,31,0,3,-,11,0,,,,field,Sri Lanka,1,Adelaide Oval,2019,10,Australia_Sri Lanka_2019-10-27,Australia,Australia,Sri Lanka,233
65,AJ Finch,PADLR Sandakan,DA Warner,4,0,4,122,49,64,35,0,4,-,11,0,,,,field,Sri Lanka,1,Adelaide Oval,2019,10,Australia_Sri Lanka_2019-10-27,Australia,Australia,Sri Lanka,233
66,AJ Finch,PADLR Sandakan,DA Warner,0,0,0,122,49,64,36,1,5,-,11,caught,AJ Finch,BKG Mendis,,field,Sri Lanka,1,Adelaide Oval,2019,10,Australia_Sri Lanka_2019-10-27,Australia,Australia,Sri Lanka,233
67,DA Warner,PADLR Sandakan,GJ Maxwell,1,0,1,123,48,57,32,1,6,-,11,0,,,,field,Sri Lanka,1,Adelaide Oval,2019,10,Australia_Sri Lanka_2019-10-27,Australia,Australia,Sri Lanka,233
68,DA Warner,PWH de Silva,GJ Maxwell,1,0,1,124,47,58,33,1,1,-,12,0,,,,field,Sri Lanka,1,Adelaide Oval,2019,10,Australia_Sri Lanka_2019-10-27,Australia,Australia,Sri Lanka,233
69,GJ Maxwell,PWH de Silva,DA Warner,1,0,1,125,46,1,1,1,2,-,12,0,,,,field,Sri Lanka,1,Adelaide Oval,2019,10,Australia_Sri Lanka_2019-10-27,Australia,Australia,Sri Lanka,233
70,DA Warner,PWH de Silva,GJ Maxwell,0,0,0,125,46,58,34,1,3,-,12,0,,,,field,Sri Lanka,1,Adelaide Oval,2019,10,Australia_Sri Lanka_2019-10-27,Australia,Australia,Sri Lanka,233
71,DA Warner,PWH de Silva,GJ Maxwell,1,0,1,126,45,59,35,1,4,-,12,0,,,,field,Sri Lanka,1,Adelaide Oval,2019,10,Australia_Sri Lanka_2019-10-27,Australia,Australia,Sri Lanka,233
72,GJ Maxwell,PWH de Silva,DA Warner,1,0,1,127,44,2,2,1,5,-,12,0,,,,field,Sri Lanka,1,Adelaide Oval,2019,10,Australia_Sri Lanka_2019-10-27,Australia,Australia,Sri Lanka,233
73,DA Warner,PWH de Silva,GJ Maxwell,1,0,1,128,43,60,36,1,6,-,12,0,,,,field,Sri Lanka,1,Adelaide Oval,2019,10,Australia_Sri Lanka_2019-10-27,Australia,Australia,Sri Lanka,233
74,DA Warner,PADLR Sandakan,GJ Maxwell,0,2,2,130,41,60,37,1,1,wides,13,0,,,,field,Sri Lanka,1,Adelaide Oval,2019,10,Australia_Sri Lanka_2019-10-27,Australia,Australia,Sri Lanka,233
75,GJ Maxwell,PADLR Sandakan,DA Warner,4,0,4,134,37,6,3,1,2,-,13,0,,,,field,Sri Lanka,1,Adelaide Oval,2019,10,Australia_Sri Lanka_2019-10-27,Australia,Australia,Sri Lanka,233
76,GJ Maxwell,PADLR Sandakan,DA Warner,4,0,4,138,33,10,4,1,3,-,13,0,,,,field,Sri Lanka,1,Adelaide Oval,2019,10,Australia_Sri Lanka_2019-10-27,Australia,Australia,Sri Lanka,233
77,GJ Maxwell,PADLR Sandakan,DA Warner,1,0,1,139,32,11,5,1,4,-,13,0,,,,field,Sri Lanka,1,Adelaide Oval,2019,10,Australia_Sri Lanka_2019-10-27,Australia,Australia,Sri Lanka,233
78,DA Warner,PADLR Sandakan,GJ Maxwell,1,0,1,140,31,61,38,1,5,-,13,0,,,,field,Sri Lanka,1,Adelaide Oval,2019,10,Australia_Sri Lanka_2019-10-27,Australia,Australia,Sri Lanka,233
79,GJ Maxwell,PADLR Sandakan,DA Warner,2,0,2,142,29,13,6,1,6,-,13,0,,,,field,Sri Lanka,1,Adelaide Oval,2019,10,Australia_Sri Lanka_2019-10-27,Australia,Australia,Sri Lanka,233
80,GJ Maxwell,PADLR Sandakan,DA Warner,1,0,1,143,28,14,7,1,7,-,13,0,,,,field,Sri Lanka,1,Adelaide Oval,2019,10,Australia_Sri Lanka_2019-10-27,Australia,Australia,Sri Lanka,233
81,GJ Maxwell,PWH de Silva,DA Warner,4,0,4,147,24,18,8,1,1,-,14,0,,,,field,Sri Lanka,1,Adelaide Oval,2019,10,Australia_Sri Lanka_2019-10-27,Australia,Australia,Sri Lanka,233
82,GJ Maxwell,PWH de Silva,DA Warner,6,0,6,153,18,24,9,1,2,-,14,0,,,,field,Sri Lanka,1,Adelaide Oval,2019,10,Australia_Sri Lanka_2019-10-27,Australia,Australia,Sri Lanka,233
83,GJ Maxwell,PWH de Silva,DA Warner,1,0,1,154,17,25,10,1,3,-,14,0,,,,field,Sri Lanka,1,Adelaide Oval,2019,10,Australia_Sri Lanka_2019-10-27,Australia,Australia,Sri Lanka,233
84,DA Warner,PWH de Silva,GJ Maxwell,6,0,6,160,11,67,39,1,4,-,14,0,,,,field,Sri Lanka,1,Adelaide Oval,2019,10,Australia_Sri Lanka_2019-10-27,Australia,Australia,Sri Lanka,233
85,DA Warner,PWH de Silva,GJ Maxwell,4,0,4,164,7,71,40,1,5,-,14,0,,,,field,Sri Lanka,1,Adelaide Oval,2019,10,Australia_Sri Lanka_2019-10-27,Australia,Australia,Sri Lanka,233
86,DA Warner,PWH de Silva,GJ Maxwell,1,0,1,165,6,72,41,1,6,-,14,0,,,,field,Sri Lanka,1,Adelaide Oval,2019,10,Australia_Sri Lanka_2019-10-27,Australia,Australia,Sri Lanka,233
87,DA Warner,SL Malinga,GJ Maxwell,1,0,1,166,5,73,42,1,1,-,15,0,,,,field,Sri Lanka,1,Adelaide Oval,2019,10,Australia_Sri Lanka_2019-10-27,Australia,Australia,Sri Lanka,233
88,GJ Maxwell,SL Malinga,DA Warner,4,0,4,170,1,29,11,1,2,-,15,0,,,,field,Sri Lanka,1,Adelaide Oval,2019,10,Australia_Sri Lanka_2019-10-27,Australia,Australia,Sri Lanka,233
89,GJ Maxwell,SL Malinga,DA Warner,0,1,1,171,0,29,12,1,3,wides,15,0,,,,field,Sri Lanka,1,Adelaide Oval,2019,10,Australia_Sri Lanka_2019-10-27,Australia,Australia,Sri Lanka,233
90,GJ Maxwell,SL Malinga,DA Warner,1,0,1,172,-1,30,13,1,4,-,15,0,,,,field,Sri Lanka,1,Adelaide Oval,2019,10,Australia_Sri Lanka_2019-10-27,Australia,Australia,Sri Lanka,233
91,DA Warner,SL Malinga,GJ Maxwell,0,0,0,172,-1,73,43,1,5,-,15,0,,,,field,Sri Lanka,1,Adelaide Oval,2019,10,Australia_Sri Lanka_2019-10-27,Australia,Australia,Sri Lanka,233
92,DA Warner,SL Malinga,GJ Maxwell,4,0,4,176,-5,77,44,1,6,-,15,0,,,,field,Sri Lanka,1,Adelaide Oval,2019,10,Australia_Sri Lanka_2019-10-27,Australia,Australia,Sri Lanka,233
93,DA Warner,SL Malinga,GJ Maxwell,2,0,2,178,-7,79,45,1,7,-,15,0,,,,field,Sri Lanka,1,Adelaide Oval,2019,10,Australia_Sri Lanka_2019-10-27,Australia,Australia,Sri Lanka,233
94,GJ Maxwell,N Pradeep,DA Warner,1,0,1,179,-8,31,14,1,1,-,16,0,,,,field,Sri Lanka,1,Adelaide Oval,2019,10,Australia_Sri Lanka_2019-10-27,Australia,Australia,Sri Lanka,233
95,DA Warner,N Pradeep,GJ Maxwell,0,0,0,179,-8,79,46,1,2,-,16,0,,,,field,Sri Lanka,1,Adelaide Oval,2019,10,Australia_Sri Lanka_2019-10-27,Australia,Australia,Sri Lanka,233
96,DA Warner,N Pradeep,GJ Maxwell,0,0,0,179,-8,79,47,1,3,-,16,0,,,,field,Sri Lanka,1,Adelaide Oval,2019,10,Australia_Sri Lanka_2019-10-27,Australia,Australia,Sri Lanka,233
97,DA Warner,N Pradeep,GJ Maxwell,1,0,1,180,-9,80,48,1,4,-,16,0,,,,field,Sri Lanka,1,Adelaide Oval,2019,10,Australia_Sri Lanka_2019-10-27,Australia,Australia,Sri Lanka,233
98,GJ Maxwell,N Pradeep,DA Warner,4,0,4,184,-13,35,15,1,5,-,16,0,,,,field,Sri Lanka,1,Adelaide Oval,2019,10,Australia_Sri Lanka_2019-10-27,Australia,Australia,Sri Lanka,233
99,GJ Maxwell,N Pradeep,DA Warner,1,0,1,185,-14,36,16,1,6,-,16,0,,,,field,Sri Lanka,1,Adelaide Oval,2019,10,Australia_Sri Lanka_2019-10-27,Australia,Australia,Sri Lanka,233
100,GJ Maxwell,SL Malinga,DA Warner,2,0,2,187,-16,38,17,1,1,-,17,0,,,,field,Sri Lanka,1,Adelaide Oval,2019,10,Australia_Sri Lanka_2019-10-27,Australia,Australia,Sri Lanka,233
101,GJ Maxwell,SL Malinga,DA Warner,4,0,4,191,-20,42,18,1,2,-,17,0,,,,field,Sri Lanka,1,Adelaide Oval,2019,10,Australia_Sri Lanka_2019-10-27,Australia,Australia,Sri Lanka,233
102,GJ Maxwell,SL Malinga,DA Warner,0,0,0,191,-20,42,19,1,3,-,17,0,,,,field,Sri Lanka,1,Adelaide Oval,2019,10,Australia_Sri Lanka_2019-10-27,Australia,Australia,Sri Lanka,233
103,GJ Maxwell,SL Malinga,DA Warner,1,0,1,192,-21,43,20,1,4,-,17,0,,,,field,Sri Lanka,1,Adelaide Oval,2019,10,Australia_Sri Lanka_2019-10-27,Australia,Australia,Sri Lanka,233
104,DA Warner,SL Malinga,GJ Maxwell,2,0,2,194,-23,82,49,1,5,-,17,0,,,,field,Sri Lanka,1,Adelaide Oval,2019,10,Australia_Sri Lanka_2019-10-27,Australia,Australia,Sri Lanka,233
105,DA Warner,SL Malinga,GJ Maxwell,4,0,4,198,-27,86,50,1,6,-,17,0,,,,field,Sri Lanka,1,Adelaide Oval,2019,10,Australia_Sri Lanka_2019-10-27,Australia,Australia,Sri Lanka,233
106,GJ Maxwell,CAK Rajitha,DA Warner,0,0,0,198,-27,43,21,1,1,-,18,0,,,,field,Sri Lanka,1,Adelaide Oval,2019,10,Australia_Sri Lanka_2019-10-27,Australia,Australia,Sri Lanka,233
107,GJ Maxwell,CAK Rajitha,DA Warner,1,0,1,199,-28,44,22,1,2,-,18,0,,,,field,Sri Lanka,1,Adelaide Oval,2019,10,Australia_Sri Lanka_2019-10-27,Australia,Australia,Sri Lanka,233
108,DA Warner,CAK Rajitha,GJ Maxwell,4,0,4,203,-32,90,51,1,3,-,18,0,,,,field,Sri Lanka,1,Adelaide Oval,2019,10,Australia_Sri Lanka_2019-10-27,Australia,Australia,Sri Lanka,233
109,DA Warner,CAK Rajitha,GJ Maxwell,1,0,1,204,-33,91,52,1,4,-,18,0,,,,field,Sri Lanka,1,Adelaide Oval,2019,10,Australia_Sri Lanka_2019-10-27,Australia,Australia,Sri Lanka,233
110,GJ Maxwell,CAK Rajitha,DA Warner,6,0,6,210,-39,50,23,1,5,-,18,0,,,,field,Sri Lanka,1,Adelaide Oval,2019,10,Australia_Sri Lanka_2019-10-27,Australia,Australia,Sri Lanka,233
111,GJ Maxwell,CAK Rajitha,DA Warner,6,0,6,216,-45,56,24,1,6,-,18,0,,,,field,Sri Lanka,1,Adelaide Oval,2019,10,Australia_Sri Lanka_2019-10-27,Australia,Australia,Sri Lanka,233
112,DA Warner,N Pradeep,GJ Maxwell,0,0,0,216,-45,91,53,1,1,-,19,0,,,,field,Sri Lanka,1,Adelaide Oval,2019,10,Australia_Sri Lanka_2019-10-27,Australia,Australia,Sri Lanka,233
113,DA Warner,N Pradeep,GJ Maxwell,1,0,1,217,-46,92,54,1,2,-,19,0,,,,field,Sri Lanka,1,Adelaide Oval,2019,10,Australia_Sri Lanka_2019-10-27,Australia,Australia,Sri Lanka,233
