,batter,bowler,non_striker,runs_by_bat,extra_runs,total,team_total,runs_remain,batter_runs,balls_faced,wickets_fallen,delivery,extra_type,over,review,wicket_type,player_out,fielder,toss_decision,toss_winner,innings,venue,year,month,match_id,winning_team,batting_team,bowling_team
0,C Munro,SL Malinga,TL Seifert,0,0,0,0,125,0,1,0,1,-,1,,0,,,bat,Sri Lanka,2,Pallekele International Cricket Stadium,2019,09,Sri Lanka_New Zealand_2019-09-06,Sri Lanka,New Zealand,Sri Lanka
1,C Munro,SL Malinga,TL Seifert,1,0,1,1,124,1,2,0,2,-,1,,0,,,bat,Sri Lanka,2,Pallekele International Cricket Stadium,2019,09,Sri Lanka_New Zealand_2019-09-06,Sri Lanka,New Zealand,Sri Lanka
2,TL Seifert,SL Malinga,C Munro,0,0,0,1,124,0,1,0,3,-,1,,0,,,bat,Sri Lanka,2,Pallekele International Cricket Stadium,2019,09,Sri Lanka_New Zealand_2019-09-06,Sri Lanka,New Zealand,Sri Lanka
3,TL Seifert,SL Malinga,C Munro,1,0,1,2,123,1,2,0,4,-,1,,0,,,bat,Sri Lanka,2,Pallekele International Cricket Stadium,2019,09,Sri Lanka_New Zealand_2019-09-06,Sri Lanka,New Zealand,Sri Lanka
4,C Munro,SL Malinga,TL Seifert,0,0,0,2,123,1,3,0,5,-,1,,0,,,bat,Sri Lanka,2,Pallekele International Cricket Stadium,2019,09,Sri Lanka_New Zealand_2019-09-06,Sri Lanka,New Zealand,Sri Lanka
5,C Munro,SL Malinga,TL Seifert,0,1,1,3,122,1,4,0,6,legbyes,1,,0,,,bat,Sri Lanka,2,Pallekele International Cricket Stadium,2019,09,Sri Lanka_New Zealand_2019-09-06,Sri Lanka,New Zealand,Sri Lanka
6,C Munro,A Dananjaya,TL Seifert,0,0,0,3,122,1,5,0,1,-,2,,0,,,bat,Sri Lanka,2,Pallekele International Cricket Stadium,2019,09,Sri Lanka_New Zealand_2019-09-06,Sri Lanka,New Zealand,Sri Lanka
7,C Munro,A Dananjaya,TL Seifert,6,0,6,9,116,7,6,0,2,-,2,,0,,,bat,Sri Lanka,2,Pallekele International Cricket Stadium,2019,09,Sri Lanka_New Zealand_2019-09-06,Sri Lanka,New Zealand,Sri Lanka
8,C Munro,A Dananjaya,TL Seifert,0,1,1,10,115,7,7,0,3,wides,2,,0,,,bat,Sri Lanka,2,Pallekele International Cricket Stadium,2019,09,Sri Lanka_New Zealand_2019-09-06,Sri Lanka,New Zealand,Sri Lanka
9,C Munro,A Dananjaya,TL Seifert,0,0,0,10,115,7,8,0,4,-,2,,0,,,bat,Sri Lanka,2,Pallekele International Cricket Stadium,2019,09,Sri Lanka_New Zealand_2019-09-06,Sri Lanka,New Zealand,Sri Lanka
10,C Munro,A Dananjaya,TL Seifert,4,0,4,14,111,11,9,0,5,-,2,,0,,,bat,Sri Lanka,2,Pallekele International Cricket Stadium,2019,09,Sri Lanka_New Zealand_2019-09-06,Sri Lanka,New Zealand,Sri Lanka
11,C Munro,A Dananjaya,TL Seifert,1,0,1,15,110,12,10,0,6,-,2,,0,,,bat,Sri Lanka,2,Pallekele International Cricket Stadium,2019,09,Sri Lanka_New Zealand_2019-09-06,Sri Lanka,New Zealand,Sri Lanka
12,TL Seifert,A Dananjaya,C Munro,0,0,0,15,110,1,3,0,7,-,2,,0,,,bat,Sri Lanka,2,Pallekele International Cricket Stadium,2019,09,Sri Lanka_New Zealand_2019-09-06,Sri Lanka,New Zealand,Sri Lanka
13,C Munro,SL Malinga,TL Seifert,0,0,0,15,110,12,11,0,1,-,3,,0,,,bat,Sri Lanka,2,Pallekele International Cricket Stadium,2019,09,Sri Lanka_New Zealand_2019-09-06,Sri Lanka,New Zealand,Sri Lanka
14,C Munro,SL Malinga,TL Seifert,0,0,0,15,110,12,12,0,2,-,3,,0,,,bat,Sri Lanka,2,Pallekele International Cricket Stadium,2019,09,Sri Lanka_New Zealand_2019-09-06,Sri Lanka,New Zealand,Sri Lanka
15,C Munro,SL Malinga,TL Seifert,0,0,0,15,110,12,13,1,3,-,3,,bowled,C Munro,,bat,Sri Lanka,2,Pallekele International Cricket Stadium,2019,09,Sri Lanka_New Zealand_2019-09-06,Sri Lanka,New Zealand,Sri Lanka
16,HD Rutherford,SL Malinga,TL Seifert,0,0,0,15,110,0,1,2,4,-,3,"{'by': 'Sri Lanka', 'umpire': 'RMPJ Rambukwella', 'batter': 'HD Rutherford', 'decision': 'upheld'}",lbw,HD Rutherford,,bat,Sri Lanka,2,Pallekele International Cricket Stadium,2019,09,Sri Lanka_New Zealand_2019-09-06,Sri Lanka,New Zealand,Sri Lanka
17,C de Grandhomme,SL Malinga,TL Seifert,0,0,0,15,110,0,1,3,5,-,3,,bowled,C de Grandhomme,,bat,Sri Lanka,2,Pallekele International Cricket Stadium,2019,09,Sri Lanka_New Zealand_2019-09-06,Sri Lanka,New Zealand,Sri Lanka
18,LRPL Taylor,SL Malinga,TL Seifert,0,0,0,15,110,0,1,4,6,-,3,,lbw,LRPL Taylor,,bat,Sri Lanka,2,Pallekele International Cricket Stadium,2019,09,Sri Lanka_New Zealand_2019-09-06,Sri Lanka,New Zealand,Sri Lanka
19,TL Seifert,A Dananjaya,DJ Mitchell,0,0,0,15,110,1,4,4,1,-,4,,0,,,bat,Sri Lanka,2,Pallekele International Cricket Stadium,2019,09,Sri Lanka_New Zealand_2019-09-06,Sri Lanka,New Zealand,Sri Lanka
20,TL Seifert,A Dananjaya,DJ Mitchell,0,0,0,15,110,1,5,4,2,-,4,,0,,,bat,Sri Lanka,2,Pallekele International Cricket Stadium,2019,09,Sri Lanka_New Zealand_2019-09-06,Sri Lanka,New Zealand,Sri Lanka
21,TL Seifert,A Dananjaya,DJ Mitchell,2,0,2,17,108,3,6,4,3,-,4,,0,,,bat,Sri Lanka,2,Pallekele International Cricket Stadium,2019,09,Sri Lanka_New Zealand_2019-09-06,Sri Lanka,New Zealand,Sri Lanka
22,TL Seifert,A Dananjaya,DJ Mitchell,0,0,0,17,108,3,7,4,4,-,4,,0,,,bat,Sri Lanka,2,Pallekele International Cricket Stadium,2019,09,Sri Lanka_New Zealand_2019-09-06,Sri Lanka,New Zealand,Sri Lanka
23,TL Seifert,A Dananjaya,DJ Mitchell,4,0,4,21,104,7,8,4,5,-,4,,0,,,bat,Sri Lanka,2,Pallekele International Cricket Stadium,2019,09,Sri Lanka_New Zealand_2019-09-06,Sri Lanka,New Zealand,Sri Lanka
24,TL Seifert,A Dananjaya,DJ Mitchell,1,0,1,22,103,8,9,4,6,-,4,,0,,,bat,Sri Lanka,2,Pallekele International Cricket Stadium,2019,09,Sri Lanka_New Zealand_2019-09-06,Sri Lanka,New Zealand,Sri Lanka
25,TL Seifert,SL Malinga,DJ Mitchell,0,0,0,22,103,8,10,4,1,-,5,,0,,,bat,Sri Lanka,2,Pallekele International Cricket Stadium,2019,09,Sri Lanka_New Zealand_2019-09-06,Sri Lanka,New Zealand,Sri Lanka
26,TL Seifert,SL Malinga,DJ Mitchell,0,0,0,22,103,8,11,4,2,-,5,,0,,,bat,Sri Lanka,2,Pallekele International Cricket Stadium,2019,09,Sri Lanka_New Zealand_2019-09-06,Sri Lanka,New Zealand,Sri Lanka
27,TL Seifert,SL Malinga,DJ Mitchell,0,1,1,23,102,8,12,4,3,wides,5,,0,,,bat,Sri Lanka,2,Pallekele International Cricket Stadium,2019,09,Sri Lanka_New Zealand_2019-09-06,Sri Lanka,New Zealand,Sri Lanka
28,TL Seifert,SL Malinga,DJ Mitchell,0,0,0,23,102,8,13,4,4,-,5,,0,,,bat,Sri Lanka,2,Pallekele International Cricket Stadium,2019,09,Sri Lanka_New Zealand_2019-09-06,Sri Lanka,New Zealand,Sri Lanka
29,TL Seifert,SL Malinga,DJ Mitchell,0,0,0,23,102,8,14,5,5,-,5,,caught,TL Seifert,MD Gunathilaka,bat,Sri Lanka,2,Pallekele International Cricket Stadium,2019,09,Sri Lanka_New Zealand_2019-09-06,Sri Lanka,New Zealand,Sri Lanka
30,MJ Santner,SL Malinga,DJ Mitchell,2,0,2,25,100,2,1,5,6,-,5,,0,,,bat,Sri Lanka,2,Pallekele International Cricket Stadium,2019,09,Sri Lanka_New Zealand_2019-09-06,Sri Lanka,New Zealand,Sri Lanka
31,MJ Santner,SL Malinga,DJ Mitchell,0,0,0,25,100,2,2,5,7,-,5,,0,,,bat,Sri Lanka,2,Pallekele International Cricket Stadium,2019,09,Sri Lanka_New Zealand_2019-09-06,Sri Lanka,New Zealand,Sri Lanka
32,DJ Mitchell,A Dananjaya,MJ Santner,1,0,1,26,99,1,1,5,1,-,6,,0,,,bat,Sri Lanka,2,Pallekele International Cricket Stadium,2019,09,Sri Lanka_New Zealand_2019-09-06,Sri Lanka,New Zealand,Sri Lanka
33,MJ Santner,A Dananjaya,DJ Mitchell,4,0,4,30,95,6,3,5,2,-,6,,0,,,bat,Sri Lanka,2,Pallekele International Cricket Stadium,2019,09,Sri Lanka_New Zealand_2019-09-06,Sri Lanka,New Zealand,Sri Lanka
34,MJ Santner,A Dananjaya,DJ Mitchell,0,0,0,30,95,6,4,5,3,-,6,,0,,,bat,Sri Lanka,2,Pallekele International Cricket Stadium,2019,09,Sri Lanka_New Zealand_2019-09-06,Sri Lanka,New Zealand,Sri Lanka
35,MJ Santner,A Dananjaya,DJ Mitchell,0,0,0,30,95,6,5,5,4,-,6,,0,,,bat,Sri Lanka,2,Pallekele International Cricket Stadium,2019,09,Sri Lanka_New Zealand_2019-09-06,Sri Lanka,New Zealand,Sri Lanka
36,MJ Santner,A Dananjaya,DJ Mitchell,1,0,1,31,94,7,6,5,5,-,6,,0,,,bat,Sri Lanka,2,Pallekele International Cricket Stadium,2019,09,Sri Lanka_New Zealand_2019-09-06,Sri Lanka,New Zealand,Sri Lanka
37,DJ Mitchell,A Dananjaya,MJ Santner,0,0,0,31,94,1,2,5,6,-,6,"{'by': 'Sri Lanka', 'umpire': 'LE Hannibal', 'batter': 'DJ Mitchell', 'decision': 'struck down'}",0,,,bat,Sri Lanka,2,Pallekele International Cricket Stadium,2019,09,Sri Lanka_New Zealand_2019-09-06,Sri Lanka,New Zealand,Sri Lanka
38,MJ Santner,PADLR Sandakan,DJ Mitchell,1,0,1,32,93,8,7,5,1,-,7,,0,,,bat,Sri Lanka,2,Pallekele International Cricket Stadium,2019,09,Sri Lanka_New Zealand_2019-09-06,Sri Lanka,New Zealand,Sri Lanka
39,DJ Mitchell,PADLR Sandakan,MJ Santner,1,0,1,33,92,2,3,5,2,-,7,,0,,,bat,Sri Lanka,2,Pallekele International Cricket Stadium,2019,09,Sri Lanka_New Zealand_2019-09-06,Sri Lanka,New Zealand,Sri Lanka
40,MJ Santner,PADLR Sandakan,DJ Mitchell,1,0,1,34,91,9,8,5,3,-,7,,0,,,bat,Sri Lanka,2,Pallekele International Cricket Stadium,2019,09,Sri Lanka_New Zealand_2019-09-06,Sri Lanka,New Zealand,Sri Lanka
41,DJ Mitchell,PADLR Sandakan,MJ Santner,1,0,1,35,90,3,4,5,4,-,7,,0,,,bat,Sri Lanka,2,Pallekele International Cricket Stadium,2019,09,Sri Lanka_New Zealand_2019-09-06,Sri Lanka,New Zealand,Sri Lanka
42,MJ Santner,PADLR Sandakan,DJ Mitchell,0,1,1,36,89,9,9,5,5,wides,7,,0,,,bat,Sri Lanka,2,Pallekele International Cricket Stadium,2019,09,Sri Lanka_New Zealand_2019-09-06,Sri Lanka,New Zealand,Sri Lanka
43,MJ Santner,PADLR Sandakan,DJ Mitchell,0,0,0,36,89,9,10,5,6,-,7,,0,,,bat,Sri Lanka,2,Pallekele International Cricket Stadium,2019,09,Sri Lanka_New Zealand_2019-09-06,Sri Lanka,New Zealand,Sri Lanka
44,MJ Santner,PADLR Sandakan,DJ Mitchell,2,0,2,38,87,11,11,5,7,-,7,,0,,,bat,Sri Lanka,2,Pallekele International Cricket Stadium,2019,09,Sri Lanka_New Zealand_2019-09-06,Sri Lanka,New Zealand,Sri Lanka
45,DJ Mitchell,MD Gunathilaka,MJ Santner,1,0,1,39,86,4,5,5,1,-,8,,0,,,bat,Sri Lanka,2,Pallekele International Cricket Stadium,2019,09,Sri Lanka_New Zealand_2019-09-06,Sri Lanka,New Zealand,Sri Lanka
46,MJ Santner,MD Gunathilaka,DJ Mitchell,0,0,0,39,86,11,12,5,2,-,8,,0,,,bat,Sri Lanka,2,Pallekele International Cricket Stadium,2019,09,Sri Lanka_New Zealand_2019-09-06,Sri Lanka,New Zealand,Sri Lanka
47,MJ Santner,MD Gunathilaka,DJ Mitchell,2,0,2,41,84,13,13,5,3,-,8,,0,,,bat,Sri Lanka,2,Pallekele International Cricket Stadium,2019,09,Sri Lanka_New Zealand_2019-09-06,Sri Lanka,New Zealand,Sri Lanka
48,MJ Santner,MD Gunathilaka,DJ Mitchell,2,0,2,43,82,15,14,5,4,-,8,,0,,,bat,Sri Lanka,2,Pallekele International Cricket Stadium,2019,09,Sri Lanka_New Zealand_2019-09-06,Sri Lanka,New Zealand,Sri Lanka
49,MJ Santner,MD Gunathilaka,DJ Mitchell,1,0,1,44,81,16,15,5,5,-,8,,0,,,bat,Sri Lanka,2,Pallekele International Cricket Stadium,2019,09,Sri Lanka_New Zealand_2019-09-06,Sri Lanka,New Zealand,Sri Lanka
50,DJ Mitchell,MD Gunathilaka,MJ Santner,1,0,1,45,80,5,6,5,6,-,8,,0,,,bat,Sri Lanka,2,Pallekele International Cricket Stadium,2019,09,Sri Lanka_New Zealand_2019-09-06,Sri Lanka,New Zealand,Sri Lanka
51,DJ Mitchell,A Dananjaya,MJ Santner,1,0,1,46,79,6,7,6,1,-,9,,run out,DJ Mitchell,,bat,Sri Lanka,2,Pallekele International Cricket Stadium,2019,09,Sri Lanka_New Zealand_2019-09-06,Sri Lanka,New Zealand,Sri Lanka
52,SC Kuggeleijn,A Dananjaya,MJ Santner,0,0,0,46,79,0,1,7,2,-,9,,bowled,SC Kuggeleijn,,bat,Sri Lanka,2,Pallekele International Cricket Stadium,2019,09,Sri Lanka_New Zealand_2019-09-06,Sri Lanka,New Zealand,Sri Lanka
53,TG Southee,A Dananjaya,MJ Santner,1,0,1,47,78,1,1,7,3,-,9,,0,,,bat,Sri Lanka,2,Pallekele International Cricket Stadium,2019,09,Sri Lanka_New Zealand_2019-09-06,Sri Lanka,New Zealand,Sri Lanka
54,MJ Santner,A Dananjaya,TG Southee,0,0,0,47,78,16,16,8,4,-,9,,stumped,MJ Santner,MDKJ Perera,bat,Sri Lanka,2,Pallekele International Cricket Stadium,2019,09,Sri Lanka_New Zealand_2019-09-06,Sri Lanka,New Zealand,Sri Lanka
55,TD Astle,A Dananjaya,TG Southee,1,0,1,48,77,1,1,8,5,-,9,,0,,,bat,Sri Lanka,2,Pallekele International Cricket Stadium,2019,09,Sri Lanka_New Zealand_2019-09-06,Sri Lanka,New Zealand,Sri Lanka
56,TG Southee,A Dananjaya,TD Astle,0,1,1,49,76,1,2,8,6,legbyes,9,,0,,,bat,Sri Lanka,2,Pallekele International Cricket Stadium,2019,09,Sri Lanka_New Zealand_2019-09-06,Sri Lanka,New Zealand,Sri Lanka
57,TG Southee,PWH de Silva,TD Astle,0,0,0,49,76,1,3,8,1,-,10,,0,,,bat,Sri Lanka,2,Pallekele International Cricket Stadium,2019,09,Sri Lanka_New Zealand_2019-09-06,Sri Lanka,New Zealand,Sri Lanka
58,TG Southee,PWH de Silva,TD Astle,1,0,1,50,75,2,4,8,2,-,10,,0,,,bat,Sri Lanka,2,Pallekele International Cricket Stadium,2019,09,Sri Lanka_New Zealand_2019-09-06,Sri Lanka,New Zealand,Sri Lanka
59,TD Astle,PWH de Silva,TG Southee,0,0,0,50,75,1,2,8,3,-,10,,0,,,bat,Sri Lanka,2,Pallekele International Cricket Stadium,2019,09,Sri Lanka_New Zealand_2019-09-06,Sri Lanka,New Zealand,Sri Lanka
60,TD Astle,PWH de Silva,TG Southee,2,0,2,52,73,3,3,8,4,-,10,,0,,,bat,Sri Lanka,2,Pallekele International Cricket Stadium,2019,09,Sri Lanka_New Zealand_2019-09-06,Sri Lanka,New Zealand,Sri Lanka
61,TD Astle,PWH de Silva,TG Southee,0,0,0,52,73,3,4,8,5,-,10,,0,,,bat,Sri Lanka,2,Pallekele International Cricket Stadium,2019,09,Sri Lanka_New Zealand_2019-09-06,Sri Lanka,New Zealand,Sri Lanka
62,TD Astle,PWH de Silva,TG Southee,0,0,0,52,73,3,5,9,6,-,10,"{'by': 'New Zealand', 'umpire': 'LE Hannibal', 'batter': 'TD Astle', 'decision': 'struck down'}",lbw,TD Astle,,bat,Sri Lanka,2,Pallekele International Cricket Stadium,2019,09,Sri Lanka_New Zealand_2019-09-06,Sri Lanka,New Zealand,Sri Lanka
63,TG Southee,PADLR Sandakan,SHA Rance,2,0,2,54,71,4,5,9,1,-,11,,0,,,bat,Sri Lanka,2,Pallekele International Cricket Stadium,2019,09,Sri Lanka_New Zealand_2019-09-06,Sri Lanka,New Zealand,Sri Lanka
64,TG Southee,PADLR Sandakan,SHA Rance,1,0,1,55,70,5,6,9,2,-,11,,0,,,bat,Sri Lanka,2,Pallekele International Cricket Stadium,2019,09,Sri Lanka_New Zealand_2019-09-06,Sri Lanka,New Zealand,Sri Lanka
65,SHA Rance,PADLR Sandakan,TG Southee,0,0,0,55,70,0,1,9,3,-,11,,0,,,bat,Sri Lanka,2,Pallekele International Cricket Stadium,2019,09,Sri Lanka_New Zealand_2019-09-06,Sri Lanka,New Zealand,Sri Lanka
66,SHA Rance,PADLR Sandakan,TG Southee,1,0,1,56,69,1,2,9,4,-,11,,0,,,bat,Sri Lanka,2,Pallekele International Cricket Stadium,2019,09,Sri Lanka_New Zealand_2019-09-06,Sri Lanka,New Zealand,Sri Lanka
67,TG Southee,PADLR Sandakan,SHA Rance,0,0,0,56,69,5,7,9,5,-,11,,0,,,bat,Sri Lanka,2,Pallekele International Cricket Stadium,2019,09,Sri Lanka_New Zealand_2019-09-06,Sri Lanka,New Zealand,Sri Lanka
68,TG Southee,PADLR Sandakan,SHA Rance,1,0,1,57,68,6,8,9,6,-,11,,0,,,bat,Sri Lanka,2,Pallekele International Cricket Stadium,2019,09,Sri Lanka_New Zealand_2019-09-06,Sri Lanka,New Zealand,Sri Lanka
69,TG Southee,PWH de Silva,SHA Rance,0,0,0,57,68,6,9,9,1,-,12,,0,,,bat,Sri Lanka,2,Pallekele International Cricket Stadium,2019,09,Sri Lanka_New Zealand_2019-09-06,Sri Lanka,New Zealand,Sri Lanka
70,TG Southee,PWH de Silva,SHA Rance,0,0,0,57,68,6,10,9,2,-,12,,0,,,bat,Sri Lanka,2,Pallekele International Cricket Stadium,2019,09,Sri Lanka_New Zealand_2019-09-06,Sri Lanka,New Zealand,Sri Lanka
71,TG Southee,PWH de Silva,SHA Rance,1,0,1,58,67,7,11,9,3,-,12,,0,,,bat,Sri Lanka,2,Pallekele International Cricket Stadium,2019,09,Sri Lanka_New Zealand_2019-09-06,Sri Lanka,New Zealand,Sri Lanka
72,SHA Rance,PWH de Silva,TG Southee,0,0,0,58,67,1,3,9,4,-,12,,0,,,bat,Sri Lanka,2,Pallekele International Cricket Stadium,2019,09,Sri Lanka_New Zealand_2019-09-06,Sri Lanka,New Zealand,Sri Lanka
73,SHA Rance,PWH de Silva,TG Southee,3,0,3,61,64,4,4,9,5,-,12,,0,,,bat,Sri Lanka,2,Pallekele International Cricket Stadium,2019,09,Sri Lanka_New Zealand_2019-09-06,Sri Lanka,New Zealand,Sri Lanka
74,TG Southee,PWH de Silva,SHA Rance,1,0,1,62,63,8,12,9,6,-,12,,0,,,bat,Sri Lanka,2,Pallekele International Cricket Stadium,2019,09,Sri Lanka_New Zealand_2019-09-06,Sri Lanka,New Zealand,Sri Lanka
75,TG Southee,PADLR Sandakan,SHA Rance,6,0,6,68,57,14,13,9,1,-,13,,0,,,bat,Sri Lanka,2,Pallekele International Cricket Stadium,2019,09,Sri Lanka_New Zealand_2019-09-06,Sri Lanka,New Zealand,Sri Lanka
76,TG Southee,PADLR Sandakan,SHA Rance,0,1,1,69,56,14,14,9,2,wides,13,,0,,,bat,Sri Lanka,2,Pallekele International Cricket Stadium,2019,09,Sri Lanka_New Zealand_2019-09-06,Sri Lanka,New Zealand,Sri Lanka
77,TG Southee,PADLR Sandakan,SHA Rance,0,1,1,70,55,14,15,9,3,wides,13,,0,,,bat,Sri Lanka,2,Pallekele International Cricket Stadium,2019,09,Sri Lanka_New Zealand_2019-09-06,Sri Lanka,New Zealand,Sri Lanka
78,TG Southee,PADLR Sandakan,SHA Rance,6,0,6,76,49,20,16,9,4,-,13,,0,,,bat,Sri Lanka,2,Pallekele International Cricket Stadium,2019,09,Sri Lanka_New Zealand_2019-09-06,Sri Lanka,New Zealand,Sri Lanka
79,TG Southee,PADLR Sandakan,SHA Rance,0,0,0,76,49,20,17,9,5,-,13,,0,,,bat,Sri Lanka,2,Pallekele International Cricket Stadium,2019,09,Sri Lanka_New Zealand_2019-09-06,Sri Lanka,New Zealand,Sri Lanka
80,TG Southee,PADLR Sandakan,SHA Rance,6,0,6,82,43,26,18,9,6,-,13,,0,,,bat,Sri Lanka,2,Pallekele International Cricket Stadium,2019,09,Sri Lanka_New Zealand_2019-09-06,Sri Lanka,New Zealand,Sri Lanka
81,TG Southee,PADLR Sandakan,SHA Rance,0,0,0,82,43,26,19,9,7,-,13,,0,,,bat,Sri Lanka,2,Pallekele International Cricket Stadium,2019,09,Sri Lanka_New Zealand_2019-09-06,Sri Lanka,New Zealand,Sri Lanka
82,TG Southee,PADLR Sandakan,SHA Rance,0,0,0,82,43,26,20,9,8,-,13,,0,,,bat,Sri Lanka,2,Pallekele International Cricket Stadium,2019,09,Sri Lanka_New Zealand_2019-09-06,Sri Lanka,New Zealand,Sri Lanka
83,SHA Rance,SL Malinga,TG Southee,0,0,0,82,43,4,5,9,1,-,14,,0,,,bat,Sri Lanka,2,Pallekele International Cricket Stadium,2019,09,Sri Lanka_New Zealand_2019-09-06,Sri Lanka,New Zealand,Sri Lanka
84,SHA Rance,SL Malinga,TG Southee,0,0,0,82,43,4,6,9,2,-,14,,0,,,bat,Sri Lanka,2,Pallekele International Cricket Stadium,2019,09,Sri Lanka_New Zealand_2019-09-06,Sri Lanka,New Zealand,Sri Lanka
85,SHA Rance,SL Malinga,TG Southee,0,0,0,82,43,4,7,9,3,-,14,,0,,,bat,Sri Lanka,2,Pallekele International Cricket Stadium,2019,09,Sri Lanka_New Zealand_2019-09-06,Sri Lanka,New Zealand,Sri Lanka
86,SHA Rance,SL Malinga,TG Southee,0,0,0,82,43,4,8,9,4,-,14,,0,,,bat,Sri Lanka,2,Pallekele International Cricket Stadium,2019,09,Sri Lanka_New Zealand_2019-09-06,Sri Lanka,New Zealand,Sri Lanka
87,SHA Rance,SL Malinga,TG Southee,1,0,1,83,42,5,9,9,5,-,14,,0,,,bat,Sri Lanka,2,Pallekele International Cricket Stadium,2019,09,Sri Lanka_New Zealand_2019-09-06,Sri Lanka,New Zealand,Sri Lanka
88,TG Southee,SL Malinga,SHA Rance,0,0,0,83,42,26,21,9,6,-,14,,0,,,bat,Sri Lanka,2,Pallekele International Cricket Stadium,2019,09,Sri Lanka_New Zealand_2019-09-06,Sri Lanka,New Zealand,Sri Lanka
89,SHA Rance,PWH de Silva,TG Southee,0,0,0,83,42,5,10,9,1,-,15,,0,,,bat,Sri Lanka,2,Pallekele International Cricket Stadium,2019,09,Sri Lanka_New Zealand_2019-09-06,Sri Lanka,New Zealand,Sri Lanka
90,SHA Rance,PWH de Silva,TG Southee,0,0,0,83,42,5,11,9,2,-,15,,0,,,bat,Sri Lanka,2,Pallekele International Cricket Stadium,2019,09,Sri Lanka_New Zealand_2019-09-06,Sri Lanka,New Zealand,Sri Lanka
91,SHA Rance,PWH de Silva,TG Southee,2,0,2,85,40,7,12,9,3,-,15,,0,,,bat,Sri Lanka,2,Pallekele International Cricket Stadium,2019,09,Sri Lanka_New Zealand_2019-09-06,Sri Lanka,New Zealand,Sri Lanka
92,SHA Rance,PWH de Silva,TG Southee,1,0,1,86,39,8,13,9,4,-,15,,0,,,bat,Sri Lanka,2,Pallekele International Cricket Stadium,2019,09,Sri Lanka_New Zealand_2019-09-06,Sri Lanka,New Zealand,Sri Lanka
93,TG Southee,PWH de Silva,SHA Rance,1,0,1,87,38,27,22,9,5,-,15,,0,,,bat,Sri Lanka,2,Pallekele International Cricket Stadium,2019,09,Sri Lanka_New Zealand_2019-09-06,Sri Lanka,New Zealand,Sri Lanka
94,SHA Rance,PWH de Silva,TG Southee,0,0,0,87,38,8,14,9,6,-,15,,0,,,bat,Sri Lanka,2,Pallekele International Cricket Stadium,2019,09,Sri Lanka_New Zealand_2019-09-06,Sri Lanka,New Zealand,Sri Lanka
95,TG Southee,PADLR Sandakan,SHA Rance,0,0,0,87,38,27,23,9,1,-,16,,0,,,bat,Sri Lanka,2,Pallekele International Cricket Stadium,2019,09,Sri Lanka_New Zealand_2019-09-06,Sri Lanka,New Zealand,Sri Lanka
96,TG Southee,PADLR Sandakan,SHA Rance,0,0,0,87,38,27,24,9,2,-,16,,0,,,bat,Sri Lanka,2,Pallekele International Cricket Stadium,2019,09,Sri Lanka_New Zealand_2019-09-06,Sri Lanka,New Zealand,Sri Lanka
97,TG Southee,PADLR Sandakan,SHA Rance,1,0,1,88,37,28,25,9,3,-,16,,0,,,bat,Sri Lanka,2,Pallekele International Cricket Stadium,2019,09,Sri Lanka_New Zealand_2019-09-06,Sri Lanka,New Zealand,Sri Lanka
98,SHA Rance,PADLR Sandakan,TG Southee,0,0,0,88,37,8,15,9,4,-,16,,0,,,bat,Sri Lanka,2,Pallekele International Cricket Stadium,2019,09,Sri Lanka_New Zealand_2019-09-06,Sri Lanka,New Zealand,Sri Lanka
99,SHA Rance,PADLR Sandakan,TG Southee,0,0,0,88,37,8,16,9,5,-,16,,0,,,bat,Sri Lanka,2,Pallekele International Cricket Stadium,2019,09,Sri Lanka_New Zealand_2019-09-06,Sri Lanka,New Zealand,Sri Lanka
100,SHA Rance,PADLR Sandakan,TG Southee,0,0,0,88,37,8,17,10,6,-,16,,lbw,SHA Rance,,bat,Sri Lanka,2,Pallekele International Cricket Stadium,2019,09,Sri Lanka_New Zealand_2019-09-06,Sri Lanka,New Zealand,Sri Lanka
