,batter,bowler,non_striker,runs_by_bat,extra_runs,total_runs_delivery,current_team_total,runs_remain,batter_runs,balls_faced,wickets_fallen,delivery,over,wicket_type,player_out,fielder,review,extra_type,toss_decision,toss_winner,innings,venue,year,month,match_id,winning_team,batting_team,bowling_team,final_team_final
0,MJ Guptill,Shaheen Shah Afridi,TL Seifert,0,0,0,0,163,0,1,0,1,1,0,,,,-,field,Pakistan,1,McLean Park,2020,12,New Zealand_Pakistan_2020-12-22,Pakistan,New Zealand,Pakistan,173
1,MJ Guptill,Shaheen Shah Afridi,TL Seifert,0,0,0,0,163,0,2,0,2,1,0,,,,-,field,Pakistan,1,McLean Park,2020,12,New Zealand_Pakistan_2020-12-22,Pakistan,New Zealand,Pakistan,173
2,MJ Guptill,Shaheen Shah Afridi,TL Seifert,0,0,0,0,163,0,3,0,3,1,0,,,,-,field,Pakistan,1,McLean Park,2020,12,New Zealand_Pakistan_2020-12-22,Pakistan,New Zealand,Pakistan,173
3,MJ Guptill,Shaheen Shah Afridi,TL Seifert,1,0,1,1,162,1,4,0,4,1,0,,,,-,field,Pakistan,1,McLean Park,2020,12,New Zealand_Pakistan_2020-12-22,Pakistan,New Zealand,Pakistan,173
4,TL Seifert,Shaheen Shah Afridi,MJ Guptill,4,0,4,5,158,4,1,0,5,1,0,,,,-,field,Pakistan,1,McLean Park,2020,12,New Zealand_Pakistan_2020-12-22,Pakistan,New Zealand,Pakistan,173
5,TL Seifert,Shaheen Shah Afridi,MJ Guptill,0,0,0,5,158,4,2,0,6,1,0,,,,-,field,Pakistan,1,McLean Park,2020,12,New Zealand_Pakistan_2020-12-22,Pakistan,New Zealand,Pakistan,173
6,MJ Guptill,Mohammad Hasnain,TL Seifert,1,0,1,6,157,2,5,0,1,2,0,,,,-,field,Pakistan,1,McLean Park,2020,12,New Zealand_Pakistan_2020-12-22,Pakistan,New Zealand,Pakistan,173
7,TL Seifert,Mohammad Hasnain,MJ Guptill,0,0,0,6,157,4,3,0,2,2,0,,,,-,field,Pakistan,1,McLean Park,2020,12,New Zealand_Pakistan_2020-12-22,Pakistan,New Zealand,Pakistan,173
8,TL Seifert,Mohammad Hasnain,MJ Guptill,0,0,0,6,157,4,4,0,3,2,0,,,,-,field,Pakistan,1,McLean Park,2020,12,New Zealand_Pakistan_2020-12-22,Pakistan,New Zealand,Pakistan,173
9,TL Seifert,Mohammad Hasnain,MJ Guptill,0,0,0,6,157,4,5,0,4,2,0,,,,-,field,Pakistan,1,McLean Park,2020,12,New Zealand_Pakistan_2020-12-22,Pakistan,New Zealand,Pakistan,173
10,TL Seifert,Mohammad Hasnain,MJ Guptill,6,0,6,12,151,10,6,0,5,2,0,,,,-,field,Pakistan,1,McLean Park,2020,12,New Zealand_Pakistan_2020-12-22,Pakistan,New Zealand,Pakistan,173
11,TL Seifert,Mohammad Hasnain,MJ Guptill,0,0,0,12,151,10,7,0,6,2,0,,,,-,field,Pakistan,1,McLean Park,2020,12,New Zealand_Pakistan_2020-12-22,Pakistan,New Zealand,Pakistan,173
12,MJ Guptill,Shaheen Shah Afridi,TL Seifert,1,0,1,13,150,3,6,0,1,3,0,,,,-,field,Pakistan,1,McLean Park,2020,12,New Zealand_Pakistan_2020-12-22,Pakistan,New Zealand,Pakistan,173
13,TL Seifert,Shaheen Shah Afridi,MJ Guptill,2,0,2,15,148,12,8,0,2,3,0,,,,-,field,Pakistan,1,McLean Park,2020,12,New Zealand_Pakistan_2020-12-22,Pakistan,New Zealand,Pakistan,173
14,TL Seifert,Shaheen Shah Afridi,MJ Guptill,3,0,3,18,145,15,9,0,3,3,0,,,,-,field,Pakistan,1,McLean Park,2020,12,New Zealand_Pakistan_2020-12-22,Pakistan,New Zealand,Pakistan,173
15,MJ Guptill,Shaheen Shah Afridi,TL Seifert,0,0,0,18,145,3,7,0,4,3,0,,,,-,field,Pakistan,1,McLean Park,2020,12,New Zealand_Pakistan_2020-12-22,Pakistan,New Zealand,Pakistan,173
16,MJ Guptill,Shaheen Shah Afridi,TL Seifert,4,0,4,22,141,7,8,0,5,3,0,,,,-,field,Pakistan,1,McLean Park,2020,12,New Zealand_Pakistan_2020-12-22,Pakistan,New Zealand,Pakistan,173
17,MJ Guptill,Shaheen Shah Afridi,TL Seifert,1,0,1,23,140,8,9,0,6,3,0,,,,-,field,Pakistan,1,McLean Park,2020,12,New Zealand_Pakistan_2020-12-22,Pakistan,New Zealand,Pakistan,173
18,MJ Guptill,Mohammad Hasnain,TL Seifert,0,0,0,23,140,8,10,0,1,4,0,,,,-,field,Pakistan,1,McLean Park,2020,12,New Zealand_Pakistan_2020-12-22,Pakistan,New Zealand,Pakistan,173
19,MJ Guptill,Mohammad Hasnain,TL Seifert,0,0,0,23,140,8,11,0,2,4,0,,,,-,field,Pakistan,1,McLean Park,2020,12,New Zealand_Pakistan_2020-12-22,Pakistan,New Zealand,Pakistan,173
20,MJ Guptill,Mohammad Hasnain,TL Seifert,4,0,4,27,136,12,12,0,3,4,0,,,,-,field,Pakistan,1,McLean Park,2020,12,New Zealand_Pakistan_2020-12-22,Pakistan,New Zealand,Pakistan,173
21,MJ Guptill,Mohammad Hasnain,TL Seifert,1,0,1,28,135,13,13,0,4,4,0,,,,-,field,Pakistan,1,McLean Park,2020,12,New Zealand_Pakistan_2020-12-22,Pakistan,New Zealand,Pakistan,173
22,TL Seifert,Mohammad Hasnain,MJ Guptill,0,0,0,28,135,15,10,0,5,4,0,,,,-,field,Pakistan,1,McLean Park,2020,12,New Zealand_Pakistan_2020-12-22,Pakistan,New Zealand,Pakistan,173
23,TL Seifert,Mohammad Hasnain,MJ Guptill,6,0,6,34,129,21,11,0,6,4,0,,,,-,field,Pakistan,1,McLean Park,2020,12,New Zealand_Pakistan_2020-12-22,Pakistan,New Zealand,Pakistan,173
24,MJ Guptill,Haris Rauf,TL Seifert,0,0,0,34,129,13,14,0,1,5,0,,,,-,field,Pakistan,1,McLean Park,2020,12,New Zealand_Pakistan_2020-12-22,Pakistan,New Zealand,Pakistan,173
25,MJ Guptill,Haris Rauf,TL Seifert,6,0,6,40,123,19,15,0,2,5,0,,,,-,field,Pakistan,1,McLean Park,2020,12,New Zealand_Pakistan_2020-12-22,Pakistan,New Zealand,Pakistan,173
26,MJ Guptill,Haris Rauf,TL Seifert,0,0,0,40,123,19,16,1,3,5,caught,MJ Guptill,Shadab Khan,,-,field,Pakistan,1,McLean Park,2020,12,New Zealand_Pakistan_2020-12-22,Pakistan,New Zealand,Pakistan,173
27,KS Williamson,Haris Rauf,TL Seifert,1,0,1,41,122,1,1,1,4,5,0,,,,-,field,Pakistan,1,McLean Park,2020,12,New Zealand_Pakistan_2020-12-22,Pakistan,New Zealand,Pakistan,173
28,TL Seifert,Haris Rauf,KS Williamson,0,0,0,41,122,21,12,1,5,5,0,,,,-,field,Pakistan,1,McLean Park,2020,12,New Zealand_Pakistan_2020-12-22,Pakistan,New Zealand,Pakistan,173
29,TL Seifert,Haris Rauf,KS Williamson,4,0,4,45,118,25,13,1,6,5,0,,,,-,field,Pakistan,1,McLean Park,2020,12,New Zealand_Pakistan_2020-12-22,Pakistan,New Zealand,Pakistan,173
30,KS Williamson,Faheem Ashraf,TL Seifert,0,0,0,45,118,1,2,1,1,6,0,,,,-,field,Pakistan,1,McLean Park,2020,12,New Zealand_Pakistan_2020-12-22,Pakistan,New Zealand,Pakistan,173
31,KS Williamson,Faheem Ashraf,TL Seifert,0,0,0,45,118,1,3,1,2,6,0,,,,-,field,Pakistan,1,McLean Park,2020,12,New Zealand_Pakistan_2020-12-22,Pakistan,New Zealand,Pakistan,173
32,KS Williamson,Faheem Ashraf,TL Seifert,0,0,0,45,118,1,4,2,3,6,bowled,KS Williamson,,,-,field,Pakistan,1,McLean Park,2020,12,New Zealand_Pakistan_2020-12-22,Pakistan,New Zealand,Pakistan,173
33,DP Conway,Faheem Ashraf,TL Seifert,0,0,0,45,118,0,1,2,4,6,0,,,,-,field,Pakistan,1,McLean Park,2020,12,New Zealand_Pakistan_2020-12-22,Pakistan,New Zealand,Pakistan,173
34,DP Conway,Faheem Ashraf,TL Seifert,1,0,1,46,117,1,2,2,5,6,0,,,,-,field,Pakistan,1,McLean Park,2020,12,New Zealand_Pakistan_2020-12-22,Pakistan,New Zealand,Pakistan,173
35,TL Seifert,Faheem Ashraf,DP Conway,1,0,1,47,116,26,14,2,6,6,0,,,,-,field,Pakistan,1,McLean Park,2020,12,New Zealand_Pakistan_2020-12-22,Pakistan,New Zealand,Pakistan,173
36,TL Seifert,Shadab Khan,DP Conway,0,0,0,47,116,26,15,2,1,7,0,,,,-,field,Pakistan,1,McLean Park,2020,12,New Zealand_Pakistan_2020-12-22,Pakistan,New Zealand,Pakistan,173
37,TL Seifert,Shadab Khan,DP Conway,6,0,6,53,110,32,16,2,2,7,0,,,,-,field,Pakistan,1,McLean Park,2020,12,New Zealand_Pakistan_2020-12-22,Pakistan,New Zealand,Pakistan,173
38,TL Seifert,Shadab Khan,DP Conway,1,0,1,54,109,33,17,2,3,7,0,,,,-,field,Pakistan,1,McLean Park,2020,12,New Zealand_Pakistan_2020-12-22,Pakistan,New Zealand,Pakistan,173
39,DP Conway,Shadab Khan,TL Seifert,1,0,1,55,108,2,3,2,4,7,0,,,,-,field,Pakistan,1,McLean Park,2020,12,New Zealand_Pakistan_2020-12-22,Pakistan,New Zealand,Pakistan,173
40,TL Seifert,Shadab Khan,DP Conway,0,0,0,55,108,33,18,2,5,7,0,,,,-,field,Pakistan,1,McLean Park,2020,12,New Zealand_Pakistan_2020-12-22,Pakistan,New Zealand,Pakistan,173
41,TL Seifert,Shadab Khan,DP Conway,2,0,2,57,106,35,19,2,6,7,0,,,,-,field,Pakistan,1,McLean Park,2020,12,New Zealand_Pakistan_2020-12-22,Pakistan,New Zealand,Pakistan,173
42,DP Conway,Faheem Ashraf,TL Seifert,1,0,1,58,105,3,4,2,1,8,0,,,,-,field,Pakistan,1,McLean Park,2020,12,New Zealand_Pakistan_2020-12-22,Pakistan,New Zealand,Pakistan,173
43,TL Seifert,Faheem Ashraf,DP Conway,0,0,0,58,105,35,20,3,2,8,bowled,TL Seifert,,,-,field,Pakistan,1,McLean Park,2020,12,New Zealand_Pakistan_2020-12-22,Pakistan,New Zealand,Pakistan,173
44,GD Phillips,Faheem Ashraf,DP Conway,0,0,0,58,105,0,1,3,3,8,0,,,,-,field,Pakistan,1,McLean Park,2020,12,New Zealand_Pakistan_2020-12-22,Pakistan,New Zealand,Pakistan,173
45,GD Phillips,Faheem Ashraf,DP Conway,1,0,1,59,104,1,2,3,4,8,0,,,,-,field,Pakistan,1,McLean Park,2020,12,New Zealand_Pakistan_2020-12-22,Pakistan,New Zealand,Pakistan,173
46,DP Conway,Faheem Ashraf,GD Phillips,1,0,1,60,103,4,5,3,5,8,0,,,,-,field,Pakistan,1,McLean Park,2020,12,New Zealand_Pakistan_2020-12-22,Pakistan,New Zealand,Pakistan,173
47,GD Phillips,Faheem Ashraf,DP Conway,1,0,1,61,102,2,3,3,6,8,0,,,,-,field,Pakistan,1,McLean Park,2020,12,New Zealand_Pakistan_2020-12-22,Pakistan,New Zealand,Pakistan,173
48,GD Phillips,Shadab Khan,DP Conway,0,0,0,61,102,2,4,3,1,9,0,,,,-,field,Pakistan,1,McLean Park,2020,12,New Zealand_Pakistan_2020-12-22,Pakistan,New Zealand,Pakistan,173
49,GD Phillips,Shadab Khan,DP Conway,2,0,2,63,100,4,5,3,2,9,0,,,,-,field,Pakistan,1,McLean Park,2020,12,New Zealand_Pakistan_2020-12-22,Pakistan,New Zealand,Pakistan,173
50,GD Phillips,Shadab Khan,DP Conway,2,0,2,65,98,6,6,3,3,9,0,,,,-,field,Pakistan,1,McLean Park,2020,12,New Zealand_Pakistan_2020-12-22,Pakistan,New Zealand,Pakistan,173
51,GD Phillips,Shadab Khan,DP Conway,1,0,1,66,97,7,7,3,4,9,0,,,,-,field,Pakistan,1,McLean Park,2020,12,New Zealand_Pakistan_2020-12-22,Pakistan,New Zealand,Pakistan,173
52,DP Conway,Shadab Khan,GD Phillips,0,0,0,66,97,4,6,3,5,9,0,,,,-,field,Pakistan,1,McLean Park,2020,12,New Zealand_Pakistan_2020-12-22,Pakistan,New Zealand,Pakistan,173
53,DP Conway,Shadab Khan,GD Phillips,1,0,1,67,96,5,7,3,6,9,0,,,,-,field,Pakistan,1,McLean Park,2020,12,New Zealand_Pakistan_2020-12-22,Pakistan,New Zealand,Pakistan,173
54,DP Conway,Faheem Ashraf,GD Phillips,4,0,4,71,92,9,8,3,1,10,0,,,,-,field,Pakistan,1,McLean Park,2020,12,New Zealand_Pakistan_2020-12-22,Pakistan,New Zealand,Pakistan,173
55,DP Conway,Faheem Ashraf,GD Phillips,2,0,2,73,90,11,9,3,2,10,0,,,,-,field,Pakistan,1,McLean Park,2020,12,New Zealand_Pakistan_2020-12-22,Pakistan,New Zealand,Pakistan,173
56,DP Conway,Faheem Ashraf,GD Phillips,1,0,1,74,89,12,10,3,3,10,0,,,,-,field,Pakistan,1,McLean Park,2020,12,New Zealand_Pakistan_2020-12-22,Pakistan,New Zealand,Pakistan,173
57,GD Phillips,Faheem Ashraf,DP Conway,0,0,0,74,89,7,8,3,4,10,0,,,,-,field,Pakistan,1,McLean Park,2020,12,New Zealand_Pakistan_2020-12-22,Pakistan,New Zealand,Pakistan,173
58,GD Phillips,Faheem Ashraf,DP Conway,1,0,1,75,88,8,9,3,5,10,0,,,,-,field,Pakistan,1,McLean Park,2020,12,New Zealand_Pakistan_2020-12-22,Pakistan,New Zealand,Pakistan,173
59,DP Conway,Faheem Ashraf,GD Phillips,1,0,1,76,87,13,11,3,6,10,0,,,,-,field,Pakistan,1,McLean Park,2020,12,New Zealand_Pakistan_2020-12-22,Pakistan,New Zealand,Pakistan,173
60,DP Conway,Shadab Khan,GD Phillips,0,0,0,76,87,13,12,3,1,11,0,,,"{'by': 'Pakistan', 'umpire': 'CM Brown', 'batter': 'DP Conway', 'decision': 'struck down'}",-,field,Pakistan,1,McLean Park,2020,12,New Zealand_Pakistan_2020-12-22,Pakistan,New Zealand,Pakistan,173
61,DP Conway,Shadab Khan,GD Phillips,1,0,1,77,86,14,13,3,2,11,0,,,,-,field,Pakistan,1,McLean Park,2020,12,New Zealand_Pakistan_2020-12-22,Pakistan,New Zealand,Pakistan,173
62,GD Phillips,Shadab Khan,DP Conway,3,0,3,80,83,11,10,3,3,11,0,,,,-,field,Pakistan,1,McLean Park,2020,12,New Zealand_Pakistan_2020-12-22,Pakistan,New Zealand,Pakistan,173
63,DP Conway,Shadab Khan,GD Phillips,0,0,0,80,83,14,14,3,4,11,0,,,,-,field,Pakistan,1,McLean Park,2020,12,New Zealand_Pakistan_2020-12-22,Pakistan,New Zealand,Pakistan,173
64,DP Conway,Shadab Khan,GD Phillips,0,0,0,80,83,14,15,3,5,11,0,,,,-,field,Pakistan,1,McLean Park,2020,12,New Zealand_Pakistan_2020-12-22,Pakistan,New Zealand,Pakistan,173
65,DP Conway,Shadab Khan,GD Phillips,1,0,1,81,82,15,16,3,6,11,0,,,,-,field,Pakistan,1,McLean Park,2020,12,New Zealand_Pakistan_2020-12-22,Pakistan,New Zealand,Pakistan,173
66,DP Conway,Haris Rauf,GD Phillips,1,0,1,82,81,16,17,3,1,12,0,,,,-,field,Pakistan,1,McLean Park,2020,12,New Zealand_Pakistan_2020-12-22,Pakistan,New Zealand,Pakistan,173
67,GD Phillips,Haris Rauf,DP Conway,1,0,1,83,80,12,11,3,2,12,0,,,,-,field,Pakistan,1,McLean Park,2020,12,New Zealand_Pakistan_2020-12-22,Pakistan,New Zealand,Pakistan,173
68,DP Conway,Haris Rauf,GD Phillips,1,0,1,84,79,17,18,3,3,12,0,,,,-,field,Pakistan,1,McLean Park,2020,12,New Zealand_Pakistan_2020-12-22,Pakistan,New Zealand,Pakistan,173
69,GD Phillips,Haris Rauf,DP Conway,1,0,1,85,78,13,12,3,4,12,0,,,,-,field,Pakistan,1,McLean Park,2020,12,New Zealand_Pakistan_2020-12-22,Pakistan,New Zealand,Pakistan,173
70,DP Conway,Haris Rauf,GD Phillips,1,0,1,86,77,18,19,3,5,12,0,,,,-,field,Pakistan,1,McLean Park,2020,12,New Zealand_Pakistan_2020-12-22,Pakistan,New Zealand,Pakistan,173
71,GD Phillips,Haris Rauf,DP Conway,4,0,4,90,73,17,13,3,6,12,0,,,,-,field,Pakistan,1,McLean Park,2020,12,New Zealand_Pakistan_2020-12-22,Pakistan,New Zealand,Pakistan,173
72,DP Conway,Shadab Khan,GD Phillips,1,0,1,91,72,19,20,3,1,13,0,,,,-,field,Pakistan,1,McLean Park,2020,12,New Zealand_Pakistan_2020-12-22,Pakistan,New Zealand,Pakistan,173
73,GD Phillips,Shadab Khan,DP Conway,4,0,4,95,68,21,14,3,2,13,0,,,,-,field,Pakistan,1,McLean Park,2020,12,New Zealand_Pakistan_2020-12-22,Pakistan,New Zealand,Pakistan,173
74,GD Phillips,Shadab Khan,DP Conway,1,0,1,96,67,22,15,3,3,13,0,,,,-,field,Pakistan,1,McLean Park,2020,12,New Zealand_Pakistan_2020-12-22,Pakistan,New Zealand,Pakistan,173
75,DP Conway,Shadab Khan,GD Phillips,1,0,1,97,66,20,21,3,4,13,0,,,,-,field,Pakistan,1,McLean Park,2020,12,New Zealand_Pakistan_2020-12-22,Pakistan,New Zealand,Pakistan,173
76,GD Phillips,Shadab Khan,DP Conway,4,0,4,101,62,26,16,3,5,13,0,,,,-,field,Pakistan,1,McLean Park,2020,12,New Zealand_Pakistan_2020-12-22,Pakistan,New Zealand,Pakistan,173
77,GD Phillips,Shadab Khan,DP Conway,4,0,4,105,58,30,17,3,6,13,0,,,,-,field,Pakistan,1,McLean Park,2020,12,New Zealand_Pakistan_2020-12-22,Pakistan,New Zealand,Pakistan,173
78,DP Conway,Mohammad Hasnain,GD Phillips,1,0,1,106,57,21,22,3,1,14,0,,,,-,field,Pakistan,1,McLean Park,2020,12,New Zealand_Pakistan_2020-12-22,Pakistan,New Zealand,Pakistan,173
79,GD Phillips,Mohammad Hasnain,DP Conway,1,0,1,107,56,31,18,3,2,14,0,,,,-,field,Pakistan,1,McLean Park,2020,12,New Zealand_Pakistan_2020-12-22,Pakistan,New Zealand,Pakistan,173
80,DP Conway,Mohammad Hasnain,GD Phillips,0,0,0,107,56,21,23,3,3,14,0,,,,-,field,Pakistan,1,McLean Park,2020,12,New Zealand_Pakistan_2020-12-22,Pakistan,New Zealand,Pakistan,173
81,DP Conway,Mohammad Hasnain,GD Phillips,0,0,0,107,56,21,24,3,4,14,0,,,,-,field,Pakistan,1,McLean Park,2020,12,New Zealand_Pakistan_2020-12-22,Pakistan,New Zealand,Pakistan,173
82,DP Conway,Mohammad Hasnain,GD Phillips,1,0,1,108,55,22,25,3,5,14,0,,,,-,field,Pakistan,1,McLean Park,2020,12,New Zealand_Pakistan_2020-12-22,Pakistan,New Zealand,Pakistan,173
83,GD Phillips,Mohammad Hasnain,DP Conway,0,1,1,109,54,31,19,3,6,14,0,,,,legbyes,field,Pakistan,1,McLean Park,2020,12,New Zealand_Pakistan_2020-12-22,Pakistan,New Zealand,Pakistan,173
84,GD Phillips,Shaheen Shah Afridi,DP Conway,0,0,0,109,54,31,20,4,1,15,caught,GD Phillips,Haris Rauf,,-,field,Pakistan,1,McLean Park,2020,12,New Zealand_Pakistan_2020-12-22,Pakistan,New Zealand,Pakistan,173
85,DP Conway,Shaheen Shah Afridi,JDS Neesham,4,0,4,113,50,26,26,4,2,15,0,,,,-,field,Pakistan,1,McLean Park,2020,12,New Zealand_Pakistan_2020-12-22,Pakistan,New Zealand,Pakistan,173
86,DP Conway,Shaheen Shah Afridi,JDS Neesham,4,0,4,117,46,30,27,4,3,15,0,,,,-,field,Pakistan,1,McLean Park,2020,12,New Zealand_Pakistan_2020-12-22,Pakistan,New Zealand,Pakistan,173
87,DP Conway,Shaheen Shah Afridi,JDS Neesham,1,0,1,118,45,31,28,4,4,15,0,,,,-,field,Pakistan,1,McLean Park,2020,12,New Zealand_Pakistan_2020-12-22,Pakistan,New Zealand,Pakistan,173
88,JDS Neesham,Shaheen Shah Afridi,DP Conway,1,0,1,119,44,1,1,4,5,15,0,,,,-,field,Pakistan,1,McLean Park,2020,12,New Zealand_Pakistan_2020-12-22,Pakistan,New Zealand,Pakistan,173
89,DP Conway,Shaheen Shah Afridi,JDS Neesham,1,0,1,120,43,32,29,4,6,15,0,,,,-,field,Pakistan,1,McLean Park,2020,12,New Zealand_Pakistan_2020-12-22,Pakistan,New Zealand,Pakistan,173
90,DP Conway,Mohammad Hasnain,JDS Neesham,0,0,0,120,43,32,30,4,1,16,0,,,,-,field,Pakistan,1,McLean Park,2020,12,New Zealand_Pakistan_2020-12-22,Pakistan,New Zealand,Pakistan,173
91,DP Conway,Mohammad Hasnain,JDS Neesham,0,0,0,120,43,32,31,4,2,16,0,,,,-,field,Pakistan,1,McLean Park,2020,12,New Zealand_Pakistan_2020-12-22,Pakistan,New Zealand,Pakistan,173
92,DP Conway,Mohammad Hasnain,JDS Neesham,4,0,4,124,39,36,32,4,3,16,0,,,,-,field,Pakistan,1,McLean Park,2020,12,New Zealand_Pakistan_2020-12-22,Pakistan,New Zealand,Pakistan,173
93,DP Conway,Mohammad Hasnain,JDS Neesham,2,0,2,126,37,38,33,4,4,16,0,,,,-,field,Pakistan,1,McLean Park,2020,12,New Zealand_Pakistan_2020-12-22,Pakistan,New Zealand,Pakistan,173
94,DP Conway,Mohammad Hasnain,JDS Neesham,1,0,1,127,36,39,34,4,5,16,0,,,,-,field,Pakistan,1,McLean Park,2020,12,New Zealand_Pakistan_2020-12-22,Pakistan,New Zealand,Pakistan,173
95,JDS Neesham,Mohammad Hasnain,DP Conway,1,0,1,128,35,2,2,4,6,16,0,,,,-,field,Pakistan,1,McLean Park,2020,12,New Zealand_Pakistan_2020-12-22,Pakistan,New Zealand,Pakistan,173
96,JDS Neesham,Faheem Ashraf,DP Conway,0,0,0,128,35,2,3,4,1,17,0,,,,-,field,Pakistan,1,McLean Park,2020,12,New Zealand_Pakistan_2020-12-22,Pakistan,New Zealand,Pakistan,173
97,JDS Neesham,Faheem Ashraf,DP Conway,0,0,0,128,35,2,4,5,2,17,caught,JDS Neesham,Shadab Khan,,-,field,Pakistan,1,McLean Park,2020,12,New Zealand_Pakistan_2020-12-22,Pakistan,New Zealand,Pakistan,173
98,DP Conway,Faheem Ashraf,SC Kuggeleijn,1,0,1,129,34,40,35,5,3,17,0,,,,-,field,Pakistan,1,McLean Park,2020,12,New Zealand_Pakistan_2020-12-22,Pakistan,New Zealand,Pakistan,173
99,SC Kuggeleijn,Faheem Ashraf,DP Conway,1,0,1,130,33,1,1,5,4,17,0,,,,-,field,Pakistan,1,McLean Park,2020,12,New Zealand_Pakistan_2020-12-22,Pakistan,New Zealand,Pakistan,173
100,DP Conway,Faheem Ashraf,SC Kuggeleijn,1,0,1,131,32,41,36,5,5,17,0,,,,-,field,Pakistan,1,McLean Park,2020,12,New Zealand_Pakistan_2020-12-22,Pakistan,New Zealand,Pakistan,173
101,SC Kuggeleijn,Faheem Ashraf,DP Conway,2,0,2,133,30,3,2,5,6,17,0,,,,-,field,Pakistan,1,McLean Park,2020,12,New Zealand_Pakistan_2020-12-22,Pakistan,New Zealand,Pakistan,173
102,DP Conway,Haris Rauf,SC Kuggeleijn,4,0,4,137,26,45,37,5,1,18,0,,,,-,field,Pakistan,1,McLean Park,2020,12,New Zealand_Pakistan_2020-12-22,Pakistan,New Zealand,Pakistan,173
103,DP Conway,Haris Rauf,SC Kuggeleijn,0,0,0,137,26,45,38,5,2,18,0,,,,-,field,Pakistan,1,McLean Park,2020,12,New Zealand_Pakistan_2020-12-22,Pakistan,New Zealand,Pakistan,173
104,DP Conway,Haris Rauf,SC Kuggeleijn,6,0,6,143,20,51,39,5,3,18,0,,,,-,field,Pakistan,1,McLean Park,2020,12,New Zealand_Pakistan_2020-12-22,Pakistan,New Zealand,Pakistan,173
105,DP Conway,Haris Rauf,SC Kuggeleijn,1,0,1,144,19,52,40,5,4,18,0,,,,-,field,Pakistan,1,McLean Park,2020,12,New Zealand_Pakistan_2020-12-22,Pakistan,New Zealand,Pakistan,173
106,SC Kuggeleijn,Haris Rauf,DP Conway,1,0,1,145,18,4,3,5,5,18,0,,,,-,field,Pakistan,1,McLean Park,2020,12,New Zealand_Pakistan_2020-12-22,Pakistan,New Zealand,Pakistan,173
107,DP Conway,Haris Rauf,SC Kuggeleijn,4,0,4,149,14,56,41,5,6,18,0,,,,-,field,Pakistan,1,McLean Park,2020,12,New Zealand_Pakistan_2020-12-22,Pakistan,New Zealand,Pakistan,173
108,SC Kuggeleijn,Shaheen Shah Afridi,DP Conway,4,0,4,153,10,8,4,5,1,19,0,,,,-,field,Pakistan,1,McLean Park,2020,12,New Zealand_Pakistan_2020-12-22,Pakistan,New Zealand,Pakistan,173
109,SC Kuggeleijn,Shaheen Shah Afridi,DP Conway,6,0,6,159,4,14,5,5,2,19,0,,,,-,field,Pakistan,1,McLean Park,2020,12,New Zealand_Pakistan_2020-12-22,Pakistan,New Zealand,Pakistan,173
110,SC Kuggeleijn,Shaheen Shah Afridi,DP Conway,0,0,0,159,4,14,6,6,3,19,caught,SC Kuggeleijn,Iftikhar Ahmed,,-,field,Pakistan,1,McLean Park,2020,12,New Zealand_Pakistan_2020-12-22,Pakistan,New Zealand,Pakistan,173
111,DP Conway,Shaheen Shah Afridi,TG Southee,4,0,4,163,0,60,42,6,4,19,0,,,,-,field,Pakistan,1,McLean Park,2020,12,New Zealand_Pakistan_2020-12-22,Pakistan,New Zealand,Pakistan,173
112,DP Conway,Shaheen Shah Afridi,TG Southee,1,0,1,164,-1,61,43,6,5,19,0,,,,-,field,Pakistan,1,McLean Park,2020,12,New Zealand_Pakistan_2020-12-22,Pakistan,New Zealand,Pakistan,173
113,TG Southee,Shaheen Shah Afridi,DP Conway,1,0,1,165,-2,1,1,6,6,19,0,,,,-,field,Pakistan,1,McLean Park,2020,12,New Zealand_Pakistan_2020-12-22,Pakistan,New Zealand,Pakistan,173
114,TG Southee,Haris Rauf,DP Conway,0,1,1,166,-3,1,2,6,1,20,0,,,,noballs,field,Pakistan,1,McLean Park,2020,12,New Zealand_Pakistan_2020-12-22,Pakistan,New Zealand,Pakistan,173
115,TG Southee,Haris Rauf,DP Conway,1,0,1,167,-4,2,3,6,2,20,0,,,,-,field,Pakistan,1,McLean Park,2020,12,New Zealand_Pakistan_2020-12-22,Pakistan,New Zealand,Pakistan,173
116,DP Conway,Haris Rauf,TG Southee,2,0,2,169,-6,63,44,6,3,20,0,,,,-,field,Pakistan,1,McLean Park,2020,12,New Zealand_Pakistan_2020-12-22,Pakistan,New Zealand,Pakistan,173
117,DP Conway,Haris Rauf,TG Southee,0,0,0,169,-6,63,45,7,4,20,caught,DP Conway,Shadab Khan,,-,field,Pakistan,1,McLean Park,2020,12,New Zealand_Pakistan_2020-12-22,Pakistan,New Zealand,Pakistan,173
118,TG Southee,Haris Rauf,KA Jamieson,0,0,0,169,-6,2,4,7,5,20,0,,,,-,field,Pakistan,1,McLean Park,2020,12,New Zealand_Pakistan_2020-12-22,Pakistan,New Zealand,Pakistan,173
119,TG Southee,Haris Rauf,KA Jamieson,2,0,2,171,-8,4,5,7,6,20,0,,,,-,field,Pakistan,1,McLean Park,2020,12,New Zealand_Pakistan_2020-12-22,Pakistan,New Zealand,Pakistan,173
120,TG Southee,Haris Rauf,KA Jamieson,2,0,2,173,-10,6,6,7,7,20,0,,,,-,field,Pakistan,1,McLean Park,2020,12,New Zealand_Pakistan_2020-12-22,Pakistan,New Zealand,Pakistan,173
