,batter,bowler,non_striker,runs_by_bat,extra_runs,total,team_total,batter_runs,balls_faced,delivery,over,wicket_type,player_out,fielder,extras,extra_type,toss_decision,toss_winner,innings,venue,date,batting_team,bowling_team
0,BA King,RJW Topley,KR Mayers,0,0,0,0,0,1,1,1,0,,,,-,field,West Indies,2,"Kensington Oval, Bridgetown, Barbados",2022-01-29,West Indies,England
1,BA King,RJW Topley,KR Mayers,4,0,4,4,4,2,2,1,0,,,,-,field,West Indies,2,"Kensington Oval, Bridgetown, Barbados",2022-01-29,West Indies,England
2,BA King,RJW Topley,KR Mayers,1,0,1,5,5,3,3,1,0,,,,-,field,West Indies,2,"Kensington Oval, Bridgetown, Barbados",2022-01-29,West Indies,England
3,KR Mayers,RJW Topley,BA King,1,0,1,6,1,1,4,1,0,,,,-,field,West Indies,2,"Kensington Oval, Bridgetown, Barbados",2022-01-29,West Indies,England
4,BA King,RJW Topley,KR Mayers,0,0,0,6,5,4,5,1,0,,,,-,field,West Indies,2,"Kensington Oval, Bridgetown, Barbados",2022-01-29,West Indies,England
5,BA King,RJW Topley,KR Mayers,0,0,0,6,5,5,6,1,0,,,,-,field,West Indies,2,"Kensington Oval, Bridgetown, Barbados",2022-01-29,West Indies,England
6,KR Mayers,MM Ali,BA King,0,0,0,6,1,2,1,2,0,,,,-,field,West Indies,2,"Kensington Oval, Bridgetown, Barbados",2022-01-29,West Indies,England
7,KR Mayers,MM Ali,BA King,6,0,6,12,7,3,2,2,0,,,,-,field,West Indies,2,"Kensington Oval, Bridgetown, Barbados",2022-01-29,West Indies,England
8,KR Mayers,MM Ali,BA King,1,0,1,13,8,4,3,2,0,,,,-,field,West Indies,2,"Kensington Oval, Bridgetown, Barbados",2022-01-29,West Indies,England
9,BA King,MM Ali,KR Mayers,0,0,0,13,5,6,4,2,0,,,,-,field,West Indies,2,"Kensington Oval, Bridgetown, Barbados",2022-01-29,West Indies,England
10,BA King,MM Ali,KR Mayers,1,0,1,14,6,7,5,2,0,,,,-,field,West Indies,2,"Kensington Oval, Bridgetown, Barbados",2022-01-29,West Indies,England
11,KR Mayers,MM Ali,BA King,0,0,0,14,8,5,6,2,0,,,,-,field,West Indies,2,"Kensington Oval, Bridgetown, Barbados",2022-01-29,West Indies,England
12,BA King,RJW Topley,KR Mayers,0,0,0,14,6,8,1,3,0,,,,-,field,West Indies,2,"Kensington Oval, Bridgetown, Barbados",2022-01-29,West Indies,England
13,BA King,RJW Topley,KR Mayers,1,0,1,15,7,9,2,3,0,,,,-,field,West Indies,2,"Kensington Oval, Bridgetown, Barbados",2022-01-29,West Indies,England
14,KR Mayers,RJW Topley,BA King,1,0,1,16,9,6,3,3,0,,,,-,field,West Indies,2,"Kensington Oval, Bridgetown, Barbados",2022-01-29,West Indies,England
15,BA King,RJW Topley,KR Mayers,1,0,1,17,8,10,4,3,0,,,,-,field,West Indies,2,"Kensington Oval, Bridgetown, Barbados",2022-01-29,West Indies,England
16,KR Mayers,RJW Topley,BA King,4,0,4,21,13,7,5,3,0,,,,-,field,West Indies,2,"Kensington Oval, Bridgetown, Barbados",2022-01-29,West Indies,England
17,KR Mayers,RJW Topley,BA King,0,0,0,21,13,8,6,3,0,,,,-,field,West Indies,2,"Kensington Oval, Bridgetown, Barbados",2022-01-29,West Indies,England
18,BA King,MM Ali,KR Mayers,1,0,1,22,9,11,1,4,0,,,,-,field,West Indies,2,"Kensington Oval, Bridgetown, Barbados",2022-01-29,West Indies,England
19,KR Mayers,MM Ali,BA King,0,0,0,22,13,9,2,4,0,,,,-,field,West Indies,2,"Kensington Oval, Bridgetown, Barbados",2022-01-29,West Indies,England
20,KR Mayers,MM Ali,BA King,0,0,0,22,13,10,3,4,0,,,,-,field,West Indies,2,"Kensington Oval, Bridgetown, Barbados",2022-01-29,West Indies,England
21,KR Mayers,MM Ali,BA King,0,0,0,22,13,11,4,4,0,,,,-,field,West Indies,2,"Kensington Oval, Bridgetown, Barbados",2022-01-29,West Indies,England
22,KR Mayers,MM Ali,BA King,6,0,6,28,19,12,5,4,0,,,,-,field,West Indies,2,"Kensington Oval, Bridgetown, Barbados",2022-01-29,West Indies,England
23,KR Mayers,MM Ali,BA King,3,0,3,31,22,13,6,4,0,,,,-,field,West Indies,2,"Kensington Oval, Bridgetown, Barbados",2022-01-29,West Indies,England
24,KR Mayers,TS Mills,BA King,4,0,4,35,26,14,1,5,0,,,,-,field,West Indies,2,"Kensington Oval, Bridgetown, Barbados",2022-01-29,West Indies,England
25,KR Mayers,TS Mills,BA King,6,0,6,41,32,15,2,5,0,,,,-,field,West Indies,2,"Kensington Oval, Bridgetown, Barbados",2022-01-29,West Indies,England
26,KR Mayers,TS Mills,BA King,6,0,6,47,38,16,3,5,0,,,,-,field,West Indies,2,"Kensington Oval, Bridgetown, Barbados",2022-01-29,West Indies,England
27,KR Mayers,TS Mills,BA King,0,0,0,47,38,17,4,5,0,,,,-,field,West Indies,2,"Kensington Oval, Bridgetown, Barbados",2022-01-29,West Indies,England
28,KR Mayers,TS Mills,BA King,0,0,0,47,38,18,5,5,0,,,,-,field,West Indies,2,"Kensington Oval, Bridgetown, Barbados",2022-01-29,West Indies,England
29,KR Mayers,TS Mills,BA King,0,0,0,47,38,19,6,5,0,,,,-,field,West Indies,2,"Kensington Oval, Bridgetown, Barbados",2022-01-29,West Indies,England
30,BA King,CJ Jordan,KR Mayers,4,0,4,51,13,12,1,6,0,,,,-,field,West Indies,2,"Kensington Oval, Bridgetown, Barbados",2022-01-29,West Indies,England
31,BA King,CJ Jordan,KR Mayers,4,0,4,55,17,13,2,6,0,,,,-,field,West Indies,2,"Kensington Oval, Bridgetown, Barbados",2022-01-29,West Indies,England
32,BA King,CJ Jordan,KR Mayers,0,0,0,55,17,14,3,6,0,,,,-,field,West Indies,2,"Kensington Oval, Bridgetown, Barbados",2022-01-29,West Indies,England
33,BA King,CJ Jordan,KR Mayers,0,0,0,55,17,15,4,6,0,,,,-,field,West Indies,2,"Kensington Oval, Bridgetown, Barbados",2022-01-29,West Indies,England
34,BA King,CJ Jordan,KR Mayers,1,0,1,56,18,16,5,6,0,,,,-,field,West Indies,2,"Kensington Oval, Bridgetown, Barbados",2022-01-29,West Indies,England
35,KR Mayers,CJ Jordan,BA King,0,0,0,56,38,20,6,6,0,,,,-,field,West Indies,2,"Kensington Oval, Bridgetown, Barbados",2022-01-29,West Indies,England
36,BA King,AU Rashid,KR Mayers,4,0,4,60,22,17,1,7,0,,,,-,field,West Indies,2,"Kensington Oval, Bridgetown, Barbados",2022-01-29,West Indies,England
37,BA King,AU Rashid,KR Mayers,0,0,0,60,22,18,2,7,0,,,,-,field,West Indies,2,"Kensington Oval, Bridgetown, Barbados",2022-01-29,West Indies,England
38,BA King,AU Rashid,KR Mayers,0,0,0,60,22,19,3,7,0,,,,-,field,West Indies,2,"Kensington Oval, Bridgetown, Barbados",2022-01-29,West Indies,England
39,BA King,AU Rashid,KR Mayers,1,0,1,61,23,20,4,7,0,,,,-,field,West Indies,2,"Kensington Oval, Bridgetown, Barbados",2022-01-29,West Indies,England
40,KR Mayers,AU Rashid,BA King,2,0,2,63,40,21,5,7,0,,,,-,field,West Indies,2,"Kensington Oval, Bridgetown, Barbados",2022-01-29,West Indies,England
41,KR Mayers,AU Rashid,BA King,0,0,0,63,40,22,6,7,0,,,,-,field,West Indies,2,"Kensington Oval, Bridgetown, Barbados",2022-01-29,West Indies,England
42,BA King,MM Ali,KR Mayers,1,0,1,64,24,21,1,8,0,,,,-,field,West Indies,2,"Kensington Oval, Bridgetown, Barbados",2022-01-29,West Indies,England
43,KR Mayers,MM Ali,BA King,0,0,0,64,40,23,2,8,caught,KR Mayers,CJ Jordan,,-,field,West Indies,2,"Kensington Oval, Bridgetown, Barbados",2022-01-29,West Indies,England
44,N Pooran,MM Ali,BA King,2,0,2,66,2,1,3,8,0,,,,-,field,West Indies,2,"Kensington Oval, Bridgetown, Barbados",2022-01-29,West Indies,England
45,N Pooran,MM Ali,BA King,0,0,0,66,2,2,4,8,0,,,,-,field,West Indies,2,"Kensington Oval, Bridgetown, Barbados",2022-01-29,West Indies,England
46,N Pooran,MM Ali,BA King,0,0,0,66,2,3,5,8,0,,,,-,field,West Indies,2,"Kensington Oval, Bridgetown, Barbados",2022-01-29,West Indies,England
47,N Pooran,MM Ali,BA King,0,0,0,66,2,4,6,8,0,,,,-,field,West Indies,2,"Kensington Oval, Bridgetown, Barbados",2022-01-29,West Indies,England
48,BA King,AU Rashid,N Pooran,1,0,1,67,25,22,1,9,0,,,,-,field,West Indies,2,"Kensington Oval, Bridgetown, Barbados",2022-01-29,West Indies,England
49,N Pooran,AU Rashid,BA King,1,0,1,68,3,5,2,9,0,,,,-,field,West Indies,2,"Kensington Oval, Bridgetown, Barbados",2022-01-29,West Indies,England
50,BA King,AU Rashid,N Pooran,0,0,0,68,25,23,3,9,0,,,,-,field,West Indies,2,"Kensington Oval, Bridgetown, Barbados",2022-01-29,West Indies,England
51,BA King,AU Rashid,N Pooran,0,0,0,68,25,24,4,9,0,,,,-,field,West Indies,2,"Kensington Oval, Bridgetown, Barbados",2022-01-29,West Indies,England
52,BA King,AU Rashid,N Pooran,0,0,0,68,25,25,5,9,0,,,,-,field,West Indies,2,"Kensington Oval, Bridgetown, Barbados",2022-01-29,West Indies,England
53,BA King,AU Rashid,N Pooran,1,0,1,69,26,26,6,9,0,,,,-,field,West Indies,2,"Kensington Oval, Bridgetown, Barbados",2022-01-29,West Indies,England
54,BA King,MM Ali,N Pooran,0,0,0,69,26,27,1,10,caught,BA King,PD Salt,,-,field,West Indies,2,"Kensington Oval, Bridgetown, Barbados",2022-01-29,West Indies,England
55,N Pooran,MM Ali,R Powell,1,0,1,70,4,6,2,10,0,,,,-,field,West Indies,2,"Kensington Oval, Bridgetown, Barbados",2022-01-29,West Indies,England
56,R Powell,MM Ali,N Pooran,3,0,3,73,3,1,3,10,0,,,,-,field,West Indies,2,"Kensington Oval, Bridgetown, Barbados",2022-01-29,West Indies,England
57,N Pooran,MM Ali,R Powell,1,0,1,74,5,7,4,10,0,,,,-,field,West Indies,2,"Kensington Oval, Bridgetown, Barbados",2022-01-29,West Indies,England
58,R Powell,MM Ali,N Pooran,0,1,1,75,3,2,5,10,0,,,{'wides': 1},wides,field,West Indies,2,"Kensington Oval, Bridgetown, Barbados",2022-01-29,West Indies,England
59,R Powell,MM Ali,N Pooran,0,0,0,75,3,3,6,10,0,,,,-,field,West Indies,2,"Kensington Oval, Bridgetown, Barbados",2022-01-29,West Indies,England
60,R Powell,MM Ali,N Pooran,1,0,1,76,4,4,7,10,0,,,,-,field,West Indies,2,"Kensington Oval, Bridgetown, Barbados",2022-01-29,West Indies,England
61,R Powell,AU Rashid,N Pooran,1,0,1,77,5,5,1,11,0,,,,-,field,West Indies,2,"Kensington Oval, Bridgetown, Barbados",2022-01-29,West Indies,England
62,N Pooran,AU Rashid,R Powell,1,0,1,78,6,8,2,11,0,,,,-,field,West Indies,2,"Kensington Oval, Bridgetown, Barbados",2022-01-29,West Indies,England
63,R Powell,AU Rashid,N Pooran,0,0,0,78,5,6,3,11,0,,,,-,field,West Indies,2,"Kensington Oval, Bridgetown, Barbados",2022-01-29,West Indies,England
64,R Powell,AU Rashid,N Pooran,0,0,0,78,5,7,4,11,bowled,R Powell,,,-,field,West Indies,2,"Kensington Oval, Bridgetown, Barbados",2022-01-29,West Indies,England
65,JO Holder,AU Rashid,N Pooran,0,0,0,78,0,1,5,11,0,,,,-,field,West Indies,2,"Kensington Oval, Bridgetown, Barbados",2022-01-29,West Indies,England
66,JO Holder,AU Rashid,N Pooran,0,0,0,78,0,2,6,11,0,,,,-,field,West Indies,2,"Kensington Oval, Bridgetown, Barbados",2022-01-29,West Indies,England
67,N Pooran,LS Livingstone,JO Holder,1,0,1,79,7,9,1,12,0,,,,-,field,West Indies,2,"Kensington Oval, Bridgetown, Barbados",2022-01-29,West Indies,England
68,JO Holder,LS Livingstone,N Pooran,0,0,0,79,0,3,2,12,0,,,,-,field,West Indies,2,"Kensington Oval, Bridgetown, Barbados",2022-01-29,West Indies,England
69,JO Holder,LS Livingstone,N Pooran,0,0,0,79,0,4,3,12,0,,,,-,field,West Indies,2,"Kensington Oval, Bridgetown, Barbados",2022-01-29,West Indies,England
70,JO Holder,LS Livingstone,N Pooran,0,0,0,79,0,5,4,12,0,,,,-,field,West Indies,2,"Kensington Oval, Bridgetown, Barbados",2022-01-29,West Indies,England
71,JO Holder,LS Livingstone,N Pooran,1,0,1,80,1,6,5,12,0,,,,-,field,West Indies,2,"Kensington Oval, Bridgetown, Barbados",2022-01-29,West Indies,England
72,N Pooran,LS Livingstone,JO Holder,1,0,1,81,8,10,6,12,0,,,,-,field,West Indies,2,"Kensington Oval, Bridgetown, Barbados",2022-01-29,West Indies,England
73,N Pooran,CJ Jordan,JO Holder,0,0,0,81,8,11,1,13,0,,,,-,field,West Indies,2,"Kensington Oval, Bridgetown, Barbados",2022-01-29,West Indies,England
74,N Pooran,CJ Jordan,JO Holder,1,0,1,82,9,12,2,13,0,,,,-,field,West Indies,2,"Kensington Oval, Bridgetown, Barbados",2022-01-29,West Indies,England
75,JO Holder,CJ Jordan,N Pooran,1,0,1,83,2,7,3,13,0,,,,-,field,West Indies,2,"Kensington Oval, Bridgetown, Barbados",2022-01-29,West Indies,England
76,N Pooran,CJ Jordan,JO Holder,1,0,1,84,10,13,4,13,0,,,,-,field,West Indies,2,"Kensington Oval, Bridgetown, Barbados",2022-01-29,West Indies,England
77,JO Holder,CJ Jordan,N Pooran,0,0,0,84,2,8,5,13,0,,,,-,field,West Indies,2,"Kensington Oval, Bridgetown, Barbados",2022-01-29,West Indies,England
78,JO Holder,CJ Jordan,N Pooran,0,0,0,84,2,9,6,13,0,,,,-,field,West Indies,2,"Kensington Oval, Bridgetown, Barbados",2022-01-29,West Indies,England
79,N Pooran,LS Livingstone,JO Holder,6,0,6,90,16,14,1,14,0,,,,-,field,West Indies,2,"Kensington Oval, Bridgetown, Barbados",2022-01-29,West Indies,England
80,N Pooran,LS Livingstone,JO Holder,0,1,1,91,16,15,2,14,0,,,{'wides': 1},wides,field,West Indies,2,"Kensington Oval, Bridgetown, Barbados",2022-01-29,West Indies,England
81,N Pooran,LS Livingstone,JO Holder,6,0,6,97,22,16,3,14,0,,,,-,field,West Indies,2,"Kensington Oval, Bridgetown, Barbados",2022-01-29,West Indies,England
82,N Pooran,LS Livingstone,JO Holder,0,0,0,97,22,17,4,14,caught,N Pooran,JJ Roy,,-,field,West Indies,2,"Kensington Oval, Bridgetown, Barbados",2022-01-29,West Indies,England
83,KA Pollard,LS Livingstone,JO Holder,1,0,1,98,1,1,5,14,0,,,,-,field,West Indies,2,"Kensington Oval, Bridgetown, Barbados",2022-01-29,West Indies,England
84,JO Holder,LS Livingstone,KA Pollard,1,0,1,99,3,10,6,14,0,,,,-,field,West Indies,2,"Kensington Oval, Bridgetown, Barbados",2022-01-29,West Indies,England
85,KA Pollard,LS Livingstone,JO Holder,0,4,4,103,1,2,7,14,0,,,{'byes': 4},byes,field,West Indies,2,"Kensington Oval, Bridgetown, Barbados",2022-01-29,West Indies,England
86,JO Holder,AU Rashid,KA Pollard,6,0,6,109,9,11,1,15,0,,,,-,field,West Indies,2,"Kensington Oval, Bridgetown, Barbados",2022-01-29,West Indies,England
87,JO Holder,AU Rashid,KA Pollard,0,0,0,109,9,12,2,15,0,,,,-,field,West Indies,2,"Kensington Oval, Bridgetown, Barbados",2022-01-29,West Indies,England
88,JO Holder,AU Rashid,KA Pollard,6,0,6,115,15,13,3,15,0,,,,-,field,West Indies,2,"Kensington Oval, Bridgetown, Barbados",2022-01-29,West Indies,England
89,JO Holder,AU Rashid,KA Pollard,0,1,1,116,15,14,4,15,0,,,{'wides': 1},wides,field,West Indies,2,"Kensington Oval, Bridgetown, Barbados",2022-01-29,West Indies,England
90,JO Holder,AU Rashid,KA Pollard,1,0,1,117,16,15,5,15,0,,,,-,field,West Indies,2,"Kensington Oval, Bridgetown, Barbados",2022-01-29,West Indies,England
91,KA Pollard,AU Rashid,JO Holder,1,0,1,118,2,3,6,15,0,,,,-,field,West Indies,2,"Kensington Oval, Bridgetown, Barbados",2022-01-29,West Indies,England
92,JO Holder,AU Rashid,KA Pollard,1,0,1,119,17,16,7,15,0,,,,-,field,West Indies,2,"Kensington Oval, Bridgetown, Barbados",2022-01-29,West Indies,England
93,JO Holder,TS Mills,KA Pollard,1,0,1,120,18,17,1,16,0,,,,-,field,West Indies,2,"Kensington Oval, Bridgetown, Barbados",2022-01-29,West Indies,England
94,KA Pollard,TS Mills,JO Holder,1,0,1,121,3,4,2,16,0,,,,-,field,West Indies,2,"Kensington Oval, Bridgetown, Barbados",2022-01-29,West Indies,England
95,JO Holder,TS Mills,KA Pollard,4,0,4,125,22,18,3,16,0,,,,-,field,West Indies,2,"Kensington Oval, Bridgetown, Barbados",2022-01-29,West Indies,England
96,JO Holder,TS Mills,KA Pollard,0,1,1,126,22,19,4,16,0,,,{'wides': 1},wides,field,West Indies,2,"Kensington Oval, Bridgetown, Barbados",2022-01-29,West Indies,England
97,JO Holder,TS Mills,KA Pollard,6,0,6,132,28,20,5,16,0,,,,-,field,West Indies,2,"Kensington Oval, Bridgetown, Barbados",2022-01-29,West Indies,England
98,JO Holder,TS Mills,KA Pollard,1,0,1,133,29,21,6,16,0,,,,-,field,West Indies,2,"Kensington Oval, Bridgetown, Barbados",2022-01-29,West Indies,England
99,KA Pollard,TS Mills,JO Holder,0,0,0,133,3,5,7,16,0,,,,-,field,West Indies,2,"Kensington Oval, Bridgetown, Barbados",2022-01-29,West Indies,England
100,JO Holder,CJ Jordan,KA Pollard,1,0,1,134,30,22,1,17,0,,,,-,field,West Indies,2,"Kensington Oval, Bridgetown, Barbados",2022-01-29,West Indies,England
101,KA Pollard,CJ Jordan,JO Holder,2,0,2,136,5,6,2,17,0,,,,-,field,West Indies,2,"Kensington Oval, Bridgetown, Barbados",2022-01-29,West Indies,England
102,KA Pollard,CJ Jordan,JO Holder,1,0,1,137,6,7,3,17,0,,,,-,field,West Indies,2,"Kensington Oval, Bridgetown, Barbados",2022-01-29,West Indies,England
103,JO Holder,CJ Jordan,KA Pollard,1,0,1,138,31,23,4,17,0,,,,-,field,West Indies,2,"Kensington Oval, Bridgetown, Barbados",2022-01-29,West Indies,England
104,KA Pollard,CJ Jordan,JO Holder,1,0,1,139,7,8,5,17,0,,,,-,field,West Indies,2,"Kensington Oval, Bridgetown, Barbados",2022-01-29,West Indies,England
105,JO Holder,CJ Jordan,KA Pollard,1,0,1,140,32,24,6,17,0,,,,-,field,West Indies,2,"Kensington Oval, Bridgetown, Barbados",2022-01-29,West Indies,England
106,JO Holder,RJW Topley,KA Pollard,4,0,4,144,36,25,1,18,0,,,,-,field,West Indies,2,"Kensington Oval, Bridgetown, Barbados",2022-01-29,West Indies,England
107,JO Holder,RJW Topley,KA Pollard,0,0,0,144,36,26,2,18,caught,JO Holder,CJ Jordan,,-,field,West Indies,2,"Kensington Oval, Bridgetown, Barbados",2022-01-29,West Indies,England
108,KA Pollard,RJW Topley,DM Bravo,1,0,1,145,8,9,3,18,0,,,,-,field,West Indies,2,"Kensington Oval, Bridgetown, Barbados",2022-01-29,West Indies,England
109,DM Bravo,RJW Topley,KA Pollard,0,0,0,145,0,1,4,18,0,,,,-,field,West Indies,2,"Kensington Oval, Bridgetown, Barbados",2022-01-29,West Indies,England
110,DM Bravo,RJW Topley,KA Pollard,0,0,0,145,0,2,5,18,0,,,,-,field,West Indies,2,"Kensington Oval, Bridgetown, Barbados",2022-01-29,West Indies,England
111,DM Bravo,RJW Topley,KA Pollard,0,0,0,145,0,3,6,18,0,,,,-,field,West Indies,2,"Kensington Oval, Bridgetown, Barbados",2022-01-29,West Indies,England
112,KA Pollard,CJ Jordan,DM Bravo,0,0,0,145,8,10,1,19,0,,,,-,field,West Indies,2,"Kensington Oval, Bridgetown, Barbados",2022-01-29,West Indies,England
113,KA Pollard,CJ Jordan,DM Bravo,1,0,1,146,9,11,2,19,0,,,,-,field,West Indies,2,"Kensington Oval, Bridgetown, Barbados",2022-01-29,West Indies,England
114,DM Bravo,CJ Jordan,KA Pollard,1,0,1,147,1,4,3,19,0,,,,-,field,West Indies,2,"Kensington Oval, Bridgetown, Barbados",2022-01-29,West Indies,England
115,KA Pollard,CJ Jordan,DM Bravo,4,0,4,151,13,12,4,19,0,,,,-,field,West Indies,2,"Kensington Oval, Bridgetown, Barbados",2022-01-29,West Indies,England
116,KA Pollard,CJ Jordan,DM Bravo,0,1,1,152,13,13,5,19,0,,,{'wides': 1},wides,field,West Indies,2,"Kensington Oval, Bridgetown, Barbados",2022-01-29,West Indies,England
117,KA Pollard,CJ Jordan,DM Bravo,4,0,4,156,17,14,6,19,0,,,,-,field,West Indies,2,"Kensington Oval, Bridgetown, Barbados",2022-01-29,West Indies,England
118,KA Pollard,CJ Jordan,DM Bravo,0,0,0,156,17,15,7,19,0,,,,-,field,West Indies,2,"Kensington Oval, Bridgetown, Barbados",2022-01-29,West Indies,England
119,DM Bravo,RJW Topley,KA Pollard,0,0,0,156,1,5,1,20,0,,,,-,field,West Indies,2,"Kensington Oval, Bridgetown, Barbados",2022-01-29,West Indies,England
120,DM Bravo,RJW Topley,KA Pollard,1,0,1,157,2,6,2,20,0,,,,-,field,West Indies,2,"Kensington Oval, Bridgetown, Barbados",2022-01-29,West Indies,England
121,KA Pollard,RJW Topley,DM Bravo,1,0,1,158,18,16,3,20,0,,,,-,field,West Indies,2,"Kensington Oval, Bridgetown, Barbados",2022-01-29,West Indies,England
122,DM Bravo,RJW Topley,KA Pollard,0,0,0,158,2,7,4,20,0,,,,-,field,West Indies,2,"Kensington Oval, Bridgetown, Barbados",2022-01-29,West Indies,England
123,DM Bravo,RJW Topley,KA Pollard,1,0,1,159,3,8,5,20,0,,,,-,field,West Indies,2,"Kensington Oval, Bridgetown, Barbados",2022-01-29,West Indies,England
124,KA Pollard,RJW Topley,DM Bravo,0,0,0,159,18,17,6,20,0,,,,-,field,West Indies,2,"Kensington Oval, Bridgetown, Barbados",2022-01-29,West Indies,England
