,batter,bowler,non_striker,runs_by_bat,extra_runs,total,team_total,batter_runs,balls_faced,delivery,over,extras,extra_type,wicket_type,player_out,fielder,review,toss_decision,toss_winner,innings,venue,date,batting_team,bowling_team
0,E Lewis,GF Linde,ADS Fletcher,0,0,0,0,0,1,1,1,,-,0,,,,field,West Indies,2,"National Cricket Stadium, St George's, Grenada",2021-06-27,West Indies,South Africa
1,E Lewis,GF Linde,ADS Fletcher,6,0,6,6,6,2,2,1,,-,0,,,,field,West Indies,2,"National Cricket Stadium, St George's, Grenada",2021-06-27,West Indies,South Africa
2,E Lewis,GF Linde,ADS Fletcher,0,0,0,6,6,3,3,1,,-,0,,,,field,West Indies,2,"National Cricket Stadium, St George's, Grenada",2021-06-27,West Indies,South Africa
3,E Lewis,GF Linde,ADS Fletcher,0,0,0,6,6,4,4,1,,-,0,,,,field,West Indies,2,"National Cricket Stadium, St George's, Grenada",2021-06-27,West Indies,South Africa
4,E Lewis,GF Linde,ADS Fletcher,1,0,1,7,7,5,5,1,,-,0,,,,field,West Indies,2,"National Cricket Stadium, St George's, Grenada",2021-06-27,West Indies,South Africa
5,ADS Fletcher,GF Linde,E Lewis,0,0,0,7,0,1,6,1,,-,0,,,,field,West Indies,2,"National Cricket Stadium, St George's, Grenada",2021-06-27,West Indies,South Africa
6,E Lewis,L Ngidi,ADS Fletcher,0,1,1,8,7,6,1,2,{'noballs': 1},noballs,0,,,,field,West Indies,2,"National Cricket Stadium, St George's, Grenada",2021-06-27,West Indies,South Africa
7,E Lewis,L Ngidi,ADS Fletcher,0,0,0,8,7,7,2,2,,-,0,,,,field,West Indies,2,"National Cricket Stadium, St George's, Grenada",2021-06-27,West Indies,South Africa
8,E Lewis,L Ngidi,ADS Fletcher,0,1,1,9,7,8,3,2,{'wides': 1},wides,0,,,,field,West Indies,2,"National Cricket Stadium, St George's, Grenada",2021-06-27,West Indies,South Africa
9,E Lewis,L Ngidi,ADS Fletcher,4,0,4,13,11,9,4,2,,-,0,,,,field,West Indies,2,"National Cricket Stadium, St George's, Grenada",2021-06-27,West Indies,South Africa
10,E Lewis,L Ngidi,ADS Fletcher,0,2,2,15,11,10,5,2,{'legbyes': 2},legbyes,0,,,,field,West Indies,2,"National Cricket Stadium, St George's, Grenada",2021-06-27,West Indies,South Africa
11,E Lewis,L Ngidi,ADS Fletcher,4,0,4,19,15,11,6,2,,-,0,,,,field,West Indies,2,"National Cricket Stadium, St George's, Grenada",2021-06-27,West Indies,South Africa
12,E Lewis,L Ngidi,ADS Fletcher,0,0,0,19,15,12,7,2,,-,0,,,,field,West Indies,2,"National Cricket Stadium, St George's, Grenada",2021-06-27,West Indies,South Africa
13,E Lewis,L Ngidi,ADS Fletcher,1,0,1,20,16,13,8,2,,-,0,,,,field,West Indies,2,"National Cricket Stadium, St George's, Grenada",2021-06-27,West Indies,South Africa
14,E Lewis,K Rabada,ADS Fletcher,0,0,0,20,16,14,1,3,,-,0,,,,field,West Indies,2,"National Cricket Stadium, St George's, Grenada",2021-06-27,West Indies,South Africa
15,E Lewis,K Rabada,ADS Fletcher,1,0,1,21,17,15,2,3,,-,0,,,,field,West Indies,2,"National Cricket Stadium, St George's, Grenada",2021-06-27,West Indies,South Africa
16,ADS Fletcher,K Rabada,E Lewis,0,0,0,21,0,2,3,3,,-,0,,,,field,West Indies,2,"National Cricket Stadium, St George's, Grenada",2021-06-27,West Indies,South Africa
17,ADS Fletcher,K Rabada,E Lewis,6,0,6,27,6,3,4,3,,-,0,,,,field,West Indies,2,"National Cricket Stadium, St George's, Grenada",2021-06-27,West Indies,South Africa
18,ADS Fletcher,K Rabada,E Lewis,0,0,0,27,6,4,5,3,,-,0,,,,field,West Indies,2,"National Cricket Stadium, St George's, Grenada",2021-06-27,West Indies,South Africa
19,ADS Fletcher,K Rabada,E Lewis,0,0,0,27,6,5,6,3,,-,0,,,,field,West Indies,2,"National Cricket Stadium, St George's, Grenada",2021-06-27,West Indies,South Africa
20,E Lewis,A Nortje,ADS Fletcher,4,0,4,31,21,16,1,4,,-,0,,,,field,West Indies,2,"National Cricket Stadium, St George's, Grenada",2021-06-27,West Indies,South Africa
21,E Lewis,A Nortje,ADS Fletcher,0,0,0,31,21,17,2,4,,-,bowled,E Lewis,,,field,West Indies,2,"National Cricket Stadium, St George's, Grenada",2021-06-27,West Indies,South Africa
22,CH Gayle,A Nortje,ADS Fletcher,2,0,2,33,2,1,3,4,,-,0,,,,field,West Indies,2,"National Cricket Stadium, St George's, Grenada",2021-06-27,West Indies,South Africa
23,CH Gayle,A Nortje,ADS Fletcher,0,0,0,33,2,2,4,4,,-,0,,,,field,West Indies,2,"National Cricket Stadium, St George's, Grenada",2021-06-27,West Indies,South Africa
24,CH Gayle,A Nortje,ADS Fletcher,4,0,4,37,6,3,5,4,,-,0,,,,field,West Indies,2,"National Cricket Stadium, St George's, Grenada",2021-06-27,West Indies,South Africa
25,CH Gayle,A Nortje,ADS Fletcher,1,0,1,38,7,4,6,4,,-,0,,,,field,West Indies,2,"National Cricket Stadium, St George's, Grenada",2021-06-27,West Indies,South Africa
26,CH Gayle,K Rabada,ADS Fletcher,1,0,1,39,8,5,1,5,,-,0,,,,field,West Indies,2,"National Cricket Stadium, St George's, Grenada",2021-06-27,West Indies,South Africa
27,ADS Fletcher,K Rabada,CH Gayle,1,0,1,40,7,6,2,5,,-,0,,,,field,West Indies,2,"National Cricket Stadium, St George's, Grenada",2021-06-27,West Indies,South Africa
28,CH Gayle,K Rabada,ADS Fletcher,0,0,0,40,8,6,3,5,,-,caught,CH Gayle,GF Linde,,field,West Indies,2,"National Cricket Stadium, St George's, Grenada",2021-06-27,West Indies,South Africa
29,N Pooran,K Rabada,ADS Fletcher,0,0,0,40,0,1,4,5,,-,0,,,,field,West Indies,2,"National Cricket Stadium, St George's, Grenada",2021-06-27,West Indies,South Africa
30,N Pooran,K Rabada,ADS Fletcher,1,0,1,41,1,2,5,5,,-,0,,,,field,West Indies,2,"National Cricket Stadium, St George's, Grenada",2021-06-27,West Indies,South Africa
31,ADS Fletcher,K Rabada,N Pooran,0,0,0,41,7,7,6,5,,-,0,,,,field,West Indies,2,"National Cricket Stadium, St George's, Grenada",2021-06-27,West Indies,South Africa
32,N Pooran,L Ngidi,ADS Fletcher,0,0,0,41,1,3,1,6,,-,0,,,,field,West Indies,2,"National Cricket Stadium, St George's, Grenada",2021-06-27,West Indies,South Africa
33,N Pooran,L Ngidi,ADS Fletcher,4,0,4,45,5,4,2,6,,-,0,,,,field,West Indies,2,"National Cricket Stadium, St George's, Grenada",2021-06-27,West Indies,South Africa
34,N Pooran,L Ngidi,ADS Fletcher,1,0,1,46,6,5,3,6,,-,0,,,,field,West Indies,2,"National Cricket Stadium, St George's, Grenada",2021-06-27,West Indies,South Africa
35,ADS Fletcher,L Ngidi,N Pooran,0,0,0,46,7,8,4,6,,-,0,,,,field,West Indies,2,"National Cricket Stadium, St George's, Grenada",2021-06-27,West Indies,South Africa
36,ADS Fletcher,L Ngidi,N Pooran,4,0,4,50,11,9,5,6,,-,0,,,,field,West Indies,2,"National Cricket Stadium, St George's, Grenada",2021-06-27,West Indies,South Africa
37,ADS Fletcher,L Ngidi,N Pooran,3,0,3,53,14,10,6,6,,-,0,,,,field,West Indies,2,"National Cricket Stadium, St George's, Grenada",2021-06-27,West Indies,South Africa
38,ADS Fletcher,GF Linde,N Pooran,2,0,2,55,16,11,1,7,,-,0,,,,field,West Indies,2,"National Cricket Stadium, St George's, Grenada",2021-06-27,West Indies,South Africa
39,ADS Fletcher,GF Linde,N Pooran,0,0,0,55,16,12,2,7,,-,0,,,,field,West Indies,2,"National Cricket Stadium, St George's, Grenada",2021-06-27,West Indies,South Africa
40,ADS Fletcher,GF Linde,N Pooran,0,0,0,55,16,13,3,7,,-,0,,,,field,West Indies,2,"National Cricket Stadium, St George's, Grenada",2021-06-27,West Indies,South Africa
41,ADS Fletcher,GF Linde,N Pooran,0,0,0,55,16,14,4,7,,-,0,,,,field,West Indies,2,"National Cricket Stadium, St George's, Grenada",2021-06-27,West Indies,South Africa
42,ADS Fletcher,GF Linde,N Pooran,1,0,1,56,17,15,5,7,,-,0,,,,field,West Indies,2,"National Cricket Stadium, St George's, Grenada",2021-06-27,West Indies,South Africa
43,N Pooran,GF Linde,ADS Fletcher,0,0,0,56,6,6,6,7,,-,0,,,,field,West Indies,2,"National Cricket Stadium, St George's, Grenada",2021-06-27,West Indies,South Africa
44,ADS Fletcher,T Shamsi,N Pooran,1,0,1,57,18,16,1,8,,-,0,,,,field,West Indies,2,"National Cricket Stadium, St George's, Grenada",2021-06-27,West Indies,South Africa
45,N Pooran,T Shamsi,ADS Fletcher,2,0,2,59,8,7,2,8,,-,0,,,,field,West Indies,2,"National Cricket Stadium, St George's, Grenada",2021-06-27,West Indies,South Africa
46,N Pooran,T Shamsi,ADS Fletcher,0,0,0,59,8,8,3,8,,-,0,,,,field,West Indies,2,"National Cricket Stadium, St George's, Grenada",2021-06-27,West Indies,South Africa
47,N Pooran,T Shamsi,ADS Fletcher,0,0,0,59,8,9,4,8,,-,0,,,,field,West Indies,2,"National Cricket Stadium, St George's, Grenada",2021-06-27,West Indies,South Africa
48,N Pooran,T Shamsi,ADS Fletcher,1,0,1,60,9,10,5,8,,-,0,,,,field,West Indies,2,"National Cricket Stadium, St George's, Grenada",2021-06-27,West Indies,South Africa
49,ADS Fletcher,T Shamsi,N Pooran,1,0,1,61,19,17,6,8,,-,0,,,,field,West Indies,2,"National Cricket Stadium, St George's, Grenada",2021-06-27,West Indies,South Africa
50,ADS Fletcher,GF Linde,N Pooran,0,0,0,61,19,18,1,9,,-,0,,,,field,West Indies,2,"National Cricket Stadium, St George's, Grenada",2021-06-27,West Indies,South Africa
51,ADS Fletcher,GF Linde,N Pooran,0,0,0,61,19,19,2,9,,-,0,,,,field,West Indies,2,"National Cricket Stadium, St George's, Grenada",2021-06-27,West Indies,South Africa
52,ADS Fletcher,GF Linde,N Pooran,1,0,1,62,20,20,3,9,,-,0,,,,field,West Indies,2,"National Cricket Stadium, St George's, Grenada",2021-06-27,West Indies,South Africa
53,N Pooran,GF Linde,ADS Fletcher,0,0,0,62,9,11,4,9,,-,caught,N Pooran,DA Miller,,field,West Indies,2,"National Cricket Stadium, St George's, Grenada",2021-06-27,West Indies,South Africa
54,KA Pollard,GF Linde,ADS Fletcher,1,0,1,63,1,1,5,9,,-,0,,,,field,West Indies,2,"National Cricket Stadium, St George's, Grenada",2021-06-27,West Indies,South Africa
55,ADS Fletcher,GF Linde,KA Pollard,1,0,1,64,21,21,6,9,,-,0,,,,field,West Indies,2,"National Cricket Stadium, St George's, Grenada",2021-06-27,West Indies,South Africa
56,ADS Fletcher,T Shamsi,KA Pollard,0,0,0,64,21,22,1,10,,-,0,,,,field,West Indies,2,"National Cricket Stadium, St George's, Grenada",2021-06-27,West Indies,South Africa
57,ADS Fletcher,T Shamsi,KA Pollard,1,0,1,65,22,23,2,10,,-,0,,,,field,West Indies,2,"National Cricket Stadium, St George's, Grenada",2021-06-27,West Indies,South Africa
58,KA Pollard,T Shamsi,ADS Fletcher,0,0,0,65,1,2,3,10,,-,0,,,,field,West Indies,2,"National Cricket Stadium, St George's, Grenada",2021-06-27,West Indies,South Africa
59,KA Pollard,T Shamsi,ADS Fletcher,0,0,0,65,1,3,4,10,,-,0,,,,field,West Indies,2,"National Cricket Stadium, St George's, Grenada",2021-06-27,West Indies,South Africa
60,KA Pollard,T Shamsi,ADS Fletcher,0,0,0,65,1,4,5,10,,-,caught,KA Pollard,RR Hendricks,,field,West Indies,2,"National Cricket Stadium, St George's, Grenada",2021-06-27,West Indies,South Africa
61,AD Russell,T Shamsi,ADS Fletcher,1,0,1,66,1,1,6,10,,-,0,,,,field,West Indies,2,"National Cricket Stadium, St George's, Grenada",2021-06-27,West Indies,South Africa
62,AD Russell,GF Linde,ADS Fletcher,0,0,0,66,1,2,1,11,,-,0,,,,field,West Indies,2,"National Cricket Stadium, St George's, Grenada",2021-06-27,West Indies,South Africa
63,AD Russell,GF Linde,ADS Fletcher,4,0,4,70,5,3,2,11,,-,0,,,,field,West Indies,2,"National Cricket Stadium, St George's, Grenada",2021-06-27,West Indies,South Africa
64,AD Russell,GF Linde,ADS Fletcher,0,0,0,70,5,4,3,11,,-,caught,AD Russell,H Klaasen,,field,West Indies,2,"National Cricket Stadium, St George's, Grenada",2021-06-27,West Indies,South Africa
65,ADS Fletcher,GF Linde,JO Holder,1,0,1,71,23,24,4,11,,-,0,,,,field,West Indies,2,"National Cricket Stadium, St George's, Grenada",2021-06-27,West Indies,South Africa
66,JO Holder,GF Linde,ADS Fletcher,0,0,0,71,0,1,5,11,,-,0,,,,field,West Indies,2,"National Cricket Stadium, St George's, Grenada",2021-06-27,West Indies,South Africa
67,JO Holder,GF Linde,ADS Fletcher,1,0,1,72,1,2,6,11,,-,0,,,,field,West Indies,2,"National Cricket Stadium, St George's, Grenada",2021-06-27,West Indies,South Africa
68,JO Holder,T Shamsi,ADS Fletcher,1,0,1,73,2,3,1,12,,-,0,,,,field,West Indies,2,"National Cricket Stadium, St George's, Grenada",2021-06-27,West Indies,South Africa
69,ADS Fletcher,T Shamsi,JO Holder,1,0,1,74,24,25,2,12,,-,0,,,,field,West Indies,2,"National Cricket Stadium, St George's, Grenada",2021-06-27,West Indies,South Africa
70,JO Holder,T Shamsi,ADS Fletcher,0,0,0,74,2,4,3,12,,-,0,,,,field,West Indies,2,"National Cricket Stadium, St George's, Grenada",2021-06-27,West Indies,South Africa
71,JO Holder,T Shamsi,ADS Fletcher,1,0,1,75,3,5,4,12,,-,0,,,,field,West Indies,2,"National Cricket Stadium, St George's, Grenada",2021-06-27,West Indies,South Africa
72,ADS Fletcher,T Shamsi,JO Holder,1,0,1,76,25,26,5,12,,-,0,,,,field,West Indies,2,"National Cricket Stadium, St George's, Grenada",2021-06-27,West Indies,South Africa
73,JO Holder,T Shamsi,ADS Fletcher,0,0,0,76,3,6,6,12,,-,0,,,,field,West Indies,2,"National Cricket Stadium, St George's, Grenada",2021-06-27,West Indies,South Africa
74,ADS Fletcher,A Nortje,JO Holder,0,0,0,76,25,27,1,13,,-,0,,,,field,West Indies,2,"National Cricket Stadium, St George's, Grenada",2021-06-27,West Indies,South Africa
75,ADS Fletcher,A Nortje,JO Holder,1,0,1,77,26,28,2,13,,-,0,,,,field,West Indies,2,"National Cricket Stadium, St George's, Grenada",2021-06-27,West Indies,South Africa
76,JO Holder,A Nortje,ADS Fletcher,1,0,1,78,4,7,3,13,,-,0,,,,field,West Indies,2,"National Cricket Stadium, St George's, Grenada",2021-06-27,West Indies,South Africa
77,ADS Fletcher,A Nortje,JO Holder,1,0,1,79,27,29,4,13,,-,0,,,,field,West Indies,2,"National Cricket Stadium, St George's, Grenada",2021-06-27,West Indies,South Africa
78,JO Holder,A Nortje,ADS Fletcher,2,0,2,81,6,8,5,13,,-,0,,,,field,West Indies,2,"National Cricket Stadium, St George's, Grenada",2021-06-27,West Indies,South Africa
79,JO Holder,A Nortje,ADS Fletcher,2,0,2,83,8,9,6,13,,-,0,,,,field,West Indies,2,"National Cricket Stadium, St George's, Grenada",2021-06-27,West Indies,South Africa
80,ADS Fletcher,T Shamsi,JO Holder,0,1,1,84,27,30,1,14,{'wides': 1},wides,0,,,,field,West Indies,2,"National Cricket Stadium, St George's, Grenada",2021-06-27,West Indies,South Africa
81,ADS Fletcher,T Shamsi,JO Holder,2,0,2,86,29,31,2,14,,-,0,,,,field,West Indies,2,"National Cricket Stadium, St George's, Grenada",2021-06-27,West Indies,South Africa
82,ADS Fletcher,T Shamsi,JO Holder,1,0,1,87,30,32,3,14,,-,0,,,,field,West Indies,2,"National Cricket Stadium, St George's, Grenada",2021-06-27,West Indies,South Africa
83,JO Holder,T Shamsi,ADS Fletcher,0,0,0,87,8,10,4,14,,-,0,,,,field,West Indies,2,"National Cricket Stadium, St George's, Grenada",2021-06-27,West Indies,South Africa
84,JO Holder,T Shamsi,ADS Fletcher,0,0,0,87,8,11,5,14,,-,0,,,"{'by': 'South Africa', 'umpire': 'GO Brathwaite', 'batter': 'JO Holder', 'decision': 'struck down'}",field,West Indies,2,"National Cricket Stadium, St George's, Grenada",2021-06-27,West Indies,South Africa
85,JO Holder,T Shamsi,ADS Fletcher,0,0,0,87,8,12,6,14,,-,0,,,,field,West Indies,2,"National Cricket Stadium, St George's, Grenada",2021-06-27,West Indies,South Africa
86,JO Holder,T Shamsi,ADS Fletcher,1,0,1,88,9,13,7,14,,-,0,,,,field,West Indies,2,"National Cricket Stadium, St George's, Grenada",2021-06-27,West Indies,South Africa
87,JO Holder,L Ngidi,ADS Fletcher,1,0,1,89,10,14,1,15,,-,0,,,,field,West Indies,2,"National Cricket Stadium, St George's, Grenada",2021-06-27,West Indies,South Africa
88,ADS Fletcher,L Ngidi,JO Holder,0,0,0,89,30,33,2,15,,-,0,,,,field,West Indies,2,"National Cricket Stadium, St George's, Grenada",2021-06-27,West Indies,South Africa
89,ADS Fletcher,L Ngidi,JO Holder,0,0,0,89,30,34,3,15,,-,0,,,,field,West Indies,2,"National Cricket Stadium, St George's, Grenada",2021-06-27,West Indies,South Africa
90,ADS Fletcher,L Ngidi,JO Holder,4,0,4,93,34,35,4,15,,-,0,,,,field,West Indies,2,"National Cricket Stadium, St George's, Grenada",2021-06-27,West Indies,South Africa
91,ADS Fletcher,L Ngidi,JO Holder,1,0,1,94,35,36,5,15,,-,0,,,,field,West Indies,2,"National Cricket Stadium, St George's, Grenada",2021-06-27,West Indies,South Africa
92,JO Holder,L Ngidi,ADS Fletcher,1,0,1,95,11,15,6,15,,-,0,,,,field,West Indies,2,"National Cricket Stadium, St George's, Grenada",2021-06-27,West Indies,South Africa
93,JO Holder,K Rabada,ADS Fletcher,6,0,6,101,17,16,1,16,,-,0,,,,field,West Indies,2,"National Cricket Stadium, St George's, Grenada",2021-06-27,West Indies,South Africa
94,JO Holder,K Rabada,ADS Fletcher,0,0,0,101,17,17,2,16,,-,0,,,,field,West Indies,2,"National Cricket Stadium, St George's, Grenada",2021-06-27,West Indies,South Africa
95,JO Holder,K Rabada,ADS Fletcher,0,0,0,101,17,18,3,16,,-,0,,,,field,West Indies,2,"National Cricket Stadium, St George's, Grenada",2021-06-27,West Indies,South Africa
96,JO Holder,K Rabada,ADS Fletcher,2,0,2,103,19,19,4,16,,-,0,,,,field,West Indies,2,"National Cricket Stadium, St George's, Grenada",2021-06-27,West Indies,South Africa
97,JO Holder,K Rabada,ADS Fletcher,1,0,1,104,20,20,5,16,,-,0,,,,field,West Indies,2,"National Cricket Stadium, St George's, Grenada",2021-06-27,West Indies,South Africa
98,ADS Fletcher,K Rabada,JO Holder,0,0,0,104,35,37,6,16,,-,caught,ADS Fletcher,H Klaasen,,field,West Indies,2,"National Cricket Stadium, St George's, Grenada",2021-06-27,West Indies,South Africa
99,FA Allen,A Nortje,JO Holder,0,0,0,104,0,1,1,17,,-,0,,,"{'by': 'South Africa', 'umpire': 'N Duguid', 'batter': 'FA Allen', 'decision': 'struck down'}",field,West Indies,2,"National Cricket Stadium, St George's, Grenada",2021-06-27,West Indies,South Africa
100,FA Allen,A Nortje,JO Holder,1,0,1,105,1,2,2,17,,-,run out,JO Holder,T Bavuma;A Nortje,,field,West Indies,2,"National Cricket Stadium, St George's, Grenada",2021-06-27,West Indies,South Africa
101,FA Allen,A Nortje,DJ Bravo,1,0,1,106,2,3,3,17,,-,0,,,,field,West Indies,2,"National Cricket Stadium, St George's, Grenada",2021-06-27,West Indies,South Africa
102,DJ Bravo,A Nortje,FA Allen,4,0,4,110,4,1,4,17,,-,0,,,,field,West Indies,2,"National Cricket Stadium, St George's, Grenada",2021-06-27,West Indies,South Africa
103,DJ Bravo,A Nortje,FA Allen,0,0,0,110,4,2,5,17,,-,0,,,,field,West Indies,2,"National Cricket Stadium, St George's, Grenada",2021-06-27,West Indies,South Africa
104,DJ Bravo,A Nortje,FA Allen,1,0,1,111,5,3,6,17,,-,0,,,,field,West Indies,2,"National Cricket Stadium, St George's, Grenada",2021-06-27,West Indies,South Africa
105,DJ Bravo,K Rabada,FA Allen,1,0,1,112,6,4,1,18,,-,0,,,,field,West Indies,2,"National Cricket Stadium, St George's, Grenada",2021-06-27,West Indies,South Africa
106,FA Allen,K Rabada,DJ Bravo,6,0,6,118,8,4,2,18,,-,0,,,,field,West Indies,2,"National Cricket Stadium, St George's, Grenada",2021-06-27,West Indies,South Africa
107,FA Allen,K Rabada,DJ Bravo,6,0,6,124,14,5,3,18,,-,0,,,,field,West Indies,2,"National Cricket Stadium, St George's, Grenada",2021-06-27,West Indies,South Africa
108,FA Allen,K Rabada,DJ Bravo,1,0,1,125,15,6,4,18,,-,0,,,,field,West Indies,2,"National Cricket Stadium, St George's, Grenada",2021-06-27,West Indies,South Africa
109,DJ Bravo,K Rabada,FA Allen,4,0,4,129,10,5,5,18,,-,0,,,,field,West Indies,2,"National Cricket Stadium, St George's, Grenada",2021-06-27,West Indies,South Africa
110,DJ Bravo,K Rabada,FA Allen,0,0,0,129,10,6,6,18,,-,caught,DJ Bravo,RR Hendricks,,field,West Indies,2,"National Cricket Stadium, St George's, Grenada",2021-06-27,West Indies,South Africa
111,OC McCoy,A Nortje,FA Allen,1,0,1,130,1,1,1,19,,-,0,,,,field,West Indies,2,"National Cricket Stadium, St George's, Grenada",2021-06-27,West Indies,South Africa
112,FA Allen,A Nortje,OC McCoy,1,0,1,131,16,7,2,19,,-,0,,,,field,West Indies,2,"National Cricket Stadium, St George's, Grenada",2021-06-27,West Indies,South Africa
113,OC McCoy,A Nortje,FA Allen,0,0,0,131,1,2,3,19,,-,0,,,,field,West Indies,2,"National Cricket Stadium, St George's, Grenada",2021-06-27,West Indies,South Africa
114,OC McCoy,A Nortje,FA Allen,0,0,0,131,1,3,4,19,,-,0,,,,field,West Indies,2,"National Cricket Stadium, St George's, Grenada",2021-06-27,West Indies,South Africa
115,OC McCoy,A Nortje,FA Allen,0,0,0,131,1,4,5,19,,-,0,,,,field,West Indies,2,"National Cricket Stadium, St George's, Grenada",2021-06-27,West Indies,South Africa
116,OC McCoy,A Nortje,FA Allen,0,0,0,131,1,5,6,19,,-,0,,,,field,West Indies,2,"National Cricket Stadium, St George's, Grenada",2021-06-27,West Indies,South Africa
117,FA Allen,L Ngidi,OC McCoy,6,0,6,137,22,8,1,20,,-,0,,,,field,West Indies,2,"National Cricket Stadium, St George's, Grenada",2021-06-27,West Indies,South Africa
118,FA Allen,L Ngidi,OC McCoy,6,0,6,143,28,9,2,20,,-,0,,,,field,West Indies,2,"National Cricket Stadium, St George's, Grenada",2021-06-27,West Indies,South Africa
119,FA Allen,L Ngidi,OC McCoy,0,0,0,143,28,10,3,20,,-,0,,,,field,West Indies,2,"National Cricket Stadium, St George's, Grenada",2021-06-27,West Indies,South Africa
120,FA Allen,L Ngidi,OC McCoy,0,1,1,144,28,11,4,20,{'wides': 1},wides,0,,,,field,West Indies,2,"National Cricket Stadium, St George's, Grenada",2021-06-27,West Indies,South Africa
121,FA Allen,L Ngidi,OC McCoy,6,0,6,150,34,12,5,20,,-,0,,,,field,West Indies,2,"National Cricket Stadium, St George's, Grenada",2021-06-27,West Indies,South Africa
122,FA Allen,L Ngidi,OC McCoy,0,0,0,150,34,13,6,20,,-,lbw,FA Allen,,,field,West Indies,2,"National Cricket Stadium, St George's, Grenada",2021-06-27,West Indies,South Africa
123,K Sinclair,L Ngidi,OC McCoy,0,0,0,150,0,1,7,20,,-,0,,,,field,West Indies,2,"National Cricket Stadium, St George's, Grenada",2021-06-27,West Indies,South Africa
