,batter,bowler,non_striker,runs_by_bat,extra_runs,total,team_total,runs_remain,batter_runs,balls_faced,wickets_fallen,delivery,extra_type,over,wicket_type,player_out,fielder,toss_decision,toss_winner,innings,venue,year,month,match_id,winning_team,batting_team,bowling_team
0,Mohammad Rizwan,BA Stokes,Babar Azam,0,1,1,1,167,0,1,0,1,noballs,1,0,,,field,England,1,Melbourne Cricket Ground,2022,11,Pakistan_England_2022-11-13,England,Pakistan,England
1,Mohammad Rizwan,BA Stokes,Babar Azam,0,1,1,2,166,0,2,0,2,wides,1,0,,,field,England,1,Melbourne Cricket Ground,2022,11,Pakistan_England_2022-11-13,England,Pakistan,England
2,Mohammad Rizwan,BA Stokes,Babar Azam,0,0,0,2,166,0,3,0,3,-,1,0,,,field,England,1,Melbourne Cricket Ground,2022,11,Pakistan_England_2022-11-13,England,Pakistan,England
3,Mohammad Rizwan,BA Stokes,Babar Azam,2,0,2,4,164,2,4,0,4,-,1,0,,,field,England,1,Melbourne Cricket Ground,2022,11,Pakistan_England_2022-11-13,England,Pakistan,England
4,Mohammad Rizwan,BA Stokes,Babar Azam,0,0,0,4,164,2,5,0,5,-,1,0,,,field,England,1,Melbourne Cricket Ground,2022,11,Pakistan_England_2022-11-13,England,Pakistan,England
5,Mohammad Rizwan,BA Stokes,Babar Azam,1,0,1,5,163,3,6,0,6,-,1,0,,,field,England,1,Melbourne Cricket Ground,2022,11,Pakistan_England_2022-11-13,England,Pakistan,England
6,Babar Azam,BA Stokes,Mohammad Rizwan,0,0,0,5,163,0,1,0,7,-,1,0,,,field,England,1,Melbourne Cricket Ground,2022,11,Pakistan_England_2022-11-13,England,Pakistan,England
7,Babar Azam,BA Stokes,Mohammad Rizwan,3,0,3,8,160,3,2,0,8,-,1,0,,,field,England,1,Melbourne Cricket Ground,2022,11,Pakistan_England_2022-11-13,England,Pakistan,England
8,Babar Azam,CR Woakes,Mohammad Rizwan,0,1,1,9,159,3,3,0,1,wides,2,0,,,field,England,1,Melbourne Cricket Ground,2022,11,Pakistan_England_2022-11-13,England,Pakistan,England
9,Babar Azam,CR Woakes,Mohammad Rizwan,0,0,0,9,159,3,4,0,2,-,2,0,,,field,England,1,Melbourne Cricket Ground,2022,11,Pakistan_England_2022-11-13,England,Pakistan,England
10,Babar Azam,CR Woakes,Mohammad Rizwan,0,0,0,9,159,3,5,0,3,-,2,0,,,field,England,1,Melbourne Cricket Ground,2022,11,Pakistan_England_2022-11-13,England,Pakistan,England
11,Babar Azam,CR Woakes,Mohammad Rizwan,1,0,1,10,158,4,6,0,4,-,2,0,,,field,England,1,Melbourne Cricket Ground,2022,11,Pakistan_England_2022-11-13,England,Pakistan,England
12,Mohammad Rizwan,CR Woakes,Babar Azam,1,0,1,11,157,4,7,0,5,-,2,0,,,field,England,1,Melbourne Cricket Ground,2022,11,Pakistan_England_2022-11-13,England,Pakistan,England
13,Babar Azam,CR Woakes,Mohammad Rizwan,1,0,1,12,156,5,7,0,6,-,2,0,,,field,England,1,Melbourne Cricket Ground,2022,11,Pakistan_England_2022-11-13,England,Pakistan,England
14,Mohammad Rizwan,CR Woakes,Babar Azam,0,0,0,12,156,4,8,0,7,-,2,0,,,field,England,1,Melbourne Cricket Ground,2022,11,Pakistan_England_2022-11-13,England,Pakistan,England
15,Babar Azam,SM Curran,Mohammad Rizwan,0,0,0,12,156,5,8,0,1,-,3,0,,,field,England,1,Melbourne Cricket Ground,2022,11,Pakistan_England_2022-11-13,England,Pakistan,England
16,Babar Azam,SM Curran,Mohammad Rizwan,1,0,1,13,155,6,9,0,2,-,3,0,,,field,England,1,Melbourne Cricket Ground,2022,11,Pakistan_England_2022-11-13,England,Pakistan,England
17,Mohammad Rizwan,SM Curran,Babar Azam,2,0,2,15,153,6,9,0,3,-,3,0,,,field,England,1,Melbourne Cricket Ground,2022,11,Pakistan_England_2022-11-13,England,Pakistan,England
18,Mohammad Rizwan,SM Curran,Babar Azam,1,0,1,16,152,7,10,0,4,-,3,0,,,field,England,1,Melbourne Cricket Ground,2022,11,Pakistan_England_2022-11-13,England,Pakistan,England
19,Babar Azam,SM Curran,Mohammad Rizwan,0,0,0,16,152,6,10,0,5,-,3,0,,,field,England,1,Melbourne Cricket Ground,2022,11,Pakistan_England_2022-11-13,England,Pakistan,England
20,Babar Azam,SM Curran,Mohammad Rizwan,0,0,0,16,152,6,11,0,6,-,3,0,,,field,England,1,Melbourne Cricket Ground,2022,11,Pakistan_England_2022-11-13,England,Pakistan,England
21,Mohammad Rizwan,CR Woakes,Babar Azam,6,0,6,22,146,13,11,0,1,-,4,0,,,field,England,1,Melbourne Cricket Ground,2022,11,Pakistan_England_2022-11-13,England,Pakistan,England
22,Mohammad Rizwan,CR Woakes,Babar Azam,1,0,1,23,145,14,12,0,2,-,4,0,,,field,England,1,Melbourne Cricket Ground,2022,11,Pakistan_England_2022-11-13,England,Pakistan,England
23,Babar Azam,CR Woakes,Mohammad Rizwan,1,0,1,24,144,7,12,0,3,-,4,0,,,field,England,1,Melbourne Cricket Ground,2022,11,Pakistan_England_2022-11-13,England,Pakistan,England
24,Mohammad Rizwan,CR Woakes,Babar Azam,0,0,0,24,144,14,13,0,4,-,4,0,,,field,England,1,Melbourne Cricket Ground,2022,11,Pakistan_England_2022-11-13,England,Pakistan,England
25,Mohammad Rizwan,CR Woakes,Babar Azam,1,0,1,25,143,15,14,0,5,-,4,0,,,field,England,1,Melbourne Cricket Ground,2022,11,Pakistan_England_2022-11-13,England,Pakistan,England
26,Babar Azam,CR Woakes,Mohammad Rizwan,3,0,3,28,140,10,13,0,6,-,4,0,,,field,England,1,Melbourne Cricket Ground,2022,11,Pakistan_England_2022-11-13,England,Pakistan,England
27,Babar Azam,SM Curran,Mohammad Rizwan,1,0,1,29,139,11,14,0,1,-,5,0,,,field,England,1,Melbourne Cricket Ground,2022,11,Pakistan_England_2022-11-13,England,Pakistan,England
28,Mohammad Rizwan,SM Curran,Babar Azam,0,0,0,29,139,15,15,1,2,-,5,bowled,Mohammad Rizwan,,field,England,1,Melbourne Cricket Ground,2022,11,Pakistan_England_2022-11-13,England,Pakistan,England
29,Mohammad Haris,SM Curran,Babar Azam,0,0,0,29,139,0,1,1,3,-,5,0,,,field,England,1,Melbourne Cricket Ground,2022,11,Pakistan_England_2022-11-13,England,Pakistan,England
30,Mohammad Haris,SM Curran,Babar Azam,0,0,0,29,139,0,2,1,4,-,5,0,,,field,England,1,Melbourne Cricket Ground,2022,11,Pakistan_England_2022-11-13,England,Pakistan,England
31,Mohammad Haris,SM Curran,Babar Azam,0,0,0,29,139,0,3,1,5,-,5,0,,,field,England,1,Melbourne Cricket Ground,2022,11,Pakistan_England_2022-11-13,England,Pakistan,England
32,Mohammad Haris,SM Curran,Babar Azam,0,0,0,29,139,0,4,1,6,-,5,0,,,field,England,1,Melbourne Cricket Ground,2022,11,Pakistan_England_2022-11-13,England,Pakistan,England
33,Babar Azam,CR Woakes,Mohammad Haris,0,0,0,29,139,11,15,1,1,-,6,0,,,field,England,1,Melbourne Cricket Ground,2022,11,Pakistan_England_2022-11-13,England,Pakistan,England
34,Babar Azam,CR Woakes,Mohammad Haris,4,0,4,33,135,15,16,1,2,-,6,0,,,field,England,1,Melbourne Cricket Ground,2022,11,Pakistan_England_2022-11-13,England,Pakistan,England
35,Babar Azam,CR Woakes,Mohammad Haris,1,0,1,34,134,16,17,1,3,-,6,0,,,field,England,1,Melbourne Cricket Ground,2022,11,Pakistan_England_2022-11-13,England,Pakistan,England
36,Mohammad Haris,CR Woakes,Babar Azam,0,0,0,34,134,0,5,1,4,-,6,0,,,field,England,1,Melbourne Cricket Ground,2022,11,Pakistan_England_2022-11-13,England,Pakistan,England
37,Mohammad Haris,CR Woakes,Babar Azam,0,0,0,34,134,0,6,1,5,-,6,0,,,field,England,1,Melbourne Cricket Ground,2022,11,Pakistan_England_2022-11-13,England,Pakistan,England
38,Mohammad Haris,CR Woakes,Babar Azam,0,1,1,35,133,0,7,1,6,wides,6,0,,,field,England,1,Melbourne Cricket Ground,2022,11,Pakistan_England_2022-11-13,England,Pakistan,England
39,Mohammad Haris,CR Woakes,Babar Azam,4,0,4,39,129,4,8,1,7,-,6,0,,,field,England,1,Melbourne Cricket Ground,2022,11,Pakistan_England_2022-11-13,England,Pakistan,England
40,Babar Azam,BA Stokes,Mohammad Haris,1,0,1,40,128,17,18,1,1,-,7,0,,,field,England,1,Melbourne Cricket Ground,2022,11,Pakistan_England_2022-11-13,England,Pakistan,England
41,Mohammad Haris,BA Stokes,Babar Azam,1,0,1,41,127,5,9,1,2,-,7,0,,,field,England,1,Melbourne Cricket Ground,2022,11,Pakistan_England_2022-11-13,England,Pakistan,England
42,Babar Azam,BA Stokes,Mohammad Haris,1,0,1,42,126,18,19,1,3,-,7,0,,,field,England,1,Melbourne Cricket Ground,2022,11,Pakistan_England_2022-11-13,England,Pakistan,England
43,Mohammad Haris,BA Stokes,Babar Azam,0,0,0,42,126,5,10,1,4,-,7,0,,,field,England,1,Melbourne Cricket Ground,2022,11,Pakistan_England_2022-11-13,England,Pakistan,England
44,Mohammad Haris,BA Stokes,Babar Azam,2,0,2,44,124,7,11,1,5,-,7,0,,,field,England,1,Melbourne Cricket Ground,2022,11,Pakistan_England_2022-11-13,England,Pakistan,England
45,Mohammad Haris,BA Stokes,Babar Azam,1,0,1,45,123,8,12,1,6,-,7,0,,,field,England,1,Melbourne Cricket Ground,2022,11,Pakistan_England_2022-11-13,England,Pakistan,England
46,Mohammad Haris,AU Rashid,Babar Azam,0,0,0,45,123,8,13,2,1,-,8,caught,Mohammad Haris,BA Stokes,field,England,1,Melbourne Cricket Ground,2022,11,Pakistan_England_2022-11-13,England,Pakistan,England
47,Shan Masood,AU Rashid,Babar Azam,0,0,0,45,123,0,1,2,2,-,8,0,,,field,England,1,Melbourne Cricket Ground,2022,11,Pakistan_England_2022-11-13,England,Pakistan,England
48,Shan Masood,AU Rashid,Babar Azam,0,0,0,45,123,0,2,2,3,-,8,0,,,field,England,1,Melbourne Cricket Ground,2022,11,Pakistan_England_2022-11-13,England,Pakistan,England
49,Shan Masood,AU Rashid,Babar Azam,1,0,1,46,122,1,3,2,4,-,8,0,,,field,England,1,Melbourne Cricket Ground,2022,11,Pakistan_England_2022-11-13,England,Pakistan,England
50,Babar Azam,AU Rashid,Shan Masood,2,0,2,48,120,20,20,2,5,-,8,0,,,field,England,1,Melbourne Cricket Ground,2022,11,Pakistan_England_2022-11-13,England,Pakistan,England
51,Babar Azam,AU Rashid,Shan Masood,2,0,2,50,118,22,21,2,6,-,8,0,,,field,England,1,Melbourne Cricket Ground,2022,11,Pakistan_England_2022-11-13,England,Pakistan,England
52,Shan Masood,CJ Jordan,Babar Azam,1,0,1,51,117,2,4,2,1,-,9,0,,,field,England,1,Melbourne Cricket Ground,2022,11,Pakistan_England_2022-11-13,England,Pakistan,England
53,Babar Azam,CJ Jordan,Shan Masood,4,0,4,55,113,26,22,2,2,-,9,0,,,field,England,1,Melbourne Cricket Ground,2022,11,Pakistan_England_2022-11-13,England,Pakistan,England
54,Babar Azam,CJ Jordan,Shan Masood,1,0,1,56,112,27,23,2,3,-,9,0,,,field,England,1,Melbourne Cricket Ground,2022,11,Pakistan_England_2022-11-13,England,Pakistan,England
55,Shan Masood,CJ Jordan,Babar Azam,2,0,2,58,110,4,5,2,4,-,9,0,,,field,England,1,Melbourne Cricket Ground,2022,11,Pakistan_England_2022-11-13,England,Pakistan,England
56,Shan Masood,CJ Jordan,Babar Azam,1,0,1,59,109,5,6,2,5,-,9,0,,,field,England,1,Melbourne Cricket Ground,2022,11,Pakistan_England_2022-11-13,England,Pakistan,England
57,Babar Azam,CJ Jordan,Shan Masood,0,0,0,59,109,27,24,2,6,-,9,0,,,field,England,1,Melbourne Cricket Ground,2022,11,Pakistan_England_2022-11-13,England,Pakistan,England
58,Shan Masood,AU Rashid,Babar Azam,2,0,2,61,107,7,7,2,1,-,10,0,,,field,England,1,Melbourne Cricket Ground,2022,11,Pakistan_England_2022-11-13,England,Pakistan,England
59,Shan Masood,AU Rashid,Babar Azam,1,0,1,62,106,8,8,2,2,-,10,0,,,field,England,1,Melbourne Cricket Ground,2022,11,Pakistan_England_2022-11-13,England,Pakistan,England
60,Babar Azam,AU Rashid,Shan Masood,1,0,1,63,105,28,25,2,3,-,10,0,,,field,England,1,Melbourne Cricket Ground,2022,11,Pakistan_England_2022-11-13,England,Pakistan,England
61,Shan Masood,AU Rashid,Babar Azam,1,0,1,64,104,9,9,2,4,-,10,0,,,field,England,1,Melbourne Cricket Ground,2022,11,Pakistan_England_2022-11-13,England,Pakistan,England
62,Babar Azam,AU Rashid,Shan Masood,1,0,1,65,103,29,26,2,5,-,10,0,,,field,England,1,Melbourne Cricket Ground,2022,11,Pakistan_England_2022-11-13,England,Pakistan,England
63,Shan Masood,AU Rashid,Babar Azam,0,1,1,66,102,9,10,2,6,wides,10,0,,,field,England,1,Melbourne Cricket Ground,2022,11,Pakistan_England_2022-11-13,England,Pakistan,England
64,Shan Masood,AU Rashid,Babar Azam,2,0,2,68,100,11,11,2,7,-,10,0,,,field,England,1,Melbourne Cricket Ground,2022,11,Pakistan_England_2022-11-13,England,Pakistan,England
65,Babar Azam,LS Livingstone,Shan Masood,2,0,2,70,98,31,27,2,1,-,11,0,,,field,England,1,Melbourne Cricket Ground,2022,11,Pakistan_England_2022-11-13,England,Pakistan,England
66,Babar Azam,LS Livingstone,Shan Masood,1,0,1,71,97,32,28,2,2,-,11,0,,,field,England,1,Melbourne Cricket Ground,2022,11,Pakistan_England_2022-11-13,England,Pakistan,England
67,Shan Masood,LS Livingstone,Babar Azam,0,0,0,71,97,11,12,2,3,-,11,0,,,field,England,1,Melbourne Cricket Ground,2022,11,Pakistan_England_2022-11-13,England,Pakistan,England
68,Shan Masood,LS Livingstone,Babar Azam,4,0,4,75,93,15,13,2,4,-,11,0,,,field,England,1,Melbourne Cricket Ground,2022,11,Pakistan_England_2022-11-13,England,Pakistan,England
69,Shan Masood,LS Livingstone,Babar Azam,0,1,1,76,92,15,14,2,5,wides,11,0,,,field,England,1,Melbourne Cricket Ground,2022,11,Pakistan_England_2022-11-13,England,Pakistan,England
70,Shan Masood,LS Livingstone,Babar Azam,6,0,6,82,86,21,15,2,6,-,11,0,,,field,England,1,Melbourne Cricket Ground,2022,11,Pakistan_England_2022-11-13,England,Pakistan,England
71,Shan Masood,LS Livingstone,Babar Azam,2,0,2,84,84,23,16,2,7,-,11,0,,,field,England,1,Melbourne Cricket Ground,2022,11,Pakistan_England_2022-11-13,England,Pakistan,England
72,Babar Azam,AU Rashid,Shan Masood,0,0,0,84,84,32,29,3,1,-,12,caught and bowled,Babar Azam,,field,England,1,Melbourne Cricket Ground,2022,11,Pakistan_England_2022-11-13,England,Pakistan,England
73,Iftikhar Ahmed,AU Rashid,Shan Masood,0,0,0,84,84,0,1,3,2,-,12,0,,,field,England,1,Melbourne Cricket Ground,2022,11,Pakistan_England_2022-11-13,England,Pakistan,England
74,Iftikhar Ahmed,AU Rashid,Shan Masood,0,0,0,84,84,0,2,3,3,-,12,0,,,field,England,1,Melbourne Cricket Ground,2022,11,Pakistan_England_2022-11-13,England,Pakistan,England
75,Iftikhar Ahmed,AU Rashid,Shan Masood,0,0,0,84,84,0,3,3,4,-,12,0,,,field,England,1,Melbourne Cricket Ground,2022,11,Pakistan_England_2022-11-13,England,Pakistan,England
76,Iftikhar Ahmed,AU Rashid,Shan Masood,0,0,0,84,84,0,4,3,5,-,12,0,,,field,England,1,Melbourne Cricket Ground,2022,11,Pakistan_England_2022-11-13,England,Pakistan,England
77,Iftikhar Ahmed,AU Rashid,Shan Masood,0,0,0,84,84,0,5,3,6,-,12,0,,,field,England,1,Melbourne Cricket Ground,2022,11,Pakistan_England_2022-11-13,England,Pakistan,England
78,Shan Masood,BA Stokes,Iftikhar Ahmed,0,1,1,85,83,23,17,3,1,legbyes,13,0,,,field,England,1,Melbourne Cricket Ground,2022,11,Pakistan_England_2022-11-13,England,Pakistan,England
79,Iftikhar Ahmed,BA Stokes,Shan Masood,0,0,0,85,83,0,6,4,2,-,13,caught,Iftikhar Ahmed,JC Buttler,field,England,1,Melbourne Cricket Ground,2022,11,Pakistan_England_2022-11-13,England,Pakistan,England
80,Shadab Khan,BA Stokes,Shan Masood,1,0,1,86,82,1,1,4,3,-,13,0,,,field,England,1,Melbourne Cricket Ground,2022,11,Pakistan_England_2022-11-13,England,Pakistan,England
81,Shan Masood,BA Stokes,Shadab Khan,2,0,2,88,80,25,18,4,4,-,13,0,,,field,England,1,Melbourne Cricket Ground,2022,11,Pakistan_England_2022-11-13,England,Pakistan,England
82,Shan Masood,BA Stokes,Shadab Khan,1,0,1,89,79,26,19,4,5,-,13,0,,,field,England,1,Melbourne Cricket Ground,2022,11,Pakistan_England_2022-11-13,England,Pakistan,England
83,Shadab Khan,BA Stokes,Shan Masood,1,0,1,90,78,2,2,4,6,-,13,0,,,field,England,1,Melbourne Cricket Ground,2022,11,Pakistan_England_2022-11-13,England,Pakistan,England
84,Shadab Khan,AU Rashid,Shan Masood,1,0,1,91,77,3,3,4,1,-,14,0,,,field,England,1,Melbourne Cricket Ground,2022,11,Pakistan_England_2022-11-13,England,Pakistan,England
85,Shan Masood,AU Rashid,Shadab Khan,1,0,1,92,76,27,20,4,2,-,14,0,,,field,England,1,Melbourne Cricket Ground,2022,11,Pakistan_England_2022-11-13,England,Pakistan,England
86,Shadab Khan,AU Rashid,Shan Masood,4,0,4,96,72,7,4,4,3,-,14,0,,,field,England,1,Melbourne Cricket Ground,2022,11,Pakistan_England_2022-11-13,England,Pakistan,England
87,Shadab Khan,AU Rashid,Shan Masood,1,0,1,97,71,8,5,4,4,-,14,0,,,field,England,1,Melbourne Cricket Ground,2022,11,Pakistan_England_2022-11-13,England,Pakistan,England
88,Shan Masood,AU Rashid,Shadab Khan,1,0,1,98,70,28,21,4,5,-,14,0,,,field,England,1,Melbourne Cricket Ground,2022,11,Pakistan_England_2022-11-13,England,Pakistan,England
89,Shadab Khan,AU Rashid,Shan Masood,0,0,0,98,70,8,6,4,6,-,14,0,,,field,England,1,Melbourne Cricket Ground,2022,11,Pakistan_England_2022-11-13,England,Pakistan,England
90,Shan Masood,CJ Jordan,Shadab Khan,0,0,0,98,70,28,22,4,1,-,15,0,,,field,England,1,Melbourne Cricket Ground,2022,11,Pakistan_England_2022-11-13,England,Pakistan,England
91,Shan Masood,CJ Jordan,Shadab Khan,1,0,1,99,69,29,23,4,2,-,15,0,,,field,England,1,Melbourne Cricket Ground,2022,11,Pakistan_England_2022-11-13,England,Pakistan,England
92,Shadab Khan,CJ Jordan,Shan Masood,1,0,1,100,68,9,7,4,3,-,15,0,,,field,England,1,Melbourne Cricket Ground,2022,11,Pakistan_England_2022-11-13,England,Pakistan,England
93,Shan Masood,CJ Jordan,Shadab Khan,4,0,4,104,64,33,24,4,4,-,15,0,,,field,England,1,Melbourne Cricket Ground,2022,11,Pakistan_England_2022-11-13,England,Pakistan,England
94,Shan Masood,CJ Jordan,Shadab Khan,1,0,1,105,63,34,25,4,5,-,15,0,,,field,England,1,Melbourne Cricket Ground,2022,11,Pakistan_England_2022-11-13,England,Pakistan,England
95,Shadab Khan,CJ Jordan,Shan Masood,1,0,1,106,62,10,8,4,6,-,15,0,,,field,England,1,Melbourne Cricket Ground,2022,11,Pakistan_England_2022-11-13,England,Pakistan,England
96,Shadab Khan,BA Stokes,Shan Masood,2,0,2,108,60,12,9,4,1,-,16,0,,,field,England,1,Melbourne Cricket Ground,2022,11,Pakistan_England_2022-11-13,England,Pakistan,England
97,Shadab Khan,BA Stokes,Shan Masood,0,1,1,109,59,12,10,4,2,wides,16,0,,,field,England,1,Melbourne Cricket Ground,2022,11,Pakistan_England_2022-11-13,England,Pakistan,England
98,Shadab Khan,BA Stokes,Shan Masood,4,0,4,113,55,16,11,4,3,-,16,0,,,field,England,1,Melbourne Cricket Ground,2022,11,Pakistan_England_2022-11-13,England,Pakistan,England
99,Shadab Khan,BA Stokes,Shan Masood,1,0,1,114,54,17,12,4,4,-,16,0,,,field,England,1,Melbourne Cricket Ground,2022,11,Pakistan_England_2022-11-13,England,Pakistan,England
100,Shan Masood,BA Stokes,Shadab Khan,1,0,1,115,53,35,26,4,5,-,16,0,,,field,England,1,Melbourne Cricket Ground,2022,11,Pakistan_England_2022-11-13,England,Pakistan,England
101,Shadab Khan,BA Stokes,Shan Masood,3,0,3,118,50,20,13,4,6,-,16,0,,,field,England,1,Melbourne Cricket Ground,2022,11,Pakistan_England_2022-11-13,England,Pakistan,England
102,Shan Masood,BA Stokes,Shadab Khan,1,0,1,119,49,36,27,4,7,-,16,0,,,field,England,1,Melbourne Cricket Ground,2022,11,Pakistan_England_2022-11-13,England,Pakistan,England
103,Shan Masood,SM Curran,Shadab Khan,2,0,2,121,47,38,28,4,1,-,17,0,,,field,England,1,Melbourne Cricket Ground,2022,11,Pakistan_England_2022-11-13,England,Pakistan,England
104,Shan Masood,SM Curran,Shadab Khan,0,0,0,121,47,38,29,4,2,-,17,0,,,field,England,1,Melbourne Cricket Ground,2022,11,Pakistan_England_2022-11-13,England,Pakistan,England
105,Shan Masood,SM Curran,Shadab Khan,0,0,0,121,47,38,30,5,3,-,17,caught,Shan Masood,LS Livingstone,field,England,1,Melbourne Cricket Ground,2022,11,Pakistan_England_2022-11-13,England,Pakistan,England
106,Mohammad Nawaz,SM Curran,Shadab Khan,0,0,0,121,47,0,1,5,4,-,17,0,,,field,England,1,Melbourne Cricket Ground,2022,11,Pakistan_England_2022-11-13,England,Pakistan,England
107,Mohammad Nawaz,SM Curran,Shadab Khan,1,0,1,122,46,1,2,5,5,-,17,0,,,field,England,1,Melbourne Cricket Ground,2022,11,Pakistan_England_2022-11-13,England,Pakistan,England
108,Shadab Khan,SM Curran,Mohammad Nawaz,0,0,0,122,46,20,14,5,6,-,17,0,,,field,England,1,Melbourne Cricket Ground,2022,11,Pakistan_England_2022-11-13,England,Pakistan,England
109,Mohammad Nawaz,CJ Jordan,Shadab Khan,1,0,1,123,45,2,3,5,1,-,18,0,,,field,England,1,Melbourne Cricket Ground,2022,11,Pakistan_England_2022-11-13,England,Pakistan,England
110,Shadab Khan,CJ Jordan,Mohammad Nawaz,0,0,0,123,45,20,15,6,2,-,18,caught,Shadab Khan,CR Woakes,field,England,1,Melbourne Cricket Ground,2022,11,Pakistan_England_2022-11-13,England,Pakistan,England
111,Mohammad Wasim,CJ Jordan,Mohammad Nawaz,0,0,0,123,45,0,1,6,3,-,18,0,,,field,England,1,Melbourne Cricket Ground,2022,11,Pakistan_England_2022-11-13,England,Pakistan,England
112,Mohammad Wasim,CJ Jordan,Mohammad Nawaz,3,0,3,126,42,3,2,6,4,-,18,0,,,field,England,1,Melbourne Cricket Ground,2022,11,Pakistan_England_2022-11-13,England,Pakistan,England
113,Mohammad Nawaz,CJ Jordan,Mohammad Wasim,1,0,1,127,41,3,4,6,5,-,18,0,,,field,England,1,Melbourne Cricket Ground,2022,11,Pakistan_England_2022-11-13,England,Pakistan,England
