,batter,bowler,non_striker,runs_by_bat,extra_runs,total_runs_delivery,current_team_total,runs_remain,batter_runs,balls_faced,wickets_fallen,delivery,over,extra_type,review,wicket_type,player_out,fielder,toss_decision,toss_winner,innings,venue,year,month,match_id,winning_team,batting_team,bowling_team,final_team_total
0,JC Buttler,M Theekshana,AD Hales,0,0,0,0,141,0,1,0,1,1,-,,0,,,bat,Sri Lanka,2,Sydney Cricket Ground,2022,11,Sri Lanka_England_2022-11-05,England,England,Sri Lanka,144
1,JC Buttler,M Theekshana,AD Hales,0,0,0,0,141,0,2,0,2,1,-,,0,,,bat,Sri Lanka,2,Sydney Cricket Ground,2022,11,Sri Lanka_England_2022-11-05,England,England,Sri Lanka,144
2,JC Buttler,M Theekshana,AD Hales,1,0,1,1,140,1,3,0,3,1,-,,0,,,bat,Sri Lanka,2,Sydney Cricket Ground,2022,11,Sri Lanka_England_2022-11-05,England,England,Sri Lanka,144
3,AD Hales,M Theekshana,JC Buttler,2,0,2,3,138,2,1,0,4,1,-,,0,,,bat,Sri Lanka,2,Sydney Cricket Ground,2022,11,Sri Lanka_England_2022-11-05,England,England,Sri Lanka,144
4,AD Hales,M Theekshana,JC Buttler,0,0,0,3,138,2,2,0,5,1,-,,0,,,bat,Sri Lanka,2,Sydney Cricket Ground,2022,11,Sri Lanka_England_2022-11-05,England,England,Sri Lanka,144
5,AD Hales,M Theekshana,JC Buttler,0,0,0,3,138,2,3,0,6,1,-,,0,,,bat,Sri Lanka,2,Sydney Cricket Ground,2022,11,Sri Lanka_England_2022-11-05,England,England,Sri Lanka,144
6,JC Buttler,CAK Rajitha,AD Hales,0,0,0,3,138,1,4,0,1,2,-,,0,,,bat,Sri Lanka,2,Sydney Cricket Ground,2022,11,Sri Lanka_England_2022-11-05,England,England,Sri Lanka,144
7,JC Buttler,CAK Rajitha,AD Hales,1,0,1,4,137,2,5,0,2,2,-,,0,,,bat,Sri Lanka,2,Sydney Cricket Ground,2022,11,Sri Lanka_England_2022-11-05,England,England,Sri Lanka,144
8,AD Hales,CAK Rajitha,JC Buttler,2,0,2,6,135,4,4,0,3,2,-,,0,,,bat,Sri Lanka,2,Sydney Cricket Ground,2022,11,Sri Lanka_England_2022-11-05,England,England,Sri Lanka,144
9,AD Hales,CAK Rajitha,JC Buttler,4,0,4,10,131,8,5,0,4,2,-,,0,,,bat,Sri Lanka,2,Sydney Cricket Ground,2022,11,Sri Lanka_England_2022-11-05,England,England,Sri Lanka,144
10,AD Hales,CAK Rajitha,JC Buttler,0,1,1,11,130,8,6,0,5,2,wides,,0,,,bat,Sri Lanka,2,Sydney Cricket Ground,2022,11,Sri Lanka_England_2022-11-05,England,England,Sri Lanka,144
11,AD Hales,CAK Rajitha,JC Buttler,4,0,4,15,126,12,7,0,6,2,-,,0,,,bat,Sri Lanka,2,Sydney Cricket Ground,2022,11,Sri Lanka_England_2022-11-05,England,England,Sri Lanka,144
12,AD Hales,CAK Rajitha,JC Buttler,0,0,0,15,126,12,8,0,7,2,-,,0,,,bat,Sri Lanka,2,Sydney Cricket Ground,2022,11,Sri Lanka_England_2022-11-05,England,England,Sri Lanka,144
13,JC Buttler,M Theekshana,AD Hales,0,0,0,15,126,2,6,0,1,3,-,,0,,,bat,Sri Lanka,2,Sydney Cricket Ground,2022,11,Sri Lanka_England_2022-11-05,England,England,Sri Lanka,144
14,JC Buttler,M Theekshana,AD Hales,2,0,2,17,124,4,7,0,2,3,-,,0,,,bat,Sri Lanka,2,Sydney Cricket Ground,2022,11,Sri Lanka_England_2022-11-05,England,England,Sri Lanka,144
15,JC Buttler,M Theekshana,AD Hales,4,0,4,21,120,8,8,0,3,3,-,,0,,,bat,Sri Lanka,2,Sydney Cricket Ground,2022,11,Sri Lanka_England_2022-11-05,England,England,Sri Lanka,144
16,JC Buttler,M Theekshana,AD Hales,2,0,2,23,118,10,9,0,4,3,-,,0,,,bat,Sri Lanka,2,Sydney Cricket Ground,2022,11,Sri Lanka_England_2022-11-05,England,England,Sri Lanka,144
17,JC Buttler,M Theekshana,AD Hales,1,0,1,24,117,11,10,0,5,3,-,,0,,,bat,Sri Lanka,2,Sydney Cricket Ground,2022,11,Sri Lanka_England_2022-11-05,England,England,Sri Lanka,144
18,AD Hales,M Theekshana,JC Buttler,0,0,0,24,117,12,9,0,6,3,-,,0,,,bat,Sri Lanka,2,Sydney Cricket Ground,2022,11,Sri Lanka_England_2022-11-05,England,England,Sri Lanka,144
19,JC Buttler,CBRLS Kumara,AD Hales,1,0,1,25,116,12,11,0,1,4,-,,0,,,bat,Sri Lanka,2,Sydney Cricket Ground,2022,11,Sri Lanka_England_2022-11-05,England,England,Sri Lanka,144
20,AD Hales,CBRLS Kumara,JC Buttler,0,0,0,25,116,12,10,0,2,4,-,,0,,,bat,Sri Lanka,2,Sydney Cricket Ground,2022,11,Sri Lanka_England_2022-11-05,England,England,Sri Lanka,144
21,AD Hales,CBRLS Kumara,JC Buttler,4,0,4,29,112,16,11,0,3,4,-,,0,,,bat,Sri Lanka,2,Sydney Cricket Ground,2022,11,Sri Lanka_England_2022-11-05,England,England,Sri Lanka,144
22,AD Hales,CBRLS Kumara,JC Buttler,4,1,5,34,107,20,12,0,4,4,noballs,,0,,,bat,Sri Lanka,2,Sydney Cricket Ground,2022,11,Sri Lanka_England_2022-11-05,England,England,Sri Lanka,144
23,AD Hales,CBRLS Kumara,JC Buttler,1,0,1,35,106,21,13,0,5,4,-,,0,,,bat,Sri Lanka,2,Sydney Cricket Ground,2022,11,Sri Lanka_England_2022-11-05,England,England,Sri Lanka,144
24,JC Buttler,CBRLS Kumara,AD Hales,2,0,2,37,104,14,12,0,6,4,-,,0,,,bat,Sri Lanka,2,Sydney Cricket Ground,2022,11,Sri Lanka_England_2022-11-05,England,England,Sri Lanka,144
25,JC Buttler,CBRLS Kumara,AD Hales,0,1,1,38,103,14,13,0,7,4,legbyes,,0,,,bat,Sri Lanka,2,Sydney Cricket Ground,2022,11,Sri Lanka_England_2022-11-05,England,England,Sri Lanka,144
26,JC Buttler,PWH de Silva,AD Hales,0,0,0,38,103,14,14,0,1,5,-,,0,,,bat,Sri Lanka,2,Sydney Cricket Ground,2022,11,Sri Lanka_England_2022-11-05,England,England,Sri Lanka,144
27,JC Buttler,PWH de Silva,AD Hales,1,0,1,39,102,15,15,0,2,5,-,,0,,,bat,Sri Lanka,2,Sydney Cricket Ground,2022,11,Sri Lanka_England_2022-11-05,England,England,Sri Lanka,144
28,AD Hales,PWH de Silva,JC Buttler,1,0,1,40,101,22,14,0,3,5,-,,0,,,bat,Sri Lanka,2,Sydney Cricket Ground,2022,11,Sri Lanka_England_2022-11-05,England,England,Sri Lanka,144
29,JC Buttler,PWH de Silva,AD Hales,0,0,0,40,101,15,16,0,4,5,-,,0,,,bat,Sri Lanka,2,Sydney Cricket Ground,2022,11,Sri Lanka_England_2022-11-05,England,England,Sri Lanka,144
30,JC Buttler,PWH de Silva,AD Hales,4,0,4,44,97,19,17,0,5,5,-,,0,,,bat,Sri Lanka,2,Sydney Cricket Ground,2022,11,Sri Lanka_England_2022-11-05,England,England,Sri Lanka,144
31,JC Buttler,PWH de Silva,AD Hales,6,0,6,50,91,25,18,0,6,5,-,,0,,,bat,Sri Lanka,2,Sydney Cricket Ground,2022,11,Sri Lanka_England_2022-11-05,England,England,Sri Lanka,144
32,AD Hales,CAK Rajitha,JC Buttler,2,0,2,52,89,24,15,0,1,6,-,,0,,,bat,Sri Lanka,2,Sydney Cricket Ground,2022,11,Sri Lanka_England_2022-11-05,England,England,Sri Lanka,144
33,AD Hales,CAK Rajitha,JC Buttler,6,0,6,58,83,30,16,0,2,6,-,,0,,,bat,Sri Lanka,2,Sydney Cricket Ground,2022,11,Sri Lanka_England_2022-11-05,England,England,Sri Lanka,144
34,AD Hales,CAK Rajitha,JC Buttler,4,0,4,62,79,34,17,0,3,6,-,,0,,,bat,Sri Lanka,2,Sydney Cricket Ground,2022,11,Sri Lanka_England_2022-11-05,England,England,Sri Lanka,144
35,AD Hales,CAK Rajitha,JC Buttler,4,0,4,66,75,38,18,0,4,6,-,,0,,,bat,Sri Lanka,2,Sydney Cricket Ground,2022,11,Sri Lanka_England_2022-11-05,England,England,Sri Lanka,144
36,AD Hales,CAK Rajitha,JC Buttler,0,0,0,66,75,38,19,0,5,6,-,"{'by': 'Sri Lanka', 'umpire': 'P Wilson', 'batter': 'AD Hales', 'decision': 'struck down'}",0,,,bat,Sri Lanka,2,Sydney Cricket Ground,2022,11,Sri Lanka_England_2022-11-05,England,England,Sri Lanka,144
37,AD Hales,CAK Rajitha,JC Buttler,4,0,4,70,71,42,20,0,6,6,-,,0,,,bat,Sri Lanka,2,Sydney Cricket Ground,2022,11,Sri Lanka_England_2022-11-05,England,England,Sri Lanka,144
38,JC Buttler,M Theekshana,AD Hales,0,0,0,70,71,25,19,0,1,7,-,,0,,,bat,Sri Lanka,2,Sydney Cricket Ground,2022,11,Sri Lanka_England_2022-11-05,England,England,Sri Lanka,144
39,JC Buttler,M Theekshana,AD Hales,0,0,0,70,71,25,20,0,2,7,-,,0,,,bat,Sri Lanka,2,Sydney Cricket Ground,2022,11,Sri Lanka_England_2022-11-05,England,England,Sri Lanka,144
40,JC Buttler,M Theekshana,AD Hales,1,0,1,71,70,26,21,0,3,7,-,,0,,,bat,Sri Lanka,2,Sydney Cricket Ground,2022,11,Sri Lanka_England_2022-11-05,England,England,Sri Lanka,144
41,AD Hales,M Theekshana,JC Buttler,0,0,0,71,70,42,21,0,4,7,-,,0,,,bat,Sri Lanka,2,Sydney Cricket Ground,2022,11,Sri Lanka_England_2022-11-05,England,England,Sri Lanka,144
42,AD Hales,M Theekshana,JC Buttler,1,0,1,72,69,43,22,0,5,7,-,,0,,,bat,Sri Lanka,2,Sydney Cricket Ground,2022,11,Sri Lanka_England_2022-11-05,England,England,Sri Lanka,144
43,JC Buttler,M Theekshana,AD Hales,2,0,2,74,67,28,22,0,6,7,-,,0,,,bat,Sri Lanka,2,Sydney Cricket Ground,2022,11,Sri Lanka_England_2022-11-05,England,England,Sri Lanka,144
44,AD Hales,PWH de Silva,JC Buttler,1,0,1,75,66,44,23,0,1,8,-,,0,,,bat,Sri Lanka,2,Sydney Cricket Ground,2022,11,Sri Lanka_England_2022-11-05,England,England,Sri Lanka,144
45,JC Buttler,PWH de Silva,AD Hales,0,0,0,75,66,28,23,1,2,8,-,,caught,JC Buttler,C Karunaratne,bat,Sri Lanka,2,Sydney Cricket Ground,2022,11,Sri Lanka_England_2022-11-05,England,England,Sri Lanka,144
46,BA Stokes,PWH de Silva,AD Hales,1,0,1,76,65,1,1,1,3,8,-,,0,,,bat,Sri Lanka,2,Sydney Cricket Ground,2022,11,Sri Lanka_England_2022-11-05,England,England,Sri Lanka,144
47,AD Hales,PWH de Silva,BA Stokes,0,0,0,76,65,44,24,1,4,8,-,,0,,,bat,Sri Lanka,2,Sydney Cricket Ground,2022,11,Sri Lanka_England_2022-11-05,England,England,Sri Lanka,144
48,AD Hales,PWH de Silva,BA Stokes,0,0,0,76,65,44,25,1,5,8,-,,0,,,bat,Sri Lanka,2,Sydney Cricket Ground,2022,11,Sri Lanka_England_2022-11-05,England,England,Sri Lanka,144
49,AD Hales,PWH de Silva,BA Stokes,0,0,0,76,65,44,26,1,6,8,-,,0,,,bat,Sri Lanka,2,Sydney Cricket Ground,2022,11,Sri Lanka_England_2022-11-05,England,England,Sri Lanka,144
50,BA Stokes,DM de Silva,AD Hales,1,0,1,77,64,2,2,1,1,9,-,,0,,,bat,Sri Lanka,2,Sydney Cricket Ground,2022,11,Sri Lanka_England_2022-11-05,England,England,Sri Lanka,144
51,AD Hales,DM de Silva,BA Stokes,0,0,0,77,64,44,27,1,2,9,-,,0,,,bat,Sri Lanka,2,Sydney Cricket Ground,2022,11,Sri Lanka_England_2022-11-05,England,England,Sri Lanka,144
52,AD Hales,DM de Silva,BA Stokes,2,0,2,79,62,46,28,1,3,9,-,,0,,,bat,Sri Lanka,2,Sydney Cricket Ground,2022,11,Sri Lanka_England_2022-11-05,England,England,Sri Lanka,144
53,AD Hales,DM de Silva,BA Stokes,0,0,0,79,62,46,29,1,4,9,-,,0,,,bat,Sri Lanka,2,Sydney Cricket Ground,2022,11,Sri Lanka_England_2022-11-05,England,England,Sri Lanka,144
54,AD Hales,DM de Silva,BA Stokes,1,0,1,80,61,47,30,1,5,9,-,,0,,,bat,Sri Lanka,2,Sydney Cricket Ground,2022,11,Sri Lanka_England_2022-11-05,England,England,Sri Lanka,144
55,BA Stokes,DM de Silva,AD Hales,2,0,2,82,59,4,3,1,6,9,-,,0,,,bat,Sri Lanka,2,Sydney Cricket Ground,2022,11,Sri Lanka_England_2022-11-05,England,England,Sri Lanka,144
56,AD Hales,PWH de Silva,BA Stokes,0,0,0,82,59,47,31,2,1,10,-,,caught and bowled,AD Hales,,bat,Sri Lanka,2,Sydney Cricket Ground,2022,11,Sri Lanka_England_2022-11-05,England,England,Sri Lanka,144
57,HC Brook,PWH de Silva,BA Stokes,2,0,2,84,57,2,1,2,2,10,-,,0,,,bat,Sri Lanka,2,Sydney Cricket Ground,2022,11,Sri Lanka_England_2022-11-05,England,England,Sri Lanka,144
58,HC Brook,PWH de Silva,BA Stokes,0,0,0,84,57,2,2,2,3,10,-,,0,,,bat,Sri Lanka,2,Sydney Cricket Ground,2022,11,Sri Lanka_England_2022-11-05,England,England,Sri Lanka,144
59,HC Brook,PWH de Silva,BA Stokes,1,0,1,85,56,3,3,2,4,10,-,,0,,,bat,Sri Lanka,2,Sydney Cricket Ground,2022,11,Sri Lanka_England_2022-11-05,England,England,Sri Lanka,144
60,BA Stokes,PWH de Silva,HC Brook,0,0,0,85,56,4,4,2,5,10,-,,0,,,bat,Sri Lanka,2,Sydney Cricket Ground,2022,11,Sri Lanka_England_2022-11-05,England,England,Sri Lanka,144
61,BA Stokes,PWH de Silva,HC Brook,1,0,1,86,55,5,5,2,6,10,-,,0,,,bat,Sri Lanka,2,Sydney Cricket Ground,2022,11,Sri Lanka_England_2022-11-05,England,England,Sri Lanka,144
62,BA Stokes,DM de Silva,HC Brook,1,0,1,87,54,6,6,2,1,11,-,,0,,,bat,Sri Lanka,2,Sydney Cricket Ground,2022,11,Sri Lanka_England_2022-11-05,England,England,Sri Lanka,144
63,HC Brook,DM de Silva,BA Stokes,1,0,1,88,53,4,4,2,2,11,-,,0,,,bat,Sri Lanka,2,Sydney Cricket Ground,2022,11,Sri Lanka_England_2022-11-05,England,England,Sri Lanka,144
64,BA Stokes,DM de Silva,HC Brook,0,0,0,88,53,6,7,2,3,11,-,,0,,,bat,Sri Lanka,2,Sydney Cricket Ground,2022,11,Sri Lanka_England_2022-11-05,England,England,Sri Lanka,144
65,BA Stokes,DM de Silva,HC Brook,4,0,4,92,49,10,8,2,4,11,-,,0,,,bat,Sri Lanka,2,Sydney Cricket Ground,2022,11,Sri Lanka_England_2022-11-05,England,England,Sri Lanka,144
66,BA Stokes,DM de Silva,HC Brook,1,0,1,93,48,11,9,2,5,11,-,,0,,,bat,Sri Lanka,2,Sydney Cricket Ground,2022,11,Sri Lanka_England_2022-11-05,England,England,Sri Lanka,144
67,HC Brook,DM de Silva,BA Stokes,0,0,0,93,48,4,5,3,6,11,-,,caught and bowled,HC Brook,,bat,Sri Lanka,2,Sydney Cricket Ground,2022,11,Sri Lanka_England_2022-11-05,England,England,Sri Lanka,144
68,BA Stokes,PWH de Silva,LS Livingstone,0,0,0,93,48,11,10,3,1,12,-,,0,,,bat,Sri Lanka,2,Sydney Cricket Ground,2022,11,Sri Lanka_England_2022-11-05,England,England,Sri Lanka,144
69,BA Stokes,PWH de Silva,LS Livingstone,1,0,1,94,47,12,11,3,2,12,-,,0,,,bat,Sri Lanka,2,Sydney Cricket Ground,2022,11,Sri Lanka_England_2022-11-05,England,England,Sri Lanka,144
70,LS Livingstone,PWH de Silva,BA Stokes,1,0,1,95,46,1,1,3,3,12,-,,0,,,bat,Sri Lanka,2,Sydney Cricket Ground,2022,11,Sri Lanka_England_2022-11-05,England,England,Sri Lanka,144
71,BA Stokes,PWH de Silva,LS Livingstone,2,0,2,97,44,14,12,3,4,12,-,,0,,,bat,Sri Lanka,2,Sydney Cricket Ground,2022,11,Sri Lanka_England_2022-11-05,England,England,Sri Lanka,144
72,BA Stokes,PWH de Silva,LS Livingstone,1,0,1,98,43,15,13,3,5,12,-,,0,,,bat,Sri Lanka,2,Sydney Cricket Ground,2022,11,Sri Lanka_England_2022-11-05,England,England,Sri Lanka,144
73,LS Livingstone,PWH de Silva,BA Stokes,0,0,0,98,43,1,2,3,6,12,-,,0,,,bat,Sri Lanka,2,Sydney Cricket Ground,2022,11,Sri Lanka_England_2022-11-05,England,England,Sri Lanka,144
74,BA Stokes,DM de Silva,LS Livingstone,1,0,1,99,42,16,14,3,1,13,-,,0,,,bat,Sri Lanka,2,Sydney Cricket Ground,2022,11,Sri Lanka_England_2022-11-05,England,England,Sri Lanka,144
75,LS Livingstone,DM de Silva,BA Stokes,1,0,1,100,41,2,3,3,2,13,-,,0,,,bat,Sri Lanka,2,Sydney Cricket Ground,2022,11,Sri Lanka_England_2022-11-05,England,England,Sri Lanka,144
76,BA Stokes,DM de Silva,LS Livingstone,3,0,3,103,38,19,15,3,3,13,-,,0,,,bat,Sri Lanka,2,Sydney Cricket Ground,2022,11,Sri Lanka_England_2022-11-05,England,England,Sri Lanka,144
77,LS Livingstone,DM de Silva,BA Stokes,1,0,1,104,37,3,4,3,4,13,-,,0,,,bat,Sri Lanka,2,Sydney Cricket Ground,2022,11,Sri Lanka_England_2022-11-05,England,England,Sri Lanka,144
78,BA Stokes,DM de Silva,LS Livingstone,1,0,1,105,36,20,16,3,5,13,-,,0,,,bat,Sri Lanka,2,Sydney Cricket Ground,2022,11,Sri Lanka_England_2022-11-05,England,England,Sri Lanka,144
79,LS Livingstone,DM de Silva,BA Stokes,1,0,1,106,35,4,5,3,6,13,-,,0,,,bat,Sri Lanka,2,Sydney Cricket Ground,2022,11,Sri Lanka_England_2022-11-05,England,England,Sri Lanka,144
80,LS Livingstone,CBRLS Kumara,BA Stokes,0,0,0,106,35,4,6,4,1,14,-,,caught,LS Livingstone,DM de Silva,bat,Sri Lanka,2,Sydney Cricket Ground,2022,11,Sri Lanka_England_2022-11-05,England,England,Sri Lanka,144
81,MM Ali,CBRLS Kumara,BA Stokes,0,0,0,106,35,0,1,4,2,14,-,,0,,,bat,Sri Lanka,2,Sydney Cricket Ground,2022,11,Sri Lanka_England_2022-11-05,England,England,Sri Lanka,144
82,MM Ali,CBRLS Kumara,BA Stokes,0,0,0,106,35,0,2,4,3,14,-,,0,,,bat,Sri Lanka,2,Sydney Cricket Ground,2022,11,Sri Lanka_England_2022-11-05,England,England,Sri Lanka,144
83,MM Ali,CBRLS Kumara,BA Stokes,1,0,1,107,34,1,3,4,4,14,-,,0,,,bat,Sri Lanka,2,Sydney Cricket Ground,2022,11,Sri Lanka_England_2022-11-05,England,England,Sri Lanka,144
84,BA Stokes,CBRLS Kumara,MM Ali,0,2,2,109,32,20,17,4,5,14,legbyes,,0,,,bat,Sri Lanka,2,Sydney Cricket Ground,2022,11,Sri Lanka_England_2022-11-05,England,England,Sri Lanka,144
85,BA Stokes,CBRLS Kumara,MM Ali,1,0,1,110,31,21,18,4,6,14,-,,0,,,bat,Sri Lanka,2,Sydney Cricket Ground,2022,11,Sri Lanka_England_2022-11-05,England,England,Sri Lanka,144
86,BA Stokes,DM de Silva,MM Ali,1,0,1,111,30,22,19,4,1,15,-,,0,,,bat,Sri Lanka,2,Sydney Cricket Ground,2022,11,Sri Lanka_England_2022-11-05,England,England,Sri Lanka,144
87,MM Ali,DM de Silva,BA Stokes,0,0,0,111,30,1,4,4,2,15,-,,0,,,bat,Sri Lanka,2,Sydney Cricket Ground,2022,11,Sri Lanka_England_2022-11-05,England,England,Sri Lanka,144
88,MM Ali,DM de Silva,BA Stokes,0,0,0,111,30,1,5,5,3,15,-,,caught,MM Ali,MD Shanaka,bat,Sri Lanka,2,Sydney Cricket Ground,2022,11,Sri Lanka_England_2022-11-05,England,England,Sri Lanka,144
89,SM Curran,DM de Silva,BA Stokes,1,0,1,112,29,1,1,5,4,15,-,,0,,,bat,Sri Lanka,2,Sydney Cricket Ground,2022,11,Sri Lanka_England_2022-11-05,England,England,Sri Lanka,144
90,BA Stokes,DM de Silva,SM Curran,0,0,0,112,29,22,20,5,5,15,-,,0,,,bat,Sri Lanka,2,Sydney Cricket Ground,2022,11,Sri Lanka_England_2022-11-05,England,England,Sri Lanka,144
91,BA Stokes,DM de Silva,SM Curran,1,0,1,113,28,23,21,5,6,15,-,,0,,,bat,Sri Lanka,2,Sydney Cricket Ground,2022,11,Sri Lanka_England_2022-11-05,England,England,Sri Lanka,144
92,BA Stokes,KIC Asalanka,SM Curran,4,0,4,117,24,27,22,5,1,16,-,,0,,,bat,Sri Lanka,2,Sydney Cricket Ground,2022,11,Sri Lanka_England_2022-11-05,England,England,Sri Lanka,144
93,BA Stokes,KIC Asalanka,SM Curran,1,0,1,118,23,28,23,5,2,16,-,,0,,,bat,Sri Lanka,2,Sydney Cricket Ground,2022,11,Sri Lanka_England_2022-11-05,England,England,Sri Lanka,144
94,SM Curran,KIC Asalanka,BA Stokes,0,0,0,118,23,1,2,5,3,16,-,,0,,,bat,Sri Lanka,2,Sydney Cricket Ground,2022,11,Sri Lanka_England_2022-11-05,England,England,Sri Lanka,144
95,SM Curran,KIC Asalanka,BA Stokes,1,0,1,119,22,2,3,5,4,16,-,,0,,,bat,Sri Lanka,2,Sydney Cricket Ground,2022,11,Sri Lanka_England_2022-11-05,England,England,Sri Lanka,144
96,BA Stokes,KIC Asalanka,SM Curran,1,0,1,120,21,29,24,5,5,16,-,,0,,,bat,Sri Lanka,2,Sydney Cricket Ground,2022,11,Sri Lanka_England_2022-11-05,England,England,Sri Lanka,144
97,SM Curran,KIC Asalanka,BA Stokes,1,0,1,121,20,3,4,5,6,16,-,,0,,,bat,Sri Lanka,2,Sydney Cricket Ground,2022,11,Sri Lanka_England_2022-11-05,England,England,Sri Lanka,144
98,SM Curran,M Theekshana,BA Stokes,1,0,1,122,19,4,5,5,1,17,-,,0,,,bat,Sri Lanka,2,Sydney Cricket Ground,2022,11,Sri Lanka_England_2022-11-05,England,England,Sri Lanka,144
99,BA Stokes,M Theekshana,SM Curran,1,0,1,123,18,30,25,5,2,17,-,,0,,,bat,Sri Lanka,2,Sydney Cricket Ground,2022,11,Sri Lanka_England_2022-11-05,England,England,Sri Lanka,144
100,SM Curran,M Theekshana,BA Stokes,1,0,1,124,17,5,6,5,3,17,-,,0,,,bat,Sri Lanka,2,Sydney Cricket Ground,2022,11,Sri Lanka_England_2022-11-05,England,England,Sri Lanka,144
101,BA Stokes,M Theekshana,SM Curran,0,1,1,125,16,30,26,5,4,17,wides,,0,,,bat,Sri Lanka,2,Sydney Cricket Ground,2022,11,Sri Lanka_England_2022-11-05,England,England,Sri Lanka,144
102,BA Stokes,M Theekshana,SM Curran,0,0,0,125,16,30,27,5,5,17,-,,0,,,bat,Sri Lanka,2,Sydney Cricket Ground,2022,11,Sri Lanka_England_2022-11-05,England,England,Sri Lanka,144
103,BA Stokes,M Theekshana,SM Curran,2,0,2,127,14,32,28,5,6,17,-,,0,,,bat,Sri Lanka,2,Sydney Cricket Ground,2022,11,Sri Lanka_England_2022-11-05,England,England,Sri Lanka,144
104,BA Stokes,M Theekshana,SM Curran,0,0,0,127,14,32,29,5,7,17,-,,0,,,bat,Sri Lanka,2,Sydney Cricket Ground,2022,11,Sri Lanka_England_2022-11-05,England,England,Sri Lanka,144
105,SM Curran,CBRLS Kumara,BA Stokes,0,0,0,127,14,5,7,5,1,18,-,,0,,,bat,Sri Lanka,2,Sydney Cricket Ground,2022,11,Sri Lanka_England_2022-11-05,England,England,Sri Lanka,144
106,SM Curran,CBRLS Kumara,BA Stokes,0,0,0,127,14,5,8,5,2,18,-,,0,,,bat,Sri Lanka,2,Sydney Cricket Ground,2022,11,Sri Lanka_England_2022-11-05,England,England,Sri Lanka,144
107,SM Curran,CBRLS Kumara,BA Stokes,0,0,0,127,14,5,9,5,3,18,-,,0,,,bat,Sri Lanka,2,Sydney Cricket Ground,2022,11,Sri Lanka_England_2022-11-05,England,England,Sri Lanka,144
108,SM Curran,CBRLS Kumara,BA Stokes,1,0,1,128,13,6,10,5,4,18,-,,0,,,bat,Sri Lanka,2,Sydney Cricket Ground,2022,11,Sri Lanka_England_2022-11-05,England,England,Sri Lanka,144
109,BA Stokes,CBRLS Kumara,SM Curran,1,0,1,129,12,33,30,5,5,18,-,,0,,,bat,Sri Lanka,2,Sydney Cricket Ground,2022,11,Sri Lanka_England_2022-11-05,England,England,Sri Lanka,144
110,SM Curran,CBRLS Kumara,BA Stokes,0,0,0,129,12,6,11,6,6,18,-,,caught,SM Curran,CAK Rajitha,bat,Sri Lanka,2,Sydney Cricket Ground,2022,11,Sri Lanka_England_2022-11-05,England,England,Sri Lanka,144
111,BA Stokes,CAK Rajitha,CR Woakes,1,0,1,130,11,34,31,6,1,19,-,,0,,,bat,Sri Lanka,2,Sydney Cricket Ground,2022,11,Sri Lanka_England_2022-11-05,England,England,Sri Lanka,144
112,CR Woakes,CAK Rajitha,BA Stokes,1,0,1,131,10,1,1,6,2,19,-,,0,,,bat,Sri Lanka,2,Sydney Cricket Ground,2022,11,Sri Lanka_England_2022-11-05,England,England,Sri Lanka,144
113,BA Stokes,CAK Rajitha,CR Woakes,2,0,2,133,8,36,32,6,3,19,-,,0,,,bat,Sri Lanka,2,Sydney Cricket Ground,2022,11,Sri Lanka_England_2022-11-05,England,England,Sri Lanka,144
114,BA Stokes,CAK Rajitha,CR Woakes,0,1,1,134,7,36,33,6,4,19,wides,,0,,,bat,Sri Lanka,2,Sydney Cricket Ground,2022,11,Sri Lanka_England_2022-11-05,England,England,Sri Lanka,144
115,BA Stokes,CAK Rajitha,CR Woakes,2,0,2,136,5,38,34,6,5,19,-,,0,,,bat,Sri Lanka,2,Sydney Cricket Ground,2022,11,Sri Lanka_England_2022-11-05,England,England,Sri Lanka,144
116,BA Stokes,CAK Rajitha,CR Woakes,0,0,0,136,5,38,35,6,6,19,-,,0,,,bat,Sri Lanka,2,Sydney Cricket Ground,2022,11,Sri Lanka_England_2022-11-05,England,England,Sri Lanka,144
117,BA Stokes,CAK Rajitha,CR Woakes,1,0,1,137,4,39,36,6,7,19,-,,0,,,bat,Sri Lanka,2,Sydney Cricket Ground,2022,11,Sri Lanka_England_2022-11-05,England,England,Sri Lanka,144
118,BA Stokes,CBRLS Kumara,CR Woakes,2,0,2,139,2,41,37,6,1,20,-,,0,,,bat,Sri Lanka,2,Sydney Cricket Ground,2022,11,Sri Lanka_England_2022-11-05,England,England,Sri Lanka,144
119,BA Stokes,CBRLS Kumara,CR Woakes,1,0,1,140,1,42,38,6,2,20,-,,0,,,bat,Sri Lanka,2,Sydney Cricket Ground,2022,11,Sri Lanka_England_2022-11-05,England,England,Sri Lanka,144
120,CR Woakes,CBRLS Kumara,BA Stokes,0,0,0,140,1,1,2,6,3,20,-,,0,,,bat,Sri Lanka,2,Sydney Cricket Ground,2022,11,Sri Lanka_England_2022-11-05,England,England,Sri Lanka,144
121,CR Woakes,CBRLS Kumara,BA Stokes,4,0,4,144,-3,5,3,6,4,20,-,,0,,,bat,Sri Lanka,2,Sydney Cricket Ground,2022,11,Sri Lanka_England_2022-11-05,England,England,Sri Lanka,144
