,batter,bowler,non_striker,runs_by_bat,extra_runs,total,team_total,batter_runs,balls_faced,delivery,extra_type,wicket_type,player_out,fielder,over,toss_decision,toss_winner,innings,venue,date,batting_team,bowling_team
0,RW Chakabva,J Little,CR Ervine,0,0,0,0,0,1,1,-,0,,,1,field,Ireland,1,"Bellerive Oval, Hobart",2022-10-17,Zimbabwe,Ireland
1,RW Chakabva,J Little,CR Ervine,0,0,0,0,0,2,2,-,caught,RW Chakabva,L Tucker,1,field,Ireland,1,"Bellerive Oval, Hobart",2022-10-17,Zimbabwe,Ireland
2,W Madhevere,J Little,CR Ervine,0,0,0,0,0,1,3,-,0,,,1,field,Ireland,1,"Bellerive Oval, Hobart",2022-10-17,Zimbabwe,Ireland
3,W Madhevere,J Little,CR Ervine,0,4,4,4,0,2,4,legbyes,0,,,1,field,Ireland,1,"Bellerive Oval, Hobart",2022-10-17,Zimbabwe,Ireland
4,W Madhevere,J Little,CR Ervine,4,0,4,8,4,3,5,-,0,,,1,field,Ireland,1,"Bellerive Oval, Hobart",2022-10-17,Zimbabwe,Ireland
5,W Madhevere,J Little,CR Ervine,0,0,0,8,4,4,6,-,0,,,1,field,Ireland,1,"Bellerive Oval, Hobart",2022-10-17,Zimbabwe,Ireland
6,CR Ervine,MR Adair,W Madhevere,1,0,1,9,1,1,1,-,0,,,2,field,Ireland,1,"Bellerive Oval, Hobart",2022-10-17,Zimbabwe,Ireland
7,W Madhevere,MR Adair,CR Ervine,1,0,1,10,5,5,2,-,0,,,2,field,Ireland,1,"Bellerive Oval, Hobart",2022-10-17,Zimbabwe,Ireland
8,CR Ervine,MR Adair,W Madhevere,0,1,1,11,1,2,3,legbyes,0,,,2,field,Ireland,1,"Bellerive Oval, Hobart",2022-10-17,Zimbabwe,Ireland
9,W Madhevere,MR Adair,CR Ervine,0,0,0,11,5,6,4,-,0,,,2,field,Ireland,1,"Bellerive Oval, Hobart",2022-10-17,Zimbabwe,Ireland
10,W Madhevere,MR Adair,CR Ervine,4,0,4,15,9,7,5,-,0,,,2,field,Ireland,1,"Bellerive Oval, Hobart",2022-10-17,Zimbabwe,Ireland
11,W Madhevere,MR Adair,CR Ervine,0,1,1,16,9,8,6,wides,0,,,2,field,Ireland,1,"Bellerive Oval, Hobart",2022-10-17,Zimbabwe,Ireland
12,W Madhevere,MR Adair,CR Ervine,1,0,1,17,10,9,7,-,0,,,2,field,Ireland,1,"Bellerive Oval, Hobart",2022-10-17,Zimbabwe,Ireland
13,W Madhevere,BJ McCarthy,CR Ervine,0,0,0,17,10,10,1,-,0,,,3,field,Ireland,1,"Bellerive Oval, Hobart",2022-10-17,Zimbabwe,Ireland
14,W Madhevere,BJ McCarthy,CR Ervine,1,0,1,18,11,11,2,-,0,,,3,field,Ireland,1,"Bellerive Oval, Hobart",2022-10-17,Zimbabwe,Ireland
15,CR Ervine,BJ McCarthy,W Madhevere,0,0,0,18,1,3,3,-,0,,,3,field,Ireland,1,"Bellerive Oval, Hobart",2022-10-17,Zimbabwe,Ireland
16,CR Ervine,BJ McCarthy,W Madhevere,0,0,0,18,1,4,4,-,0,,,3,field,Ireland,1,"Bellerive Oval, Hobart",2022-10-17,Zimbabwe,Ireland
17,CR Ervine,BJ McCarthy,W Madhevere,2,0,2,20,3,5,5,-,0,,,3,field,Ireland,1,"Bellerive Oval, Hobart",2022-10-17,Zimbabwe,Ireland
18,CR Ervine,BJ McCarthy,W Madhevere,0,0,0,20,3,6,6,-,0,,,3,field,Ireland,1,"Bellerive Oval, Hobart",2022-10-17,Zimbabwe,Ireland
19,W Madhevere,C Campher,CR Ervine,0,0,0,20,11,12,1,-,0,,,4,field,Ireland,1,"Bellerive Oval, Hobart",2022-10-17,Zimbabwe,Ireland
20,W Madhevere,C Campher,CR Ervine,4,0,4,24,15,13,2,-,0,,,4,field,Ireland,1,"Bellerive Oval, Hobart",2022-10-17,Zimbabwe,Ireland
21,W Madhevere,C Campher,CR Ervine,1,0,1,25,16,14,3,-,0,,,4,field,Ireland,1,"Bellerive Oval, Hobart",2022-10-17,Zimbabwe,Ireland
22,CR Ervine,C Campher,W Madhevere,1,0,1,26,4,7,4,-,0,,,4,field,Ireland,1,"Bellerive Oval, Hobart",2022-10-17,Zimbabwe,Ireland
23,W Madhevere,C Campher,CR Ervine,1,0,1,27,17,15,5,-,0,,,4,field,Ireland,1,"Bellerive Oval, Hobart",2022-10-17,Zimbabwe,Ireland
24,CR Ervine,C Campher,W Madhevere,4,0,4,31,8,8,6,-,0,,,4,field,Ireland,1,"Bellerive Oval, Hobart",2022-10-17,Zimbabwe,Ireland
25,W Madhevere,J Little,CR Ervine,0,0,0,31,17,16,1,-,0,,,5,field,Ireland,1,"Bellerive Oval, Hobart",2022-10-17,Zimbabwe,Ireland
26,W Madhevere,J Little,CR Ervine,1,0,1,32,18,17,2,-,0,,,5,field,Ireland,1,"Bellerive Oval, Hobart",2022-10-17,Zimbabwe,Ireland
27,CR Ervine,J Little,W Madhevere,1,0,1,33,9,9,3,-,0,,,5,field,Ireland,1,"Bellerive Oval, Hobart",2022-10-17,Zimbabwe,Ireland
28,W Madhevere,J Little,CR Ervine,4,0,4,37,22,18,4,-,0,,,5,field,Ireland,1,"Bellerive Oval, Hobart",2022-10-17,Zimbabwe,Ireland
29,W Madhevere,J Little,CR Ervine,0,0,0,37,22,19,5,-,0,,,5,field,Ireland,1,"Bellerive Oval, Hobart",2022-10-17,Zimbabwe,Ireland
30,W Madhevere,J Little,CR Ervine,0,0,0,37,22,20,6,-,caught,W Madhevere,GJ Delany,5,field,Ireland,1,"Bellerive Oval, Hobart",2022-10-17,Zimbabwe,Ireland
31,CR Ervine,Simi Singh,SC Williams,0,0,0,37,9,10,1,-,0,,,6,field,Ireland,1,"Bellerive Oval, Hobart",2022-10-17,Zimbabwe,Ireland
32,CR Ervine,Simi Singh,SC Williams,0,0,0,37,9,11,2,-,0,,,6,field,Ireland,1,"Bellerive Oval, Hobart",2022-10-17,Zimbabwe,Ireland
33,CR Ervine,Simi Singh,SC Williams,0,0,0,37,9,12,3,-,stumped,CR Ervine,L Tucker,6,field,Ireland,1,"Bellerive Oval, Hobart",2022-10-17,Zimbabwe,Ireland
34,Sikandar Raza,Simi Singh,SC Williams,1,0,1,38,1,1,4,-,0,,,6,field,Ireland,1,"Bellerive Oval, Hobart",2022-10-17,Zimbabwe,Ireland
35,SC Williams,Simi Singh,Sikandar Raza,0,1,1,39,0,1,5,wides,0,,,6,field,Ireland,1,"Bellerive Oval, Hobart",2022-10-17,Zimbabwe,Ireland
36,SC Williams,Simi Singh,Sikandar Raza,1,0,1,40,1,2,6,-,0,,,6,field,Ireland,1,"Bellerive Oval, Hobart",2022-10-17,Zimbabwe,Ireland
37,Sikandar Raza,Simi Singh,SC Williams,1,0,1,41,2,2,7,-,0,,,6,field,Ireland,1,"Bellerive Oval, Hobart",2022-10-17,Zimbabwe,Ireland
38,Sikandar Raza,BJ McCarthy,SC Williams,1,0,1,42,3,3,1,-,0,,,7,field,Ireland,1,"Bellerive Oval, Hobart",2022-10-17,Zimbabwe,Ireland
39,SC Williams,BJ McCarthy,Sikandar Raza,0,0,0,42,1,3,2,-,0,,,7,field,Ireland,1,"Bellerive Oval, Hobart",2022-10-17,Zimbabwe,Ireland
40,SC Williams,BJ McCarthy,Sikandar Raza,0,0,0,42,1,4,3,-,0,,,7,field,Ireland,1,"Bellerive Oval, Hobart",2022-10-17,Zimbabwe,Ireland
41,SC Williams,BJ McCarthy,Sikandar Raza,0,0,0,42,1,5,4,-,0,,,7,field,Ireland,1,"Bellerive Oval, Hobart",2022-10-17,Zimbabwe,Ireland
42,SC Williams,BJ McCarthy,Sikandar Raza,1,0,1,43,2,6,5,-,0,,,7,field,Ireland,1,"Bellerive Oval, Hobart",2022-10-17,Zimbabwe,Ireland
43,Sikandar Raza,BJ McCarthy,SC Williams,0,0,0,43,3,4,6,-,0,,,7,field,Ireland,1,"Bellerive Oval, Hobart",2022-10-17,Zimbabwe,Ireland
44,SC Williams,GJ Delany,Sikandar Raza,1,0,1,44,3,7,1,-,0,,,8,field,Ireland,1,"Bellerive Oval, Hobart",2022-10-17,Zimbabwe,Ireland
45,Sikandar Raza,GJ Delany,SC Williams,4,0,4,48,7,5,2,-,0,,,8,field,Ireland,1,"Bellerive Oval, Hobart",2022-10-17,Zimbabwe,Ireland
46,Sikandar Raza,GJ Delany,SC Williams,1,0,1,49,8,6,3,-,0,,,8,field,Ireland,1,"Bellerive Oval, Hobart",2022-10-17,Zimbabwe,Ireland
47,SC Williams,GJ Delany,Sikandar Raza,1,0,1,50,4,8,4,-,0,,,8,field,Ireland,1,"Bellerive Oval, Hobart",2022-10-17,Zimbabwe,Ireland
48,Sikandar Raza,GJ Delany,SC Williams,0,0,0,50,8,7,5,-,0,,,8,field,Ireland,1,"Bellerive Oval, Hobart",2022-10-17,Zimbabwe,Ireland
49,Sikandar Raza,GJ Delany,SC Williams,1,0,1,51,9,8,6,-,0,,,8,field,Ireland,1,"Bellerive Oval, Hobart",2022-10-17,Zimbabwe,Ireland
50,Sikandar Raza,C Campher,SC Williams,1,0,1,52,10,9,1,-,0,,,9,field,Ireland,1,"Bellerive Oval, Hobart",2022-10-17,Zimbabwe,Ireland
51,SC Williams,C Campher,Sikandar Raza,1,0,1,53,5,9,2,-,0,,,9,field,Ireland,1,"Bellerive Oval, Hobart",2022-10-17,Zimbabwe,Ireland
52,Sikandar Raza,C Campher,SC Williams,6,0,6,59,16,10,3,-,0,,,9,field,Ireland,1,"Bellerive Oval, Hobart",2022-10-17,Zimbabwe,Ireland
53,Sikandar Raza,C Campher,SC Williams,0,0,0,59,16,11,4,-,0,,,9,field,Ireland,1,"Bellerive Oval, Hobart",2022-10-17,Zimbabwe,Ireland
54,Sikandar Raza,C Campher,SC Williams,0,0,0,59,16,12,5,-,0,,,9,field,Ireland,1,"Bellerive Oval, Hobart",2022-10-17,Zimbabwe,Ireland
55,Sikandar Raza,C Campher,SC Williams,6,0,6,65,22,13,6,-,0,,,9,field,Ireland,1,"Bellerive Oval, Hobart",2022-10-17,Zimbabwe,Ireland
56,SC Williams,Simi Singh,Sikandar Raza,1,0,1,66,6,10,1,-,0,,,10,field,Ireland,1,"Bellerive Oval, Hobart",2022-10-17,Zimbabwe,Ireland
57,Sikandar Raza,Simi Singh,SC Williams,2,0,2,68,24,14,2,-,0,,,10,field,Ireland,1,"Bellerive Oval, Hobart",2022-10-17,Zimbabwe,Ireland
58,Sikandar Raza,Simi Singh,SC Williams,4,0,4,72,28,15,3,-,0,,,10,field,Ireland,1,"Bellerive Oval, Hobart",2022-10-17,Zimbabwe,Ireland
59,Sikandar Raza,Simi Singh,SC Williams,1,0,1,73,29,16,4,-,0,,,10,field,Ireland,1,"Bellerive Oval, Hobart",2022-10-17,Zimbabwe,Ireland
60,SC Williams,Simi Singh,Sikandar Raza,6,0,6,79,12,11,5,-,0,,,10,field,Ireland,1,"Bellerive Oval, Hobart",2022-10-17,Zimbabwe,Ireland
61,SC Williams,Simi Singh,Sikandar Raza,0,0,0,79,12,12,6,-,caught,SC Williams,HT Tector,10,field,Ireland,1,"Bellerive Oval, Hobart",2022-10-17,Zimbabwe,Ireland
62,Sikandar Raza,J Little,M Shumba,0,0,0,79,29,17,1,-,0,,,11,field,Ireland,1,"Bellerive Oval, Hobart",2022-10-17,Zimbabwe,Ireland
63,Sikandar Raza,J Little,M Shumba,1,0,1,80,30,18,2,-,0,,,11,field,Ireland,1,"Bellerive Oval, Hobart",2022-10-17,Zimbabwe,Ireland
64,M Shumba,J Little,Sikandar Raza,1,0,1,81,1,1,3,-,0,,,11,field,Ireland,1,"Bellerive Oval, Hobart",2022-10-17,Zimbabwe,Ireland
65,Sikandar Raza,J Little,M Shumba,1,0,1,82,31,19,4,-,0,,,11,field,Ireland,1,"Bellerive Oval, Hobart",2022-10-17,Zimbabwe,Ireland
66,M Shumba,J Little,Sikandar Raza,0,0,0,82,1,2,5,-,0,,,11,field,Ireland,1,"Bellerive Oval, Hobart",2022-10-17,Zimbabwe,Ireland
67,M Shumba,J Little,Sikandar Raza,2,0,2,84,3,3,6,-,0,,,11,field,Ireland,1,"Bellerive Oval, Hobart",2022-10-17,Zimbabwe,Ireland
68,Sikandar Raza,MR Adair,M Shumba,0,0,0,84,31,20,1,-,0,,,12,field,Ireland,1,"Bellerive Oval, Hobart",2022-10-17,Zimbabwe,Ireland
69,Sikandar Raza,MR Adair,M Shumba,2,0,2,86,33,21,2,-,0,,,12,field,Ireland,1,"Bellerive Oval, Hobart",2022-10-17,Zimbabwe,Ireland
70,Sikandar Raza,MR Adair,M Shumba,6,0,6,92,39,22,3,-,0,,,12,field,Ireland,1,"Bellerive Oval, Hobart",2022-10-17,Zimbabwe,Ireland
71,Sikandar Raza,MR Adair,M Shumba,4,0,4,96,43,23,4,-,0,,,12,field,Ireland,1,"Bellerive Oval, Hobart",2022-10-17,Zimbabwe,Ireland
72,Sikandar Raza,MR Adair,M Shumba,1,0,1,97,44,24,5,-,0,,,12,field,Ireland,1,"Bellerive Oval, Hobart",2022-10-17,Zimbabwe,Ireland
73,M Shumba,MR Adair,Sikandar Raza,2,0,2,99,5,4,6,-,0,,,12,field,Ireland,1,"Bellerive Oval, Hobart",2022-10-17,Zimbabwe,Ireland
74,Sikandar Raza,GJ Delany,M Shumba,0,0,0,99,44,25,1,-,0,,,13,field,Ireland,1,"Bellerive Oval, Hobart",2022-10-17,Zimbabwe,Ireland
75,Sikandar Raza,GJ Delany,M Shumba,0,1,1,100,44,26,2,wides,0,,,13,field,Ireland,1,"Bellerive Oval, Hobart",2022-10-17,Zimbabwe,Ireland
76,Sikandar Raza,GJ Delany,M Shumba,6,0,6,106,50,27,3,-,0,,,13,field,Ireland,1,"Bellerive Oval, Hobart",2022-10-17,Zimbabwe,Ireland
77,Sikandar Raza,GJ Delany,M Shumba,2,0,2,108,52,28,4,-,0,,,13,field,Ireland,1,"Bellerive Oval, Hobart",2022-10-17,Zimbabwe,Ireland
78,Sikandar Raza,GJ Delany,M Shumba,4,0,4,112,56,29,5,-,0,,,13,field,Ireland,1,"Bellerive Oval, Hobart",2022-10-17,Zimbabwe,Ireland
79,Sikandar Raza,GJ Delany,M Shumba,0,0,0,112,56,30,6,-,0,,,13,field,Ireland,1,"Bellerive Oval, Hobart",2022-10-17,Zimbabwe,Ireland
80,Sikandar Raza,GJ Delany,M Shumba,0,0,0,112,56,31,7,-,0,,,13,field,Ireland,1,"Bellerive Oval, Hobart",2022-10-17,Zimbabwe,Ireland
81,M Shumba,Simi Singh,Sikandar Raza,0,0,0,112,5,5,1,-,0,,,14,field,Ireland,1,"Bellerive Oval, Hobart",2022-10-17,Zimbabwe,Ireland
82,M Shumba,Simi Singh,Sikandar Raza,4,0,4,116,9,6,2,-,0,,,14,field,Ireland,1,"Bellerive Oval, Hobart",2022-10-17,Zimbabwe,Ireland
83,M Shumba,Simi Singh,Sikandar Raza,1,0,1,117,10,7,3,-,0,,,14,field,Ireland,1,"Bellerive Oval, Hobart",2022-10-17,Zimbabwe,Ireland
84,Sikandar Raza,Simi Singh,M Shumba,1,0,1,118,57,32,4,-,0,,,14,field,Ireland,1,"Bellerive Oval, Hobart",2022-10-17,Zimbabwe,Ireland
85,M Shumba,Simi Singh,Sikandar Raza,1,0,1,119,11,8,5,-,0,,,14,field,Ireland,1,"Bellerive Oval, Hobart",2022-10-17,Zimbabwe,Ireland
86,Sikandar Raza,Simi Singh,M Shumba,6,0,6,125,63,33,6,-,0,,,14,field,Ireland,1,"Bellerive Oval, Hobart",2022-10-17,Zimbabwe,Ireland
87,M Shumba,C Campher,Sikandar Raza,0,1,1,126,11,9,1,byes,0,,,15,field,Ireland,1,"Bellerive Oval, Hobart",2022-10-17,Zimbabwe,Ireland
88,Sikandar Raza,C Campher,M Shumba,1,0,1,127,64,34,2,-,0,,,15,field,Ireland,1,"Bellerive Oval, Hobart",2022-10-17,Zimbabwe,Ireland
89,M Shumba,C Campher,Sikandar Raza,2,0,2,129,13,10,3,-,0,,,15,field,Ireland,1,"Bellerive Oval, Hobart",2022-10-17,Zimbabwe,Ireland
90,M Shumba,C Campher,Sikandar Raza,1,0,1,130,14,11,4,-,0,,,15,field,Ireland,1,"Bellerive Oval, Hobart",2022-10-17,Zimbabwe,Ireland
91,Sikandar Raza,C Campher,M Shumba,0,0,0,130,64,35,5,-,0,,,15,field,Ireland,1,"Bellerive Oval, Hobart",2022-10-17,Zimbabwe,Ireland
92,Sikandar Raza,C Campher,M Shumba,0,0,0,130,64,36,6,-,0,,,15,field,Ireland,1,"Bellerive Oval, Hobart",2022-10-17,Zimbabwe,Ireland
93,M Shumba,MR Adair,Sikandar Raza,1,0,1,131,15,12,1,-,0,,,16,field,Ireland,1,"Bellerive Oval, Hobart",2022-10-17,Zimbabwe,Ireland
94,Sikandar Raza,MR Adair,M Shumba,1,0,1,132,65,37,2,-,0,,,16,field,Ireland,1,"Bellerive Oval, Hobart",2022-10-17,Zimbabwe,Ireland
95,M Shumba,MR Adair,Sikandar Raza,1,0,1,133,16,13,3,-,0,,,16,field,Ireland,1,"Bellerive Oval, Hobart",2022-10-17,Zimbabwe,Ireland
96,Sikandar Raza,MR Adair,M Shumba,3,0,3,136,68,38,4,-,0,,,16,field,Ireland,1,"Bellerive Oval, Hobart",2022-10-17,Zimbabwe,Ireland
97,M Shumba,MR Adair,Sikandar Raza,0,1,1,137,16,14,5,wides,0,,,16,field,Ireland,1,"Bellerive Oval, Hobart",2022-10-17,Zimbabwe,Ireland
98,M Shumba,MR Adair,Sikandar Raza,0,0,0,137,16,15,6,-,caught,M Shumba,J Little,16,field,Ireland,1,"Bellerive Oval, Hobart",2022-10-17,Zimbabwe,Ireland
99,RP Burl,MR Adair,Sikandar Raza,0,0,0,137,0,1,7,-,0,,,16,field,Ireland,1,"Bellerive Oval, Hobart",2022-10-17,Zimbabwe,Ireland
100,Sikandar Raza,BJ McCarthy,RP Burl,1,0,1,138,69,39,1,-,0,,,17,field,Ireland,1,"Bellerive Oval, Hobart",2022-10-17,Zimbabwe,Ireland
101,RP Burl,BJ McCarthy,Sikandar Raza,0,0,0,138,0,2,2,-,0,,,17,field,Ireland,1,"Bellerive Oval, Hobart",2022-10-17,Zimbabwe,Ireland
102,RP Burl,BJ McCarthy,Sikandar Raza,1,0,1,139,1,3,3,-,0,,,17,field,Ireland,1,"Bellerive Oval, Hobart",2022-10-17,Zimbabwe,Ireland
103,Sikandar Raza,BJ McCarthy,RP Burl,0,0,0,139,69,40,4,-,0,,,17,field,Ireland,1,"Bellerive Oval, Hobart",2022-10-17,Zimbabwe,Ireland
104,Sikandar Raza,BJ McCarthy,RP Burl,2,0,2,141,71,41,5,-,0,,,17,field,Ireland,1,"Bellerive Oval, Hobart",2022-10-17,Zimbabwe,Ireland
105,Sikandar Raza,BJ McCarthy,RP Burl,0,0,0,141,71,42,6,-,0,,,17,field,Ireland,1,"Bellerive Oval, Hobart",2022-10-17,Zimbabwe,Ireland
106,RP Burl,J Little,Sikandar Raza,0,0,0,141,1,4,1,-,caught,RP Burl,MR Adair,18,field,Ireland,1,"Bellerive Oval, Hobart",2022-10-17,Zimbabwe,Ireland
107,LM Jongwe,J Little,Sikandar Raza,1,0,1,142,1,1,2,-,0,,,18,field,Ireland,1,"Bellerive Oval, Hobart",2022-10-17,Zimbabwe,Ireland
108,Sikandar Raza,J Little,LM Jongwe,4,0,4,146,75,43,3,-,0,,,18,field,Ireland,1,"Bellerive Oval, Hobart",2022-10-17,Zimbabwe,Ireland
109,Sikandar Raza,J Little,LM Jongwe,2,0,2,148,77,44,4,-,0,,,18,field,Ireland,1,"Bellerive Oval, Hobart",2022-10-17,Zimbabwe,Ireland
110,Sikandar Raza,J Little,LM Jongwe,1,0,1,149,78,45,5,-,0,,,18,field,Ireland,1,"Bellerive Oval, Hobart",2022-10-17,Zimbabwe,Ireland
111,LM Jongwe,J Little,Sikandar Raza,1,0,1,150,2,2,6,-,0,,,18,field,Ireland,1,"Bellerive Oval, Hobart",2022-10-17,Zimbabwe,Ireland
112,LM Jongwe,BJ McCarthy,Sikandar Raza,4,0,4,154,6,3,1,-,0,,,19,field,Ireland,1,"Bellerive Oval, Hobart",2022-10-17,Zimbabwe,Ireland
113,LM Jongwe,BJ McCarthy,Sikandar Raza,2,0,2,156,8,4,2,-,0,,,19,field,Ireland,1,"Bellerive Oval, Hobart",2022-10-17,Zimbabwe,Ireland
114,LM Jongwe,BJ McCarthy,Sikandar Raza,1,0,1,157,9,5,3,-,0,,,19,field,Ireland,1,"Bellerive Oval, Hobart",2022-10-17,Zimbabwe,Ireland
115,Sikandar Raza,BJ McCarthy,LM Jongwe,0,1,1,158,78,46,4,wides,0,,,19,field,Ireland,1,"Bellerive Oval, Hobart",2022-10-17,Zimbabwe,Ireland
116,Sikandar Raza,BJ McCarthy,LM Jongwe,1,0,1,159,79,47,5,-,0,,,19,field,Ireland,1,"Bellerive Oval, Hobart",2022-10-17,Zimbabwe,Ireland
117,LM Jongwe,BJ McCarthy,Sikandar Raza,0,1,1,160,9,6,6,wides,0,,,19,field,Ireland,1,"Bellerive Oval, Hobart",2022-10-17,Zimbabwe,Ireland
118,LM Jongwe,BJ McCarthy,Sikandar Raza,4,0,4,164,13,7,7,-,0,,,19,field,Ireland,1,"Bellerive Oval, Hobart",2022-10-17,Zimbabwe,Ireland
119,LM Jongwe,BJ McCarthy,Sikandar Raza,1,0,1,165,14,8,8,-,0,,,19,field,Ireland,1,"Bellerive Oval, Hobart",2022-10-17,Zimbabwe,Ireland
120,LM Jongwe,MR Adair,Sikandar Raza,1,0,1,166,15,9,1,-,0,,,20,field,Ireland,1,"Bellerive Oval, Hobart",2022-10-17,Zimbabwe,Ireland
121,Sikandar Raza,MR Adair,LM Jongwe,2,0,2,168,81,48,2,-,0,,,20,field,Ireland,1,"Bellerive Oval, Hobart",2022-10-17,Zimbabwe,Ireland
122,Sikandar Raza,MR Adair,LM Jongwe,1,0,1,169,82,49,3,-,0,,,20,field,Ireland,1,"Bellerive Oval, Hobart",2022-10-17,Zimbabwe,Ireland
123,LM Jongwe,MR Adair,Sikandar Raza,4,0,4,173,19,10,4,-,0,,,20,field,Ireland,1,"Bellerive Oval, Hobart",2022-10-17,Zimbabwe,Ireland
124,LM Jongwe,MR Adair,Sikandar Raza,1,0,1,174,20,11,5,-,0,,,20,field,Ireland,1,"Bellerive Oval, Hobart",2022-10-17,Zimbabwe,Ireland
125,Sikandar Raza,MR Adair,LM Jongwe,0,0,0,174,82,50,6,-,bowled,Sikandar Raza,,20,field,Ireland,1,"Bellerive Oval, Hobart",2022-10-17,Zimbabwe,Ireland
