,batter,bowler,non_striker,runs_by_bat,extra_runs,total,team_total,batter_runs,balls_faced,delivery,extra_type,over,wicket_type,player_out,fielder,toss_decision,toss_winner,innings,venue,date,winning_team,batting_team,bowling_team
0,W Madhevere,Fazalhaq Farooqi,I Kaia,1,0,1,1,1,1,1,-,1,0,,,bat,Zimbabwe,1,Harare Sports Club,2022-06-11,Afghanistan,Zimbabwe,Afghanistan
1,I Kaia,Fazalhaq Farooqi,W Madhevere,0,1,1,2,0,1,2,wides,1,0,,,bat,Zimbabwe,1,Harare Sports Club,2022-06-11,Afghanistan,Zimbabwe,Afghanistan
2,I Kaia,Fazalhaq Farooqi,W Madhevere,0,0,0,2,0,2,3,-,1,0,,,bat,Zimbabwe,1,Harare Sports Club,2022-06-11,Afghanistan,Zimbabwe,Afghanistan
3,I Kaia,Fazalhaq Farooqi,W Madhevere,0,0,0,2,0,3,4,-,1,0,,,bat,Zimbabwe,1,Harare Sports Club,2022-06-11,Afghanistan,Zimbabwe,Afghanistan
4,I Kaia,Fazalhaq Farooqi,W Madhevere,0,0,0,2,0,4,5,-,1,0,,,bat,Zimbabwe,1,Harare Sports Club,2022-06-11,Afghanistan,Zimbabwe,Afghanistan
5,I Kaia,Fazalhaq Farooqi,W Madhevere,4,0,4,6,4,5,6,-,1,0,,,bat,Zimbabwe,1,Harare Sports Club,2022-06-11,Afghanistan,Zimbabwe,Afghanistan
6,I Kaia,Fazalhaq Farooqi,W Madhevere,0,0,0,6,4,6,7,-,1,0,,,bat,Zimbabwe,1,Harare Sports Club,2022-06-11,Afghanistan,Zimbabwe,Afghanistan
7,W Madhevere,Nijat Masood,I Kaia,0,1,1,7,1,2,1,wides,2,0,,,bat,Zimbabwe,1,Harare Sports Club,2022-06-11,Afghanistan,Zimbabwe,Afghanistan
8,W Madhevere,Nijat Masood,I Kaia,1,0,1,8,2,3,2,-,2,0,,,bat,Zimbabwe,1,Harare Sports Club,2022-06-11,Afghanistan,Zimbabwe,Afghanistan
9,I Kaia,Nijat Masood,W Madhevere,0,0,0,8,4,7,3,-,2,0,,,bat,Zimbabwe,1,Harare Sports Club,2022-06-11,Afghanistan,Zimbabwe,Afghanistan
10,I Kaia,Nijat Masood,W Madhevere,0,0,0,8,4,8,4,-,2,0,,,bat,Zimbabwe,1,Harare Sports Club,2022-06-11,Afghanistan,Zimbabwe,Afghanistan
11,I Kaia,Nijat Masood,W Madhevere,1,0,1,9,5,9,5,-,2,0,,,bat,Zimbabwe,1,Harare Sports Club,2022-06-11,Afghanistan,Zimbabwe,Afghanistan
12,W Madhevere,Nijat Masood,I Kaia,0,1,1,10,2,4,6,wides,2,0,,,bat,Zimbabwe,1,Harare Sports Club,2022-06-11,Afghanistan,Zimbabwe,Afghanistan
13,W Madhevere,Nijat Masood,I Kaia,1,0,1,11,3,5,7,-,2,0,,,bat,Zimbabwe,1,Harare Sports Club,2022-06-11,Afghanistan,Zimbabwe,Afghanistan
14,I Kaia,Nijat Masood,W Madhevere,1,0,1,12,6,10,8,-,2,0,,,bat,Zimbabwe,1,Harare Sports Club,2022-06-11,Afghanistan,Zimbabwe,Afghanistan
15,I Kaia,Fazalhaq Farooqi,W Madhevere,0,0,0,12,6,11,1,-,3,caught,I Kaia,Azmatullah Omarzai,bat,Zimbabwe,1,Harare Sports Club,2022-06-11,Afghanistan,Zimbabwe,Afghanistan
16,W Madhevere,Fazalhaq Farooqi,CR Ervine,0,0,0,12,3,6,2,-,3,0,,,bat,Zimbabwe,1,Harare Sports Club,2022-06-11,Afghanistan,Zimbabwe,Afghanistan
17,W Madhevere,Fazalhaq Farooqi,CR Ervine,0,0,0,12,3,7,3,-,3,0,,,bat,Zimbabwe,1,Harare Sports Club,2022-06-11,Afghanistan,Zimbabwe,Afghanistan
18,W Madhevere,Fazalhaq Farooqi,CR Ervine,1,0,1,13,4,8,4,-,3,0,,,bat,Zimbabwe,1,Harare Sports Club,2022-06-11,Afghanistan,Zimbabwe,Afghanistan
19,CR Ervine,Fazalhaq Farooqi,W Madhevere,0,0,0,13,0,1,5,-,3,0,,,bat,Zimbabwe,1,Harare Sports Club,2022-06-11,Afghanistan,Zimbabwe,Afghanistan
20,CR Ervine,Fazalhaq Farooqi,W Madhevere,4,0,4,17,4,2,6,-,3,0,,,bat,Zimbabwe,1,Harare Sports Club,2022-06-11,Afghanistan,Zimbabwe,Afghanistan
21,W Madhevere,Mohammad Nabi,CR Ervine,4,0,4,21,8,9,1,-,4,0,,,bat,Zimbabwe,1,Harare Sports Club,2022-06-11,Afghanistan,Zimbabwe,Afghanistan
22,W Madhevere,Mohammad Nabi,CR Ervine,4,0,4,25,12,10,2,-,4,0,,,bat,Zimbabwe,1,Harare Sports Club,2022-06-11,Afghanistan,Zimbabwe,Afghanistan
23,W Madhevere,Mohammad Nabi,CR Ervine,0,0,0,25,12,11,3,-,4,0,,,bat,Zimbabwe,1,Harare Sports Club,2022-06-11,Afghanistan,Zimbabwe,Afghanistan
24,W Madhevere,Mohammad Nabi,CR Ervine,4,0,4,29,16,12,4,-,4,0,,,bat,Zimbabwe,1,Harare Sports Club,2022-06-11,Afghanistan,Zimbabwe,Afghanistan
25,W Madhevere,Mohammad Nabi,CR Ervine,1,0,1,30,17,13,5,-,4,0,,,bat,Zimbabwe,1,Harare Sports Club,2022-06-11,Afghanistan,Zimbabwe,Afghanistan
26,CR Ervine,Mohammad Nabi,W Madhevere,0,1,1,31,4,3,6,legbyes,4,0,,,bat,Zimbabwe,1,Harare Sports Club,2022-06-11,Afghanistan,Zimbabwe,Afghanistan
27,CR Ervine,Nijat Masood,W Madhevere,0,0,0,31,4,4,1,-,5,0,,,bat,Zimbabwe,1,Harare Sports Club,2022-06-11,Afghanistan,Zimbabwe,Afghanistan
28,CR Ervine,Nijat Masood,W Madhevere,1,0,1,32,5,5,2,-,5,0,,,bat,Zimbabwe,1,Harare Sports Club,2022-06-11,Afghanistan,Zimbabwe,Afghanistan
29,W Madhevere,Nijat Masood,CR Ervine,4,0,4,36,21,14,3,-,5,0,,,bat,Zimbabwe,1,Harare Sports Club,2022-06-11,Afghanistan,Zimbabwe,Afghanistan
30,W Madhevere,Nijat Masood,CR Ervine,1,0,1,37,22,15,4,-,5,0,,,bat,Zimbabwe,1,Harare Sports Club,2022-06-11,Afghanistan,Zimbabwe,Afghanistan
31,CR Ervine,Nijat Masood,W Madhevere,0,1,1,38,5,6,5,wides,5,0,,,bat,Zimbabwe,1,Harare Sports Club,2022-06-11,Afghanistan,Zimbabwe,Afghanistan
32,CR Ervine,Nijat Masood,W Madhevere,4,0,4,42,9,7,6,-,5,0,,,bat,Zimbabwe,1,Harare Sports Club,2022-06-11,Afghanistan,Zimbabwe,Afghanistan
33,CR Ervine,Nijat Masood,W Madhevere,0,0,0,42,9,8,7,-,5,caught and bowled,CR Ervine,,bat,Zimbabwe,1,Harare Sports Club,2022-06-11,Afghanistan,Zimbabwe,Afghanistan
34,W Madhevere,Azmatullah Omarzai,RW Chakabva,1,0,1,43,23,16,1,-,6,0,,,bat,Zimbabwe,1,Harare Sports Club,2022-06-11,Afghanistan,Zimbabwe,Afghanistan
35,RW Chakabva,Azmatullah Omarzai,W Madhevere,0,0,0,43,0,1,2,-,6,0,,,bat,Zimbabwe,1,Harare Sports Club,2022-06-11,Afghanistan,Zimbabwe,Afghanistan
36,RW Chakabva,Azmatullah Omarzai,W Madhevere,4,0,4,47,4,2,3,-,6,0,,,bat,Zimbabwe,1,Harare Sports Club,2022-06-11,Afghanistan,Zimbabwe,Afghanistan
37,RW Chakabva,Azmatullah Omarzai,W Madhevere,1,0,1,48,5,3,4,-,6,0,,,bat,Zimbabwe,1,Harare Sports Club,2022-06-11,Afghanistan,Zimbabwe,Afghanistan
38,W Madhevere,Azmatullah Omarzai,RW Chakabva,0,0,0,48,23,17,5,-,6,0,,,bat,Zimbabwe,1,Harare Sports Club,2022-06-11,Afghanistan,Zimbabwe,Afghanistan
39,W Madhevere,Azmatullah Omarzai,RW Chakabva,0,1,1,49,23,18,6,wides,6,0,,,bat,Zimbabwe,1,Harare Sports Club,2022-06-11,Afghanistan,Zimbabwe,Afghanistan
40,W Madhevere,Azmatullah Omarzai,RW Chakabva,1,0,1,50,24,19,7,-,6,0,,,bat,Zimbabwe,1,Harare Sports Club,2022-06-11,Afghanistan,Zimbabwe,Afghanistan
41,W Madhevere,Rashid Khan,RW Chakabva,1,0,1,51,25,20,1,-,7,0,,,bat,Zimbabwe,1,Harare Sports Club,2022-06-11,Afghanistan,Zimbabwe,Afghanistan
42,RW Chakabva,Rashid Khan,W Madhevere,0,1,1,52,5,4,2,legbyes,7,0,,,bat,Zimbabwe,1,Harare Sports Club,2022-06-11,Afghanistan,Zimbabwe,Afghanistan
43,W Madhevere,Rashid Khan,RW Chakabva,0,0,0,52,25,21,3,-,7,0,,,bat,Zimbabwe,1,Harare Sports Club,2022-06-11,Afghanistan,Zimbabwe,Afghanistan
44,W Madhevere,Rashid Khan,RW Chakabva,4,0,4,56,29,22,4,-,7,0,,,bat,Zimbabwe,1,Harare Sports Club,2022-06-11,Afghanistan,Zimbabwe,Afghanistan
45,W Madhevere,Rashid Khan,RW Chakabva,1,0,1,57,30,23,5,-,7,0,,,bat,Zimbabwe,1,Harare Sports Club,2022-06-11,Afghanistan,Zimbabwe,Afghanistan
46,RW Chakabva,Rashid Khan,W Madhevere,1,0,1,58,6,5,6,-,7,0,,,bat,Zimbabwe,1,Harare Sports Club,2022-06-11,Afghanistan,Zimbabwe,Afghanistan
47,RW Chakabva,Azmatullah Omarzai,W Madhevere,1,0,1,59,7,6,1,-,8,0,,,bat,Zimbabwe,1,Harare Sports Club,2022-06-11,Afghanistan,Zimbabwe,Afghanistan
48,W Madhevere,Azmatullah Omarzai,RW Chakabva,1,0,1,60,31,24,2,-,8,0,,,bat,Zimbabwe,1,Harare Sports Club,2022-06-11,Afghanistan,Zimbabwe,Afghanistan
49,RW Chakabva,Azmatullah Omarzai,W Madhevere,1,0,1,61,8,7,3,-,8,0,,,bat,Zimbabwe,1,Harare Sports Club,2022-06-11,Afghanistan,Zimbabwe,Afghanistan
50,W Madhevere,Azmatullah Omarzai,RW Chakabva,0,0,0,61,31,25,4,-,8,0,,,bat,Zimbabwe,1,Harare Sports Club,2022-06-11,Afghanistan,Zimbabwe,Afghanistan
51,W Madhevere,Azmatullah Omarzai,RW Chakabva,1,0,1,62,32,26,5,-,8,0,,,bat,Zimbabwe,1,Harare Sports Club,2022-06-11,Afghanistan,Zimbabwe,Afghanistan
52,RW Chakabva,Azmatullah Omarzai,W Madhevere,2,0,2,64,10,8,6,-,8,0,,,bat,Zimbabwe,1,Harare Sports Club,2022-06-11,Afghanistan,Zimbabwe,Afghanistan
53,W Madhevere,Rashid Khan,RW Chakabva,0,0,0,64,32,27,1,-,9,bowled,W Madhevere,,bat,Zimbabwe,1,Harare Sports Club,2022-06-11,Afghanistan,Zimbabwe,Afghanistan
54,M Shumba,Rashid Khan,RW Chakabva,0,0,0,64,0,1,2,-,9,0,,,bat,Zimbabwe,1,Harare Sports Club,2022-06-11,Afghanistan,Zimbabwe,Afghanistan
55,M Shumba,Rashid Khan,RW Chakabva,0,0,0,64,0,2,3,-,9,0,,,bat,Zimbabwe,1,Harare Sports Club,2022-06-11,Afghanistan,Zimbabwe,Afghanistan
56,M Shumba,Rashid Khan,RW Chakabva,0,0,0,64,0,3,4,-,9,0,,,bat,Zimbabwe,1,Harare Sports Club,2022-06-11,Afghanistan,Zimbabwe,Afghanistan
57,M Shumba,Rashid Khan,RW Chakabva,0,0,0,64,0,4,5,-,9,0,,,bat,Zimbabwe,1,Harare Sports Club,2022-06-11,Afghanistan,Zimbabwe,Afghanistan
58,M Shumba,Rashid Khan,RW Chakabva,1,0,1,65,1,5,6,-,9,0,,,bat,Zimbabwe,1,Harare Sports Club,2022-06-11,Afghanistan,Zimbabwe,Afghanistan
59,M Shumba,Mohammad Nabi,RW Chakabva,0,1,1,66,1,6,1,wides,10,stumped,M Shumba,Rahmanullah Gurbaz,bat,Zimbabwe,1,Harare Sports Club,2022-06-11,Afghanistan,Zimbabwe,Afghanistan
60,Sikandar Raza,Mohammad Nabi,RW Chakabva,1,0,1,67,1,1,2,-,10,0,,,bat,Zimbabwe,1,Harare Sports Club,2022-06-11,Afghanistan,Zimbabwe,Afghanistan
61,RW Chakabva,Mohammad Nabi,Sikandar Raza,0,0,0,67,10,9,3,-,10,0,,,bat,Zimbabwe,1,Harare Sports Club,2022-06-11,Afghanistan,Zimbabwe,Afghanistan
62,RW Chakabva,Mohammad Nabi,Sikandar Raza,2,0,2,69,12,10,4,-,10,0,,,bat,Zimbabwe,1,Harare Sports Club,2022-06-11,Afghanistan,Zimbabwe,Afghanistan
63,RW Chakabva,Mohammad Nabi,Sikandar Raza,1,0,1,70,13,11,5,-,10,0,,,bat,Zimbabwe,1,Harare Sports Club,2022-06-11,Afghanistan,Zimbabwe,Afghanistan
64,Sikandar Raza,Mohammad Nabi,RW Chakabva,0,0,0,70,1,2,6,-,10,0,,,bat,Zimbabwe,1,Harare Sports Club,2022-06-11,Afghanistan,Zimbabwe,Afghanistan
65,Sikandar Raza,Mohammad Nabi,RW Chakabva,0,0,0,70,1,3,7,-,10,0,,,bat,Zimbabwe,1,Harare Sports Club,2022-06-11,Afghanistan,Zimbabwe,Afghanistan
66,RW Chakabva,Karim Janat,Sikandar Raza,1,0,1,71,14,12,1,-,11,0,,,bat,Zimbabwe,1,Harare Sports Club,2022-06-11,Afghanistan,Zimbabwe,Afghanistan
67,Sikandar Raza,Karim Janat,RW Chakabva,1,0,1,72,2,4,2,-,11,0,,,bat,Zimbabwe,1,Harare Sports Club,2022-06-11,Afghanistan,Zimbabwe,Afghanistan
68,RW Chakabva,Karim Janat,Sikandar Raza,1,0,1,73,15,13,3,-,11,0,,,bat,Zimbabwe,1,Harare Sports Club,2022-06-11,Afghanistan,Zimbabwe,Afghanistan
69,Sikandar Raza,Karim Janat,RW Chakabva,1,0,1,74,3,5,4,-,11,0,,,bat,Zimbabwe,1,Harare Sports Club,2022-06-11,Afghanistan,Zimbabwe,Afghanistan
70,RW Chakabva,Karim Janat,Sikandar Raza,0,0,0,74,15,14,5,-,11,0,,,bat,Zimbabwe,1,Harare Sports Club,2022-06-11,Afghanistan,Zimbabwe,Afghanistan
71,RW Chakabva,Karim Janat,Sikandar Raza,1,0,1,75,16,15,6,-,11,0,,,bat,Zimbabwe,1,Harare Sports Club,2022-06-11,Afghanistan,Zimbabwe,Afghanistan
72,RW Chakabva,Mohammad Nabi,Sikandar Raza,4,0,4,79,20,16,1,-,12,0,,,bat,Zimbabwe,1,Harare Sports Club,2022-06-11,Afghanistan,Zimbabwe,Afghanistan
73,RW Chakabva,Mohammad Nabi,Sikandar Raza,1,0,1,80,21,17,2,-,12,0,,,bat,Zimbabwe,1,Harare Sports Club,2022-06-11,Afghanistan,Zimbabwe,Afghanistan
74,Sikandar Raza,Mohammad Nabi,RW Chakabva,1,0,1,81,4,6,3,-,12,0,,,bat,Zimbabwe,1,Harare Sports Club,2022-06-11,Afghanistan,Zimbabwe,Afghanistan
75,RW Chakabva,Mohammad Nabi,Sikandar Raza,1,0,1,82,22,18,4,-,12,0,,,bat,Zimbabwe,1,Harare Sports Club,2022-06-11,Afghanistan,Zimbabwe,Afghanistan
76,Sikandar Raza,Mohammad Nabi,RW Chakabva,1,0,1,83,5,7,5,-,12,0,,,bat,Zimbabwe,1,Harare Sports Club,2022-06-11,Afghanistan,Zimbabwe,Afghanistan
77,RW Chakabva,Mohammad Nabi,Sikandar Raza,4,0,4,87,26,19,6,-,12,0,,,bat,Zimbabwe,1,Harare Sports Club,2022-06-11,Afghanistan,Zimbabwe,Afghanistan
78,Sikandar Raza,Karim Janat,RW Chakabva,1,0,1,88,6,8,1,-,13,0,,,bat,Zimbabwe,1,Harare Sports Club,2022-06-11,Afghanistan,Zimbabwe,Afghanistan
79,RW Chakabva,Karim Janat,Sikandar Raza,0,4,4,92,26,20,2,legbyes,13,0,,,bat,Zimbabwe,1,Harare Sports Club,2022-06-11,Afghanistan,Zimbabwe,Afghanistan
80,RW Chakabva,Karim Janat,Sikandar Raza,0,0,0,92,26,21,3,-,13,0,,,bat,Zimbabwe,1,Harare Sports Club,2022-06-11,Afghanistan,Zimbabwe,Afghanistan
81,RW Chakabva,Karim Janat,Sikandar Raza,1,0,1,93,27,22,4,-,13,0,,,bat,Zimbabwe,1,Harare Sports Club,2022-06-11,Afghanistan,Zimbabwe,Afghanistan
82,Sikandar Raza,Karim Janat,RW Chakabva,1,0,1,94,7,9,5,-,13,0,,,bat,Zimbabwe,1,Harare Sports Club,2022-06-11,Afghanistan,Zimbabwe,Afghanistan
83,RW Chakabva,Karim Janat,Sikandar Raza,2,0,2,96,29,23,6,-,13,0,,,bat,Zimbabwe,1,Harare Sports Club,2022-06-11,Afghanistan,Zimbabwe,Afghanistan
84,Sikandar Raza,Nijat Masood,RW Chakabva,1,0,1,97,8,10,1,-,14,0,,,bat,Zimbabwe,1,Harare Sports Club,2022-06-11,Afghanistan,Zimbabwe,Afghanistan
85,RW Chakabva,Nijat Masood,Sikandar Raza,0,0,0,97,29,24,2,-,14,caught,RW Chakabva,Mohammad Nabi,bat,Zimbabwe,1,Harare Sports Club,2022-06-11,Afghanistan,Zimbabwe,Afghanistan
86,Sikandar Raza,Nijat Masood,RP Burl,1,0,1,98,9,11,3,-,14,0,,,bat,Zimbabwe,1,Harare Sports Club,2022-06-11,Afghanistan,Zimbabwe,Afghanistan
87,RP Burl,Nijat Masood,Sikandar Raza,1,0,1,99,1,1,4,-,14,0,,,bat,Zimbabwe,1,Harare Sports Club,2022-06-11,Afghanistan,Zimbabwe,Afghanistan
88,Sikandar Raza,Nijat Masood,RP Burl,1,0,1,100,10,12,5,-,14,0,,,bat,Zimbabwe,1,Harare Sports Club,2022-06-11,Afghanistan,Zimbabwe,Afghanistan
89,RP Burl,Nijat Masood,Sikandar Raza,0,0,0,100,1,2,6,-,14,0,,,bat,Zimbabwe,1,Harare Sports Club,2022-06-11,Afghanistan,Zimbabwe,Afghanistan
90,Sikandar Raza,Rashid Khan,RP Burl,0,1,1,101,10,13,1,wides,15,0,,,bat,Zimbabwe,1,Harare Sports Club,2022-06-11,Afghanistan,Zimbabwe,Afghanistan
91,Sikandar Raza,Rashid Khan,RP Burl,0,0,0,101,10,14,2,-,15,0,,,bat,Zimbabwe,1,Harare Sports Club,2022-06-11,Afghanistan,Zimbabwe,Afghanistan
92,Sikandar Raza,Rashid Khan,RP Burl,4,0,4,105,14,15,3,-,15,0,,,bat,Zimbabwe,1,Harare Sports Club,2022-06-11,Afghanistan,Zimbabwe,Afghanistan
93,Sikandar Raza,Rashid Khan,RP Burl,0,0,0,105,14,16,4,-,15,0,,,bat,Zimbabwe,1,Harare Sports Club,2022-06-11,Afghanistan,Zimbabwe,Afghanistan
94,Sikandar Raza,Rashid Khan,RP Burl,0,0,0,105,14,17,5,-,15,0,,,bat,Zimbabwe,1,Harare Sports Club,2022-06-11,Afghanistan,Zimbabwe,Afghanistan
95,Sikandar Raza,Rashid Khan,RP Burl,1,0,1,106,15,18,6,-,15,0,,,bat,Zimbabwe,1,Harare Sports Club,2022-06-11,Afghanistan,Zimbabwe,Afghanistan
96,RP Burl,Rashid Khan,Sikandar Raza,1,0,1,107,2,3,7,-,15,run out,RP Burl,Karim Janat,bat,Zimbabwe,1,Harare Sports Club,2022-06-11,Afghanistan,Zimbabwe,Afghanistan
97,Sikandar Raza,Azmatullah Omarzai,LM Jongwe,4,0,4,111,19,19,1,-,16,0,,,bat,Zimbabwe,1,Harare Sports Club,2022-06-11,Afghanistan,Zimbabwe,Afghanistan
98,Sikandar Raza,Azmatullah Omarzai,LM Jongwe,1,0,1,112,20,20,2,-,16,0,,,bat,Zimbabwe,1,Harare Sports Club,2022-06-11,Afghanistan,Zimbabwe,Afghanistan
99,LM Jongwe,Azmatullah Omarzai,Sikandar Raza,0,0,0,112,0,1,3,-,16,0,,,bat,Zimbabwe,1,Harare Sports Club,2022-06-11,Afghanistan,Zimbabwe,Afghanistan
100,LM Jongwe,Azmatullah Omarzai,Sikandar Raza,1,0,1,113,1,2,4,-,16,0,,,bat,Zimbabwe,1,Harare Sports Club,2022-06-11,Afghanistan,Zimbabwe,Afghanistan
101,Sikandar Raza,Azmatullah Omarzai,LM Jongwe,1,0,1,114,21,21,5,-,16,0,,,bat,Zimbabwe,1,Harare Sports Club,2022-06-11,Afghanistan,Zimbabwe,Afghanistan
102,LM Jongwe,Azmatullah Omarzai,Sikandar Raza,4,0,4,118,5,3,6,-,16,0,,,bat,Zimbabwe,1,Harare Sports Club,2022-06-11,Afghanistan,Zimbabwe,Afghanistan
103,Sikandar Raza,Rashid Khan,LM Jongwe,0,0,0,118,21,22,1,-,17,0,,,bat,Zimbabwe,1,Harare Sports Club,2022-06-11,Afghanistan,Zimbabwe,Afghanistan
104,Sikandar Raza,Rashid Khan,LM Jongwe,4,0,4,122,25,23,2,-,17,0,,,bat,Zimbabwe,1,Harare Sports Club,2022-06-11,Afghanistan,Zimbabwe,Afghanistan
105,Sikandar Raza,Rashid Khan,LM Jongwe,1,0,1,123,26,24,3,-,17,0,,,bat,Zimbabwe,1,Harare Sports Club,2022-06-11,Afghanistan,Zimbabwe,Afghanistan
106,LM Jongwe,Rashid Khan,Sikandar Raza,0,0,0,123,5,4,4,-,17,run out,LM Jongwe,Rashid Khan,bat,Zimbabwe,1,Harare Sports Club,2022-06-11,Afghanistan,Zimbabwe,Afghanistan
107,Sikandar Raza,Rashid Khan,A Ndlovu,1,0,1,124,27,25,5,-,17,0,,,bat,Zimbabwe,1,Harare Sports Club,2022-06-11,Afghanistan,Zimbabwe,Afghanistan
108,A Ndlovu,Rashid Khan,Sikandar Raza,0,0,0,124,0,1,6,-,17,0,,,bat,Zimbabwe,1,Harare Sports Club,2022-06-11,Afghanistan,Zimbabwe,Afghanistan
109,Sikandar Raza,Fazalhaq Farooqi,A Ndlovu,2,0,2,126,29,26,1,-,18,0,,,bat,Zimbabwe,1,Harare Sports Club,2022-06-11,Afghanistan,Zimbabwe,Afghanistan
110,Sikandar Raza,Fazalhaq Farooqi,A Ndlovu,1,0,1,127,30,27,2,-,18,0,,,bat,Zimbabwe,1,Harare Sports Club,2022-06-11,Afghanistan,Zimbabwe,Afghanistan
111,A Ndlovu,Fazalhaq Farooqi,Sikandar Raza,4,0,4,131,4,2,3,-,18,0,,,bat,Zimbabwe,1,Harare Sports Club,2022-06-11,Afghanistan,Zimbabwe,Afghanistan
112,A Ndlovu,Fazalhaq Farooqi,Sikandar Raza,0,0,0,131,4,3,4,-,18,0,,,bat,Zimbabwe,1,Harare Sports Club,2022-06-11,Afghanistan,Zimbabwe,Afghanistan
113,A Ndlovu,Fazalhaq Farooqi,Sikandar Raza,1,0,1,132,5,4,5,-,18,0,,,bat,Zimbabwe,1,Harare Sports Club,2022-06-11,Afghanistan,Zimbabwe,Afghanistan
114,Sikandar Raza,Fazalhaq Farooqi,A Ndlovu,1,0,1,133,31,28,6,-,18,0,,,bat,Zimbabwe,1,Harare Sports Club,2022-06-11,Afghanistan,Zimbabwe,Afghanistan
115,Sikandar Raza,Nijat Masood,A Ndlovu,2,0,2,135,33,29,1,-,19,0,,,bat,Zimbabwe,1,Harare Sports Club,2022-06-11,Afghanistan,Zimbabwe,Afghanistan
116,Sikandar Raza,Nijat Masood,A Ndlovu,6,1,7,142,39,30,2,noballs,19,0,,,bat,Zimbabwe,1,Harare Sports Club,2022-06-11,Afghanistan,Zimbabwe,Afghanistan
117,Sikandar Raza,Nijat Masood,A Ndlovu,6,0,6,148,45,31,3,-,19,0,,,bat,Zimbabwe,1,Harare Sports Club,2022-06-11,Afghanistan,Zimbabwe,Afghanistan
118,Sikandar Raza,Nijat Masood,A Ndlovu,0,0,0,148,45,32,4,-,19,caught,Sikandar Raza,Hazratullah,bat,Zimbabwe,1,Harare Sports Club,2022-06-11,Afghanistan,Zimbabwe,Afghanistan
119,TL Chatara,Nijat Masood,A Ndlovu,1,0,1,149,1,1,5,-,19,0,,,bat,Zimbabwe,1,Harare Sports Club,2022-06-11,Afghanistan,Zimbabwe,Afghanistan
120,A Ndlovu,Nijat Masood,TL Chatara,1,0,1,150,6,5,6,-,19,0,,,bat,Zimbabwe,1,Harare Sports Club,2022-06-11,Afghanistan,Zimbabwe,Afghanistan
121,TL Chatara,Nijat Masood,A Ndlovu,1,0,1,151,2,2,7,-,19,0,,,bat,Zimbabwe,1,Harare Sports Club,2022-06-11,Afghanistan,Zimbabwe,Afghanistan
122,TL Chatara,Fazalhaq Farooqi,A Ndlovu,2,0,2,153,4,3,1,-,20,0,,,bat,Zimbabwe,1,Harare Sports Club,2022-06-11,Afghanistan,Zimbabwe,Afghanistan
123,TL Chatara,Fazalhaq Farooqi,A Ndlovu,1,0,1,154,5,4,2,-,20,0,,,bat,Zimbabwe,1,Harare Sports Club,2022-06-11,Afghanistan,Zimbabwe,Afghanistan
124,A Ndlovu,Fazalhaq Farooqi,TL Chatara,0,0,0,154,6,6,3,-,20,0,,,bat,Zimbabwe,1,Harare Sports Club,2022-06-11,Afghanistan,Zimbabwe,Afghanistan
125,A Ndlovu,Fazalhaq Farooqi,TL Chatara,4,0,4,158,10,7,4,-,20,0,,,bat,Zimbabwe,1,Harare Sports Club,2022-06-11,Afghanistan,Zimbabwe,Afghanistan
126,A Ndlovu,Fazalhaq Farooqi,TL Chatara,0,0,0,158,10,8,5,-,20,0,,,bat,Zimbabwe,1,Harare Sports Club,2022-06-11,Afghanistan,Zimbabwe,Afghanistan
127,A Ndlovu,Fazalhaq Farooqi,TL Chatara,0,1,1,159,10,9,6,legbyes,20,0,,,bat,Zimbabwe,1,Harare Sports Club,2022-06-11,Afghanistan,Zimbabwe,Afghanistan
