,batter,bowler,non_striker,runs_by_bat,extra_runs,total,team_total,batter_runs,balls_faced,delivery,over,extra_type,review,wicket_type,player_out,fielder,toss_decision,toss_winner,innings,venue,date,batting_team,bowling_team
0,YBK Jaiswal,OC McCoy,Shubman Gill,4,0,4,4,4,1,1,1,-,,0,,,bat,West Indies,2,"Central Broward Regional Park Stadium Turf Ground, Lauderhill",2023-08-12,India,West Indies
1,YBK Jaiswal,OC McCoy,Shubman Gill,0,0,0,4,4,2,2,1,-,,0,,,bat,West Indies,2,"Central Broward Regional Park Stadium Turf Ground, Lauderhill",2023-08-12,India,West Indies
2,YBK Jaiswal,OC McCoy,Shubman Gill,2,0,2,6,6,3,3,1,-,,0,,,bat,West Indies,2,"Central Broward Regional Park Stadium Turf Ground, Lauderhill",2023-08-12,India,West Indies
3,YBK Jaiswal,OC McCoy,Shubman Gill,0,0,0,6,6,4,4,1,-,,0,,,bat,West Indies,2,"Central Broward Regional Park Stadium Turf Ground, Lauderhill",2023-08-12,India,West Indies
4,YBK Jaiswal,OC McCoy,Shubman Gill,0,0,0,6,6,5,5,1,-,,0,,,bat,West Indies,2,"Central Broward Regional Park Stadium Turf Ground, Lauderhill",2023-08-12,India,West Indies
5,YBK Jaiswal,OC McCoy,Shubman Gill,4,0,4,10,10,6,6,1,-,,0,,,bat,West Indies,2,"Central Broward Regional Park Stadium Turf Ground, Lauderhill",2023-08-12,India,West Indies
6,Shubman Gill,AJ Hosein,YBK Jaiswal,2,0,2,12,2,1,1,2,-,,0,,,bat,West Indies,2,"Central Broward Regional Park Stadium Turf Ground, Lauderhill",2023-08-12,India,West Indies
7,Shubman Gill,AJ Hosein,YBK Jaiswal,1,0,1,13,3,2,2,2,-,,0,,,bat,West Indies,2,"Central Broward Regional Park Stadium Turf Ground, Lauderhill",2023-08-12,India,West Indies
8,YBK Jaiswal,AJ Hosein,Shubman Gill,0,0,0,13,10,7,3,2,-,,0,,,bat,West Indies,2,"Central Broward Regional Park Stadium Turf Ground, Lauderhill",2023-08-12,India,West Indies
9,YBK Jaiswal,AJ Hosein,Shubman Gill,1,0,1,14,11,8,4,2,-,,0,,,bat,West Indies,2,"Central Broward Regional Park Stadium Turf Ground, Lauderhill",2023-08-12,India,West Indies
10,Shubman Gill,AJ Hosein,YBK Jaiswal,1,0,1,15,4,3,5,2,-,,0,,,bat,West Indies,2,"Central Broward Regional Park Stadium Turf Ground, Lauderhill",2023-08-12,India,West Indies
11,YBK Jaiswal,AJ Hosein,Shubman Gill,1,0,1,16,12,9,6,2,-,,0,,,bat,West Indies,2,"Central Broward Regional Park Stadium Turf Ground, Lauderhill",2023-08-12,India,West Indies
12,YBK Jaiswal,JO Holder,Shubman Gill,4,0,4,20,16,10,1,3,-,,0,,,bat,West Indies,2,"Central Broward Regional Park Stadium Turf Ground, Lauderhill",2023-08-12,India,West Indies
13,YBK Jaiswal,JO Holder,Shubman Gill,0,0,0,20,16,11,2,3,-,,0,,,bat,West Indies,2,"Central Broward Regional Park Stadium Turf Ground, Lauderhill",2023-08-12,India,West Indies
14,YBK Jaiswal,JO Holder,Shubman Gill,0,0,0,20,16,12,3,3,-,,0,,,bat,West Indies,2,"Central Broward Regional Park Stadium Turf Ground, Lauderhill",2023-08-12,India,West Indies
15,YBK Jaiswal,JO Holder,Shubman Gill,0,0,0,20,16,13,4,3,-,,0,,,bat,West Indies,2,"Central Broward Regional Park Stadium Turf Ground, Lauderhill",2023-08-12,India,West Indies
16,YBK Jaiswal,JO Holder,Shubman Gill,4,0,4,24,20,14,5,3,-,,0,,,bat,West Indies,2,"Central Broward Regional Park Stadium Turf Ground, Lauderhill",2023-08-12,India,West Indies
17,YBK Jaiswal,JO Holder,Shubman Gill,4,0,4,28,24,15,6,3,-,,0,,,bat,West Indies,2,"Central Broward Regional Park Stadium Turf Ground, Lauderhill",2023-08-12,India,West Indies
18,Shubman Gill,OC McCoy,YBK Jaiswal,1,0,1,29,5,4,1,4,-,,0,,,bat,West Indies,2,"Central Broward Regional Park Stadium Turf Ground, Lauderhill",2023-08-12,India,West Indies
19,YBK Jaiswal,OC McCoy,Shubman Gill,1,0,1,30,25,16,2,4,-,,0,,,bat,West Indies,2,"Central Broward Regional Park Stadium Turf Ground, Lauderhill",2023-08-12,India,West Indies
20,Shubman Gill,OC McCoy,YBK Jaiswal,0,0,0,30,5,5,3,4,-,,0,,,bat,West Indies,2,"Central Broward Regional Park Stadium Turf Ground, Lauderhill",2023-08-12,India,West Indies
21,Shubman Gill,OC McCoy,YBK Jaiswal,0,0,0,30,5,6,4,4,-,,0,,,bat,West Indies,2,"Central Broward Regional Park Stadium Turf Ground, Lauderhill",2023-08-12,India,West Indies
22,Shubman Gill,OC McCoy,YBK Jaiswal,6,0,6,36,11,7,5,4,-,,0,,,bat,West Indies,2,"Central Broward Regional Park Stadium Turf Ground, Lauderhill",2023-08-12,India,West Indies
23,Shubman Gill,OC McCoy,YBK Jaiswal,1,0,1,37,12,8,6,4,-,,0,,,bat,West Indies,2,"Central Broward Regional Park Stadium Turf Ground, Lauderhill",2023-08-12,India,West Indies
24,Shubman Gill,R Shepherd,YBK Jaiswal,0,2,2,39,12,9,1,5,legbyes,,0,,,bat,West Indies,2,"Central Broward Regional Park Stadium Turf Ground, Lauderhill",2023-08-12,India,West Indies
25,Shubman Gill,R Shepherd,YBK Jaiswal,1,0,1,40,13,10,2,5,-,,0,,,bat,West Indies,2,"Central Broward Regional Park Stadium Turf Ground, Lauderhill",2023-08-12,India,West Indies
26,YBK Jaiswal,R Shepherd,Shubman Gill,1,0,1,41,26,17,3,5,-,,0,,,bat,West Indies,2,"Central Broward Regional Park Stadium Turf Ground, Lauderhill",2023-08-12,India,West Indies
27,Shubman Gill,R Shepherd,YBK Jaiswal,1,0,1,42,14,11,4,5,-,,0,,,bat,West Indies,2,"Central Broward Regional Park Stadium Turf Ground, Lauderhill",2023-08-12,India,West Indies
28,YBK Jaiswal,R Shepherd,Shubman Gill,4,0,4,46,30,18,5,5,-,,0,,,bat,West Indies,2,"Central Broward Regional Park Stadium Turf Ground, Lauderhill",2023-08-12,India,West Indies
29,YBK Jaiswal,R Shepherd,Shubman Gill,4,0,4,50,34,19,6,5,-,,0,,,bat,West Indies,2,"Central Broward Regional Park Stadium Turf Ground, Lauderhill",2023-08-12,India,West Indies
30,Shubman Gill,OF Smith,YBK Jaiswal,6,0,6,56,20,12,1,6,-,,0,,,bat,West Indies,2,"Central Broward Regional Park Stadium Turf Ground, Lauderhill",2023-08-12,India,West Indies
31,Shubman Gill,OF Smith,YBK Jaiswal,0,0,0,56,20,13,2,6,-,,0,,,bat,West Indies,2,"Central Broward Regional Park Stadium Turf Ground, Lauderhill",2023-08-12,India,West Indies
32,Shubman Gill,OF Smith,YBK Jaiswal,0,0,0,56,20,14,3,6,-,,0,,,bat,West Indies,2,"Central Broward Regional Park Stadium Turf Ground, Lauderhill",2023-08-12,India,West Indies
33,Shubman Gill,OF Smith,YBK Jaiswal,6,0,6,62,26,15,4,6,-,,0,,,bat,West Indies,2,"Central Broward Regional Park Stadium Turf Ground, Lauderhill",2023-08-12,India,West Indies
34,Shubman Gill,OF Smith,YBK Jaiswal,0,0,0,62,26,16,5,6,-,,0,,,bat,West Indies,2,"Central Broward Regional Park Stadium Turf Ground, Lauderhill",2023-08-12,India,West Indies
35,Shubman Gill,OF Smith,YBK Jaiswal,4,0,4,66,30,17,6,6,-,,0,,,bat,West Indies,2,"Central Broward Regional Park Stadium Turf Ground, Lauderhill",2023-08-12,India,West Indies
36,YBK Jaiswal,JO Holder,Shubman Gill,0,1,1,67,34,20,1,7,legbyes,,0,,,bat,West Indies,2,"Central Broward Regional Park Stadium Turf Ground, Lauderhill",2023-08-12,India,West Indies
37,Shubman Gill,JO Holder,YBK Jaiswal,4,0,4,71,34,18,2,7,-,,0,,,bat,West Indies,2,"Central Broward Regional Park Stadium Turf Ground, Lauderhill",2023-08-12,India,West Indies
38,Shubman Gill,JO Holder,YBK Jaiswal,2,0,2,73,36,19,3,7,-,,0,,,bat,West Indies,2,"Central Broward Regional Park Stadium Turf Ground, Lauderhill",2023-08-12,India,West Indies
39,Shubman Gill,JO Holder,YBK Jaiswal,1,0,1,74,37,20,4,7,-,,0,,,bat,West Indies,2,"Central Broward Regional Park Stadium Turf Ground, Lauderhill",2023-08-12,India,West Indies
40,YBK Jaiswal,JO Holder,Shubman Gill,1,0,1,75,35,21,5,7,-,,0,,,bat,West Indies,2,"Central Broward Regional Park Stadium Turf Ground, Lauderhill",2023-08-12,India,West Indies
41,Shubman Gill,JO Holder,YBK Jaiswal,0,0,0,75,37,21,6,7,-,,0,,,bat,West Indies,2,"Central Broward Regional Park Stadium Turf Ground, Lauderhill",2023-08-12,India,West Indies
42,YBK Jaiswal,AJ Hosein,Shubman Gill,1,0,1,76,36,22,1,8,-,,0,,,bat,West Indies,2,"Central Broward Regional Park Stadium Turf Ground, Lauderhill",2023-08-12,India,West Indies
43,Shubman Gill,AJ Hosein,YBK Jaiswal,1,0,1,77,38,22,2,8,-,,0,,,bat,West Indies,2,"Central Broward Regional Park Stadium Turf Ground, Lauderhill",2023-08-12,India,West Indies
44,YBK Jaiswal,AJ Hosein,Shubman Gill,0,1,1,78,36,23,3,8,legbyes,,0,,,bat,West Indies,2,"Central Broward Regional Park Stadium Turf Ground, Lauderhill",2023-08-12,India,West Indies
45,Shubman Gill,AJ Hosein,YBK Jaiswal,1,0,1,79,39,23,4,8,-,,0,,,bat,West Indies,2,"Central Broward Regional Park Stadium Turf Ground, Lauderhill",2023-08-12,India,West Indies
46,YBK Jaiswal,AJ Hosein,Shubman Gill,1,0,1,80,37,24,5,8,-,,0,,,bat,West Indies,2,"Central Broward Regional Park Stadium Turf Ground, Lauderhill",2023-08-12,India,West Indies
47,Shubman Gill,AJ Hosein,YBK Jaiswal,4,0,4,84,43,24,6,8,-,,0,,,bat,West Indies,2,"Central Broward Regional Park Stadium Turf Ground, Lauderhill",2023-08-12,India,West Indies
48,YBK Jaiswal,R Shepherd,Shubman Gill,1,0,1,85,38,25,1,9,-,,0,,,bat,West Indies,2,"Central Broward Regional Park Stadium Turf Ground, Lauderhill",2023-08-12,India,West Indies
49,Shubman Gill,R Shepherd,YBK Jaiswal,1,0,1,86,44,25,2,9,-,,0,,,bat,West Indies,2,"Central Broward Regional Park Stadium Turf Ground, Lauderhill",2023-08-12,India,West Indies
50,YBK Jaiswal,R Shepherd,Shubman Gill,4,0,4,90,42,26,3,9,-,,0,,,bat,West Indies,2,"Central Broward Regional Park Stadium Turf Ground, Lauderhill",2023-08-12,India,West Indies
51,YBK Jaiswal,R Shepherd,Shubman Gill,1,0,1,91,43,27,4,9,-,,0,,,bat,West Indies,2,"Central Broward Regional Park Stadium Turf Ground, Lauderhill",2023-08-12,India,West Indies
52,Shubman Gill,R Shepherd,YBK Jaiswal,1,0,1,92,45,26,5,9,-,,0,,,bat,West Indies,2,"Central Broward Regional Park Stadium Turf Ground, Lauderhill",2023-08-12,India,West Indies
53,YBK Jaiswal,R Shepherd,Shubman Gill,1,0,1,93,44,28,6,9,-,,0,,,bat,West Indies,2,"Central Broward Regional Park Stadium Turf Ground, Lauderhill",2023-08-12,India,West Indies
54,YBK Jaiswal,AJ Hosein,Shubman Gill,1,0,1,94,45,29,1,10,-,,0,,,bat,West Indies,2,"Central Broward Regional Park Stadium Turf Ground, Lauderhill",2023-08-12,India,West Indies
55,Shubman Gill,AJ Hosein,YBK Jaiswal,1,0,1,95,46,27,2,10,-,,0,,,bat,West Indies,2,"Central Broward Regional Park Stadium Turf Ground, Lauderhill",2023-08-12,India,West Indies
56,YBK Jaiswal,AJ Hosein,Shubman Gill,1,0,1,96,46,30,3,10,-,,0,,,bat,West Indies,2,"Central Broward Regional Park Stadium Turf Ground, Lauderhill",2023-08-12,India,West Indies
57,Shubman Gill,AJ Hosein,YBK Jaiswal,0,0,0,96,46,28,4,10,-,,0,,,bat,West Indies,2,"Central Broward Regional Park Stadium Turf Ground, Lauderhill",2023-08-12,India,West Indies
58,Shubman Gill,AJ Hosein,YBK Jaiswal,3,0,3,99,49,29,5,10,-,,0,,,bat,West Indies,2,"Central Broward Regional Park Stadium Turf Ground, Lauderhill",2023-08-12,India,West Indies
59,YBK Jaiswal,AJ Hosein,Shubman Gill,1,0,1,100,47,31,6,10,-,,0,,,bat,West Indies,2,"Central Broward Regional Park Stadium Turf Ground, Lauderhill",2023-08-12,India,West Indies
60,YBK Jaiswal,R Powell,Shubman Gill,1,0,1,101,48,32,1,11,-,,0,,,bat,West Indies,2,"Central Broward Regional Park Stadium Turf Ground, Lauderhill",2023-08-12,India,West Indies
61,Shubman Gill,R Powell,YBK Jaiswal,2,0,2,103,51,30,2,11,-,,0,,,bat,West Indies,2,"Central Broward Regional Park Stadium Turf Ground, Lauderhill",2023-08-12,India,West Indies
62,Shubman Gill,R Powell,YBK Jaiswal,0,0,0,103,51,31,3,11,-,,0,,,bat,West Indies,2,"Central Broward Regional Park Stadium Turf Ground, Lauderhill",2023-08-12,India,West Indies
63,Shubman Gill,R Powell,YBK Jaiswal,1,1,2,105,52,32,4,11,noballs,,0,,,bat,West Indies,2,"Central Broward Regional Park Stadium Turf Ground, Lauderhill",2023-08-12,India,West Indies
64,YBK Jaiswal,R Powell,Shubman Gill,4,0,4,109,52,33,5,11,-,,0,,,bat,West Indies,2,"Central Broward Regional Park Stadium Turf Ground, Lauderhill",2023-08-12,India,West Indies
65,YBK Jaiswal,R Powell,Shubman Gill,1,0,1,110,53,34,6,11,-,,0,,,bat,West Indies,2,"Central Broward Regional Park Stadium Turf Ground, Lauderhill",2023-08-12,India,West Indies
66,Shubman Gill,R Powell,YBK Jaiswal,0,2,2,112,52,33,7,11,wides,,0,,,bat,West Indies,2,"Central Broward Regional Park Stadium Turf Ground, Lauderhill",2023-08-12,India,West Indies
67,YBK Jaiswal,R Powell,Shubman Gill,1,0,1,113,54,35,8,11,-,,0,,,bat,West Indies,2,"Central Broward Regional Park Stadium Turf Ground, Lauderhill",2023-08-12,India,West Indies
68,YBK Jaiswal,AJ Hosein,Shubman Gill,1,0,1,114,55,36,1,12,-,,0,,,bat,West Indies,2,"Central Broward Regional Park Stadium Turf Ground, Lauderhill",2023-08-12,India,West Indies
69,Shubman Gill,AJ Hosein,YBK Jaiswal,2,0,2,116,54,34,2,12,-,,0,,,bat,West Indies,2,"Central Broward Regional Park Stadium Turf Ground, Lauderhill",2023-08-12,India,West Indies
70,Shubman Gill,AJ Hosein,YBK Jaiswal,0,0,0,116,54,35,3,12,-,,0,,,bat,West Indies,2,"Central Broward Regional Park Stadium Turf Ground, Lauderhill",2023-08-12,India,West Indies
71,Shubman Gill,AJ Hosein,YBK Jaiswal,1,0,1,117,55,36,4,12,-,,0,,,bat,West Indies,2,"Central Broward Regional Park Stadium Turf Ground, Lauderhill",2023-08-12,India,West Indies
72,YBK Jaiswal,AJ Hosein,Shubman Gill,0,0,0,117,55,37,5,12,-,,0,,,bat,West Indies,2,"Central Broward Regional Park Stadium Turf Ground, Lauderhill",2023-08-12,India,West Indies
73,YBK Jaiswal,AJ Hosein,Shubman Gill,6,0,6,123,61,38,6,12,-,,0,,,bat,West Indies,2,"Central Broward Regional Park Stadium Turf Ground, Lauderhill",2023-08-12,India,West Indies
74,Shubman Gill,OF Smith,YBK Jaiswal,6,0,6,129,61,37,1,13,-,,0,,,bat,West Indies,2,"Central Broward Regional Park Stadium Turf Ground, Lauderhill",2023-08-12,India,West Indies
75,Shubman Gill,OF Smith,YBK Jaiswal,1,0,1,130,62,38,2,13,-,,0,,,bat,West Indies,2,"Central Broward Regional Park Stadium Turf Ground, Lauderhill",2023-08-12,India,West Indies
76,YBK Jaiswal,OF Smith,Shubman Gill,0,1,1,131,61,39,3,13,legbyes,,0,,,bat,West Indies,2,"Central Broward Regional Park Stadium Turf Ground, Lauderhill",2023-08-12,India,West Indies
77,Shubman Gill,OF Smith,YBK Jaiswal,0,0,0,131,62,39,4,13,-,"{'by': 'India', 'umpire': 'LS Reifer', 'batter': 'Shubman Gill', 'decision': 'upheld', 'type': 'wicket'}",0,,,bat,West Indies,2,"Central Broward Regional Park Stadium Turf Ground, Lauderhill",2023-08-12,India,West Indies
78,Shubman Gill,OF Smith,YBK Jaiswal,1,0,1,132,63,40,5,13,-,,0,,,bat,West Indies,2,"Central Broward Regional Park Stadium Turf Ground, Lauderhill",2023-08-12,India,West Indies
79,YBK Jaiswal,OF Smith,Shubman Gill,6,0,6,138,67,40,6,13,-,,0,,,bat,West Indies,2,"Central Broward Regional Park Stadium Turf Ground, Lauderhill",2023-08-12,India,West Indies
80,Shubman Gill,OC McCoy,YBK Jaiswal,1,0,1,139,64,41,1,14,-,,0,,,bat,West Indies,2,"Central Broward Regional Park Stadium Turf Ground, Lauderhill",2023-08-12,India,West Indies
81,YBK Jaiswal,OC McCoy,Shubman Gill,1,0,1,140,68,41,2,14,-,,0,,,bat,West Indies,2,"Central Broward Regional Park Stadium Turf Ground, Lauderhill",2023-08-12,India,West Indies
82,Shubman Gill,OC McCoy,YBK Jaiswal,1,0,1,141,65,42,3,14,-,,0,,,bat,West Indies,2,"Central Broward Regional Park Stadium Turf Ground, Lauderhill",2023-08-12,India,West Indies
83,YBK Jaiswal,OC McCoy,Shubman Gill,0,0,0,141,68,42,4,14,-,,0,,,bat,West Indies,2,"Central Broward Regional Park Stadium Turf Ground, Lauderhill",2023-08-12,India,West Indies
84,YBK Jaiswal,OC McCoy,Shubman Gill,4,0,4,145,72,43,5,14,-,,0,,,bat,West Indies,2,"Central Broward Regional Park Stadium Turf Ground, Lauderhill",2023-08-12,India,West Indies
85,YBK Jaiswal,OC McCoy,Shubman Gill,6,0,6,151,78,44,6,14,-,,0,,,bat,West Indies,2,"Central Broward Regional Park Stadium Turf Ground, Lauderhill",2023-08-12,India,West Indies
86,Shubman Gill,JO Holder,YBK Jaiswal,2,0,2,153,67,43,1,15,-,,0,,,bat,West Indies,2,"Central Broward Regional Park Stadium Turf Ground, Lauderhill",2023-08-12,India,West Indies
87,Shubman Gill,JO Holder,YBK Jaiswal,1,0,1,154,68,44,2,15,-,,0,,,bat,West Indies,2,"Central Broward Regional Park Stadium Turf Ground, Lauderhill",2023-08-12,India,West Indies
88,YBK Jaiswal,JO Holder,Shubman Gill,0,0,0,154,78,45,3,15,-,,0,,,bat,West Indies,2,"Central Broward Regional Park Stadium Turf Ground, Lauderhill",2023-08-12,India,West Indies
89,YBK Jaiswal,JO Holder,Shubman Gill,0,0,0,154,78,46,4,15,-,,0,,,bat,West Indies,2,"Central Broward Regional Park Stadium Turf Ground, Lauderhill",2023-08-12,India,West Indies
90,YBK Jaiswal,JO Holder,Shubman Gill,0,1,1,155,78,47,5,15,wides,,0,,,bat,West Indies,2,"Central Broward Regional Park Stadium Turf Ground, Lauderhill",2023-08-12,India,West Indies
91,YBK Jaiswal,JO Holder,Shubman Gill,1,0,1,156,79,48,6,15,-,,0,,,bat,West Indies,2,"Central Broward Regional Park Stadium Turf Ground, Lauderhill",2023-08-12,India,West Indies
92,Shubman Gill,JO Holder,YBK Jaiswal,1,0,1,157,69,45,7,15,-,,0,,,bat,West Indies,2,"Central Broward Regional Park Stadium Turf Ground, Lauderhill",2023-08-12,India,West Indies
93,Shubman Gill,R Shepherd,YBK Jaiswal,6,0,6,163,75,46,1,16,-,,0,,,bat,West Indies,2,"Central Broward Regional Park Stadium Turf Ground, Lauderhill",2023-08-12,India,West Indies
94,Shubman Gill,R Shepherd,YBK Jaiswal,2,0,2,165,77,47,2,16,-,,0,,,bat,West Indies,2,"Central Broward Regional Park Stadium Turf Ground, Lauderhill",2023-08-12,India,West Indies
95,Shubman Gill,R Shepherd,YBK Jaiswal,0,0,0,165,77,48,3,16,-,,caught,Shubman Gill,SD Hope,bat,West Indies,2,"Central Broward Regional Park Stadium Turf Ground, Lauderhill",2023-08-12,India,West Indies
96,Tilak Varma,R Shepherd,YBK Jaiswal,0,0,0,165,0,1,4,16,-,,0,,,bat,West Indies,2,"Central Broward Regional Park Stadium Turf Ground, Lauderhill",2023-08-12,India,West Indies
97,Tilak Varma,R Shepherd,YBK Jaiswal,1,0,1,166,1,2,5,16,-,,0,,,bat,West Indies,2,"Central Broward Regional Park Stadium Turf Ground, Lauderhill",2023-08-12,India,West Indies
98,YBK Jaiswal,R Shepherd,Tilak Varma,4,0,4,170,83,49,6,16,-,,0,,,bat,West Indies,2,"Central Broward Regional Park Stadium Turf Ground, Lauderhill",2023-08-12,India,West Indies
99,Tilak Varma,JO Holder,YBK Jaiswal,1,0,1,171,2,3,1,17,-,,0,,,bat,West Indies,2,"Central Broward Regional Park Stadium Turf Ground, Lauderhill",2023-08-12,India,West Indies
100,YBK Jaiswal,JO Holder,Tilak Varma,0,0,0,171,83,50,2,17,-,,0,,,bat,West Indies,2,"Central Broward Regional Park Stadium Turf Ground, Lauderhill",2023-08-12,India,West Indies
101,YBK Jaiswal,JO Holder,Tilak Varma,1,0,1,172,84,51,3,17,-,,0,,,bat,West Indies,2,"Central Broward Regional Park Stadium Turf Ground, Lauderhill",2023-08-12,India,West Indies
102,Tilak Varma,JO Holder,YBK Jaiswal,4,0,4,176,6,4,4,17,-,,0,,,bat,West Indies,2,"Central Broward Regional Park Stadium Turf Ground, Lauderhill",2023-08-12,India,West Indies
103,Tilak Varma,JO Holder,YBK Jaiswal,1,0,1,177,7,5,5,17,-,,0,,,bat,West Indies,2,"Central Broward Regional Park Stadium Turf Ground, Lauderhill",2023-08-12,India,West Indies
104,YBK Jaiswal,JO Holder,Tilak Varma,0,0,0,177,84,52,6,17,-,,0,,,bat,West Indies,2,"Central Broward Regional Park Stadium Turf Ground, Lauderhill",2023-08-12,India,West Indies
105,Tilak Varma,R Shepherd,YBK Jaiswal,0,2,2,179,7,6,1,18,wides,,0,,,bat,West Indies,2,"Central Broward Regional Park Stadium Turf Ground, Lauderhill",2023-08-12,India,West Indies
