,batter,bowler,non_striker,runs_by_bat,extra_runs,total,team_total,batter_runs,balls_faced,delivery,over,wicket_type,player_out,fielder,extra_type,toss_decision,toss_winner,innings,venue,date,winning_team,batting_team,bowling_team
0,Rahmanullah Gurbaz,MR Adair,Sediqullah Atal,2,0,2,2,2,1,1,1,0,,,-,bat,Afghanistan,1,Sharjah Cricket Stadium,2024-03-18,Afghanistan,Afghanistan,Ireland
1,Rahmanullah Gurbaz,MR Adair,Sediqullah Atal,1,0,1,3,3,2,2,1,0,,,-,bat,Afghanistan,1,Sharjah Cricket Stadium,2024-03-18,Afghanistan,Afghanistan,Ireland
2,Sediqullah Atal,MR Adair,Rahmanullah Gurbaz,1,0,1,4,1,1,3,1,0,,,-,bat,Afghanistan,1,Sharjah Cricket Stadium,2024-03-18,Afghanistan,Afghanistan,Ireland
3,Rahmanullah Gurbaz,MR Adair,Sediqullah Atal,3,0,3,7,6,3,4,1,0,,,-,bat,Afghanistan,1,Sharjah Cricket Stadium,2024-03-18,Afghanistan,Afghanistan,Ireland
4,Sediqullah Atal,MR Adair,Rahmanullah Gurbaz,1,0,1,8,2,2,5,1,0,,,-,bat,Afghanistan,1,Sharjah Cricket Stadium,2024-03-18,Afghanistan,Afghanistan,Ireland
5,Rahmanullah Gurbaz,MR Adair,Sediqullah Atal,0,0,0,8,6,4,6,1,0,,,-,bat,Afghanistan,1,Sharjah Cricket Stadium,2024-03-18,Afghanistan,Afghanistan,Ireland
6,Sediqullah Atal,J Little,Rahmanullah Gurbaz,0,0,0,8,2,3,1,2,0,,,-,bat,Afghanistan,1,Sharjah Cricket Stadium,2024-03-18,Afghanistan,Afghanistan,Ireland
7,Sediqullah Atal,J Little,Rahmanullah Gurbaz,0,0,0,8,2,4,2,2,0,,,-,bat,Afghanistan,1,Sharjah Cricket Stadium,2024-03-18,Afghanistan,Afghanistan,Ireland
8,Sediqullah Atal,J Little,Rahmanullah Gurbaz,0,0,0,8,2,5,3,2,0,,,-,bat,Afghanistan,1,Sharjah Cricket Stadium,2024-03-18,Afghanistan,Afghanistan,Ireland
9,Sediqullah Atal,J Little,Rahmanullah Gurbaz,6,0,6,14,8,6,4,2,0,,,-,bat,Afghanistan,1,Sharjah Cricket Stadium,2024-03-18,Afghanistan,Afghanistan,Ireland
10,Sediqullah Atal,J Little,Rahmanullah Gurbaz,0,0,0,14,8,7,5,2,0,,,-,bat,Afghanistan,1,Sharjah Cricket Stadium,2024-03-18,Afghanistan,Afghanistan,Ireland
11,Sediqullah Atal,J Little,Rahmanullah Gurbaz,0,0,0,14,8,8,6,2,0,,,-,bat,Afghanistan,1,Sharjah Cricket Stadium,2024-03-18,Afghanistan,Afghanistan,Ireland
12,Rahmanullah Gurbaz,MR Adair,Sediqullah Atal,0,0,0,14,6,5,1,3,0,,,-,bat,Afghanistan,1,Sharjah Cricket Stadium,2024-03-18,Afghanistan,Afghanistan,Ireland
13,Rahmanullah Gurbaz,MR Adair,Sediqullah Atal,0,0,0,14,6,6,2,3,caught,Rahmanullah Gurbaz,HT Tector,-,bat,Afghanistan,1,Sharjah Cricket Stadium,2024-03-18,Afghanistan,Afghanistan,Ireland
14,Ibrahim Zadran,MR Adair,Sediqullah Atal,4,0,4,18,4,1,3,3,0,,,-,bat,Afghanistan,1,Sharjah Cricket Stadium,2024-03-18,Afghanistan,Afghanistan,Ireland
15,Ibrahim Zadran,MR Adair,Sediqullah Atal,0,0,0,18,4,2,4,3,0,,,-,bat,Afghanistan,1,Sharjah Cricket Stadium,2024-03-18,Afghanistan,Afghanistan,Ireland
16,Ibrahim Zadran,MR Adair,Sediqullah Atal,1,0,1,19,5,3,5,3,0,,,-,bat,Afghanistan,1,Sharjah Cricket Stadium,2024-03-18,Afghanistan,Afghanistan,Ireland
17,Sediqullah Atal,MR Adair,Ibrahim Zadran,0,0,0,19,8,9,6,3,0,,,-,bat,Afghanistan,1,Sharjah Cricket Stadium,2024-03-18,Afghanistan,Afghanistan,Ireland
18,Ibrahim Zadran,J Little,Sediqullah Atal,0,0,0,19,5,4,1,4,0,,,-,bat,Afghanistan,1,Sharjah Cricket Stadium,2024-03-18,Afghanistan,Afghanistan,Ireland
19,Ibrahim Zadran,J Little,Sediqullah Atal,0,0,0,19,5,5,2,4,0,,,-,bat,Afghanistan,1,Sharjah Cricket Stadium,2024-03-18,Afghanistan,Afghanistan,Ireland
20,Ibrahim Zadran,J Little,Sediqullah Atal,1,0,1,20,6,6,3,4,0,,,-,bat,Afghanistan,1,Sharjah Cricket Stadium,2024-03-18,Afghanistan,Afghanistan,Ireland
21,Sediqullah Atal,J Little,Ibrahim Zadran,0,0,0,20,8,10,4,4,0,,,-,bat,Afghanistan,1,Sharjah Cricket Stadium,2024-03-18,Afghanistan,Afghanistan,Ireland
22,Sediqullah Atal,J Little,Ibrahim Zadran,0,0,0,20,8,11,5,4,0,,,-,bat,Afghanistan,1,Sharjah Cricket Stadium,2024-03-18,Afghanistan,Afghanistan,Ireland
23,Sediqullah Atal,J Little,Ibrahim Zadran,1,0,1,21,9,12,6,4,0,,,-,bat,Afghanistan,1,Sharjah Cricket Stadium,2024-03-18,Afghanistan,Afghanistan,Ireland
24,Sediqullah Atal,BJ McCarthy,Ibrahim Zadran,6,0,6,27,15,13,1,5,0,,,-,bat,Afghanistan,1,Sharjah Cricket Stadium,2024-03-18,Afghanistan,Afghanistan,Ireland
25,Sediqullah Atal,BJ McCarthy,Ibrahim Zadran,0,0,0,27,15,14,2,5,0,,,-,bat,Afghanistan,1,Sharjah Cricket Stadium,2024-03-18,Afghanistan,Afghanistan,Ireland
26,Sediqullah Atal,BJ McCarthy,Ibrahim Zadran,1,0,1,28,16,15,3,5,0,,,-,bat,Afghanistan,1,Sharjah Cricket Stadium,2024-03-18,Afghanistan,Afghanistan,Ireland
27,Ibrahim Zadran,BJ McCarthy,Sediqullah Atal,1,0,1,29,7,7,4,5,0,,,-,bat,Afghanistan,1,Sharjah Cricket Stadium,2024-03-18,Afghanistan,Afghanistan,Ireland
28,Sediqullah Atal,BJ McCarthy,Ibrahim Zadran,1,0,1,30,17,16,5,5,0,,,-,bat,Afghanistan,1,Sharjah Cricket Stadium,2024-03-18,Afghanistan,Afghanistan,Ireland
29,Ibrahim Zadran,BJ McCarthy,Sediqullah Atal,1,0,1,31,8,8,6,5,0,,,-,bat,Afghanistan,1,Sharjah Cricket Stadium,2024-03-18,Afghanistan,Afghanistan,Ireland
30,Ibrahim Zadran,C Campher,Sediqullah Atal,2,0,2,33,10,9,1,6,0,,,-,bat,Afghanistan,1,Sharjah Cricket Stadium,2024-03-18,Afghanistan,Afghanistan,Ireland
31,Ibrahim Zadran,C Campher,Sediqullah Atal,0,0,0,33,10,10,2,6,0,,,-,bat,Afghanistan,1,Sharjah Cricket Stadium,2024-03-18,Afghanistan,Afghanistan,Ireland
32,Ibrahim Zadran,C Campher,Sediqullah Atal,0,0,0,33,10,11,3,6,0,,,-,bat,Afghanistan,1,Sharjah Cricket Stadium,2024-03-18,Afghanistan,Afghanistan,Ireland
33,Ibrahim Zadran,C Campher,Sediqullah Atal,2,0,2,35,12,12,4,6,0,,,-,bat,Afghanistan,1,Sharjah Cricket Stadium,2024-03-18,Afghanistan,Afghanistan,Ireland
34,Ibrahim Zadran,C Campher,Sediqullah Atal,0,0,0,35,12,13,5,6,0,,,-,bat,Afghanistan,1,Sharjah Cricket Stadium,2024-03-18,Afghanistan,Afghanistan,Ireland
35,Ibrahim Zadran,C Campher,Sediqullah Atal,6,0,6,41,18,14,6,6,0,,,-,bat,Afghanistan,1,Sharjah Cricket Stadium,2024-03-18,Afghanistan,Afghanistan,Ireland
36,Sediqullah Atal,GJ Delany,Ibrahim Zadran,0,1,1,42,17,17,1,7,0,,,wides,bat,Afghanistan,1,Sharjah Cricket Stadium,2024-03-18,Afghanistan,Afghanistan,Ireland
37,Sediqullah Atal,GJ Delany,Ibrahim Zadran,2,0,2,44,19,18,2,7,0,,,-,bat,Afghanistan,1,Sharjah Cricket Stadium,2024-03-18,Afghanistan,Afghanistan,Ireland
38,Sediqullah Atal,GJ Delany,Ibrahim Zadran,0,0,0,44,19,19,3,7,0,,,-,bat,Afghanistan,1,Sharjah Cricket Stadium,2024-03-18,Afghanistan,Afghanistan,Ireland
39,Sediqullah Atal,GJ Delany,Ibrahim Zadran,0,1,1,45,19,20,4,7,0,,,wides,bat,Afghanistan,1,Sharjah Cricket Stadium,2024-03-18,Afghanistan,Afghanistan,Ireland
40,Sediqullah Atal,GJ Delany,Ibrahim Zadran,0,0,0,45,19,21,5,7,caught and bowled,Sediqullah Atal,,-,bat,Afghanistan,1,Sharjah Cricket Stadium,2024-03-18,Afghanistan,Afghanistan,Ireland
41,Azmatullah Omarzai,GJ Delany,Ibrahim Zadran,0,0,0,45,0,1,6,7,0,,,-,bat,Afghanistan,1,Sharjah Cricket Stadium,2024-03-18,Afghanistan,Afghanistan,Ireland
42,Azmatullah Omarzai,GJ Delany,Ibrahim Zadran,1,0,1,46,1,2,7,7,0,,,-,bat,Afghanistan,1,Sharjah Cricket Stadium,2024-03-18,Afghanistan,Afghanistan,Ireland
43,Ibrahim Zadran,GJ Delany,Azmatullah Omarzai,0,0,0,46,18,15,8,7,0,,,-,bat,Afghanistan,1,Sharjah Cricket Stadium,2024-03-18,Afghanistan,Afghanistan,Ireland
44,Azmatullah Omarzai,C Campher,Ibrahim Zadran,0,0,0,46,1,3,1,8,0,,,-,bat,Afghanistan,1,Sharjah Cricket Stadium,2024-03-18,Afghanistan,Afghanistan,Ireland
45,Azmatullah Omarzai,C Campher,Ibrahim Zadran,2,0,2,48,3,4,2,8,0,,,-,bat,Afghanistan,1,Sharjah Cricket Stadium,2024-03-18,Afghanistan,Afghanistan,Ireland
46,Azmatullah Omarzai,C Campher,Ibrahim Zadran,0,0,0,48,3,5,3,8,0,,,-,bat,Afghanistan,1,Sharjah Cricket Stadium,2024-03-18,Afghanistan,Afghanistan,Ireland
47,Azmatullah Omarzai,C Campher,Ibrahim Zadran,0,0,0,48,3,6,4,8,caught,Azmatullah Omarzai,J Little,-,bat,Afghanistan,1,Sharjah Cricket Stadium,2024-03-18,Afghanistan,Afghanistan,Ireland
48,Mohammad Ishaq,C Campher,Ibrahim Zadran,0,1,1,49,0,1,5,8,0,,,wides,bat,Afghanistan,1,Sharjah Cricket Stadium,2024-03-18,Afghanistan,Afghanistan,Ireland
49,Mohammad Ishaq,C Campher,Ibrahim Zadran,1,0,1,50,1,2,6,8,0,,,-,bat,Afghanistan,1,Sharjah Cricket Stadium,2024-03-18,Afghanistan,Afghanistan,Ireland
50,Ibrahim Zadran,C Campher,Mohammad Ishaq,1,0,1,51,19,16,7,8,0,,,-,bat,Afghanistan,1,Sharjah Cricket Stadium,2024-03-18,Afghanistan,Afghanistan,Ireland
51,Ibrahim Zadran,B White,Mohammad Ishaq,4,0,4,55,23,17,1,9,0,,,-,bat,Afghanistan,1,Sharjah Cricket Stadium,2024-03-18,Afghanistan,Afghanistan,Ireland
52,Ibrahim Zadran,B White,Mohammad Ishaq,1,0,1,56,24,18,2,9,0,,,-,bat,Afghanistan,1,Sharjah Cricket Stadium,2024-03-18,Afghanistan,Afghanistan,Ireland
53,Mohammad Ishaq,B White,Ibrahim Zadran,1,0,1,57,2,3,3,9,0,,,-,bat,Afghanistan,1,Sharjah Cricket Stadium,2024-03-18,Afghanistan,Afghanistan,Ireland
54,Ibrahim Zadran,B White,Mohammad Ishaq,1,0,1,58,25,19,4,9,0,,,-,bat,Afghanistan,1,Sharjah Cricket Stadium,2024-03-18,Afghanistan,Afghanistan,Ireland
55,Mohammad Ishaq,B White,Ibrahim Zadran,0,0,0,58,2,4,5,9,0,,,-,bat,Afghanistan,1,Sharjah Cricket Stadium,2024-03-18,Afghanistan,Afghanistan,Ireland
56,Mohammad Ishaq,B White,Ibrahim Zadran,1,0,1,59,3,5,6,9,0,,,-,bat,Afghanistan,1,Sharjah Cricket Stadium,2024-03-18,Afghanistan,Afghanistan,Ireland
57,Mohammad Ishaq,BJ McCarthy,Ibrahim Zadran,1,0,1,60,4,6,1,10,0,,,-,bat,Afghanistan,1,Sharjah Cricket Stadium,2024-03-18,Afghanistan,Afghanistan,Ireland
58,Ibrahim Zadran,BJ McCarthy,Mohammad Ishaq,1,0,1,61,26,20,2,10,0,,,-,bat,Afghanistan,1,Sharjah Cricket Stadium,2024-03-18,Afghanistan,Afghanistan,Ireland
59,Mohammad Ishaq,BJ McCarthy,Ibrahim Zadran,1,0,1,62,5,7,3,10,0,,,-,bat,Afghanistan,1,Sharjah Cricket Stadium,2024-03-18,Afghanistan,Afghanistan,Ireland
60,Ibrahim Zadran,BJ McCarthy,Mohammad Ishaq,1,0,1,63,27,21,4,10,0,,,-,bat,Afghanistan,1,Sharjah Cricket Stadium,2024-03-18,Afghanistan,Afghanistan,Ireland
61,Mohammad Ishaq,BJ McCarthy,Ibrahim Zadran,0,0,0,63,5,8,5,10,0,,,-,bat,Afghanistan,1,Sharjah Cricket Stadium,2024-03-18,Afghanistan,Afghanistan,Ireland
62,Mohammad Ishaq,BJ McCarthy,Ibrahim Zadran,0,0,0,63,5,9,6,10,0,,,-,bat,Afghanistan,1,Sharjah Cricket Stadium,2024-03-18,Afghanistan,Afghanistan,Ireland
63,Ibrahim Zadran,B White,Mohammad Ishaq,0,0,0,63,27,22,1,11,0,,,-,bat,Afghanistan,1,Sharjah Cricket Stadium,2024-03-18,Afghanistan,Afghanistan,Ireland
64,Ibrahim Zadran,B White,Mohammad Ishaq,1,0,1,64,28,23,2,11,0,,,-,bat,Afghanistan,1,Sharjah Cricket Stadium,2024-03-18,Afghanistan,Afghanistan,Ireland
65,Mohammad Ishaq,B White,Ibrahim Zadran,0,0,0,64,5,10,3,11,0,,,-,bat,Afghanistan,1,Sharjah Cricket Stadium,2024-03-18,Afghanistan,Afghanistan,Ireland
66,Mohammad Ishaq,B White,Ibrahim Zadran,4,0,4,68,9,11,4,11,0,,,-,bat,Afghanistan,1,Sharjah Cricket Stadium,2024-03-18,Afghanistan,Afghanistan,Ireland
67,Mohammad Ishaq,B White,Ibrahim Zadran,1,0,1,69,10,12,5,11,0,,,-,bat,Afghanistan,1,Sharjah Cricket Stadium,2024-03-18,Afghanistan,Afghanistan,Ireland
68,Ibrahim Zadran,B White,Mohammad Ishaq,1,0,1,70,29,24,6,11,0,,,-,bat,Afghanistan,1,Sharjah Cricket Stadium,2024-03-18,Afghanistan,Afghanistan,Ireland
69,Ibrahim Zadran,C Campher,Mohammad Ishaq,1,0,1,71,30,25,1,12,0,,,-,bat,Afghanistan,1,Sharjah Cricket Stadium,2024-03-18,Afghanistan,Afghanistan,Ireland
70,Mohammad Ishaq,C Campher,Ibrahim Zadran,2,0,2,73,12,13,2,12,0,,,-,bat,Afghanistan,1,Sharjah Cricket Stadium,2024-03-18,Afghanistan,Afghanistan,Ireland
71,Mohammad Ishaq,C Campher,Ibrahim Zadran,0,1,1,74,12,14,3,12,0,,,wides,bat,Afghanistan,1,Sharjah Cricket Stadium,2024-03-18,Afghanistan,Afghanistan,Ireland
72,Mohammad Ishaq,C Campher,Ibrahim Zadran,2,0,2,76,14,15,4,12,0,,,-,bat,Afghanistan,1,Sharjah Cricket Stadium,2024-03-18,Afghanistan,Afghanistan,Ireland
73,Mohammad Ishaq,C Campher,Ibrahim Zadran,0,0,0,76,14,16,5,12,0,,,-,bat,Afghanistan,1,Sharjah Cricket Stadium,2024-03-18,Afghanistan,Afghanistan,Ireland
74,Mohammad Ishaq,C Campher,Ibrahim Zadran,1,0,1,77,15,17,6,12,0,,,-,bat,Afghanistan,1,Sharjah Cricket Stadium,2024-03-18,Afghanistan,Afghanistan,Ireland
75,Ibrahim Zadran,C Campher,Mohammad Ishaq,1,0,1,78,31,26,7,12,0,,,-,bat,Afghanistan,1,Sharjah Cricket Stadium,2024-03-18,Afghanistan,Afghanistan,Ireland
76,Ibrahim Zadran,B White,Mohammad Ishaq,0,0,0,78,31,27,1,13,0,,,-,bat,Afghanistan,1,Sharjah Cricket Stadium,2024-03-18,Afghanistan,Afghanistan,Ireland
77,Ibrahim Zadran,B White,Mohammad Ishaq,4,0,4,82,35,28,2,13,0,,,-,bat,Afghanistan,1,Sharjah Cricket Stadium,2024-03-18,Afghanistan,Afghanistan,Ireland
78,Ibrahim Zadran,B White,Mohammad Ishaq,0,0,0,82,35,29,3,13,0,,,-,bat,Afghanistan,1,Sharjah Cricket Stadium,2024-03-18,Afghanistan,Afghanistan,Ireland
79,Ibrahim Zadran,B White,Mohammad Ishaq,1,0,1,83,36,30,4,13,0,,,-,bat,Afghanistan,1,Sharjah Cricket Stadium,2024-03-18,Afghanistan,Afghanistan,Ireland
80,Mohammad Ishaq,B White,Ibrahim Zadran,1,1,2,85,16,18,5,13,0,,,noballs,bat,Afghanistan,1,Sharjah Cricket Stadium,2024-03-18,Afghanistan,Afghanistan,Ireland
81,Ibrahim Zadran,B White,Mohammad Ishaq,1,0,1,86,37,31,6,13,0,,,-,bat,Afghanistan,1,Sharjah Cricket Stadium,2024-03-18,Afghanistan,Afghanistan,Ireland
82,Mohammad Ishaq,B White,Ibrahim Zadran,1,0,1,87,17,19,7,13,0,,,-,bat,Afghanistan,1,Sharjah Cricket Stadium,2024-03-18,Afghanistan,Afghanistan,Ireland
83,Mohammad Ishaq,J Little,Ibrahim Zadran,1,0,1,88,18,20,1,14,0,,,-,bat,Afghanistan,1,Sharjah Cricket Stadium,2024-03-18,Afghanistan,Afghanistan,Ireland
84,Ibrahim Zadran,J Little,Mohammad Ishaq,1,0,1,89,38,32,2,14,0,,,-,bat,Afghanistan,1,Sharjah Cricket Stadium,2024-03-18,Afghanistan,Afghanistan,Ireland
85,Mohammad Ishaq,J Little,Ibrahim Zadran,4,0,4,93,22,21,3,14,0,,,-,bat,Afghanistan,1,Sharjah Cricket Stadium,2024-03-18,Afghanistan,Afghanistan,Ireland
86,Mohammad Ishaq,J Little,Ibrahim Zadran,4,0,4,97,26,22,4,14,0,,,-,bat,Afghanistan,1,Sharjah Cricket Stadium,2024-03-18,Afghanistan,Afghanistan,Ireland
87,Mohammad Ishaq,J Little,Ibrahim Zadran,1,0,1,98,27,23,5,14,0,,,-,bat,Afghanistan,1,Sharjah Cricket Stadium,2024-03-18,Afghanistan,Afghanistan,Ireland
88,Ibrahim Zadran,J Little,Mohammad Ishaq,4,0,4,102,42,33,6,14,0,,,-,bat,Afghanistan,1,Sharjah Cricket Stadium,2024-03-18,Afghanistan,Afghanistan,Ireland
89,Mohammad Ishaq,B White,Ibrahim Zadran,0,0,0,102,27,24,1,15,caught,Mohammad Ishaq,PR Stirling,-,bat,Afghanistan,1,Sharjah Cricket Stadium,2024-03-18,Afghanistan,Afghanistan,Ireland
90,Mohammad Nabi,B White,Ibrahim Zadran,0,0,0,102,0,1,2,15,0,,,-,bat,Afghanistan,1,Sharjah Cricket Stadium,2024-03-18,Afghanistan,Afghanistan,Ireland
91,Mohammad Nabi,B White,Ibrahim Zadran,1,0,1,103,1,2,3,15,0,,,-,bat,Afghanistan,1,Sharjah Cricket Stadium,2024-03-18,Afghanistan,Afghanistan,Ireland
92,Ibrahim Zadran,B White,Mohammad Nabi,2,0,2,105,44,34,4,15,0,,,-,bat,Afghanistan,1,Sharjah Cricket Stadium,2024-03-18,Afghanistan,Afghanistan,Ireland
93,Ibrahim Zadran,B White,Mohammad Nabi,2,0,2,107,46,35,5,15,0,,,-,bat,Afghanistan,1,Sharjah Cricket Stadium,2024-03-18,Afghanistan,Afghanistan,Ireland
94,Ibrahim Zadran,B White,Mohammad Nabi,1,0,1,108,47,36,6,15,0,,,-,bat,Afghanistan,1,Sharjah Cricket Stadium,2024-03-18,Afghanistan,Afghanistan,Ireland
95,Ibrahim Zadran,BJ McCarthy,Mohammad Nabi,1,0,1,109,48,37,1,16,0,,,-,bat,Afghanistan,1,Sharjah Cricket Stadium,2024-03-18,Afghanistan,Afghanistan,Ireland
96,Mohammad Nabi,BJ McCarthy,Ibrahim Zadran,1,0,1,110,2,3,2,16,0,,,-,bat,Afghanistan,1,Sharjah Cricket Stadium,2024-03-18,Afghanistan,Afghanistan,Ireland
97,Ibrahim Zadran,BJ McCarthy,Mohammad Nabi,1,0,1,111,49,38,3,16,0,,,-,bat,Afghanistan,1,Sharjah Cricket Stadium,2024-03-18,Afghanistan,Afghanistan,Ireland
98,Mohammad Nabi,BJ McCarthy,Ibrahim Zadran,2,0,2,113,4,4,4,16,0,,,-,bat,Afghanistan,1,Sharjah Cricket Stadium,2024-03-18,Afghanistan,Afghanistan,Ireland
99,Mohammad Nabi,BJ McCarthy,Ibrahim Zadran,1,0,1,114,5,5,5,16,0,,,-,bat,Afghanistan,1,Sharjah Cricket Stadium,2024-03-18,Afghanistan,Afghanistan,Ireland
100,Ibrahim Zadran,BJ McCarthy,Mohammad Nabi,0,0,0,114,49,39,6,16,0,,,-,bat,Afghanistan,1,Sharjah Cricket Stadium,2024-03-18,Afghanistan,Afghanistan,Ireland
101,Mohammad Nabi,J Little,Ibrahim Zadran,0,0,0,114,5,6,1,17,0,,,-,bat,Afghanistan,1,Sharjah Cricket Stadium,2024-03-18,Afghanistan,Afghanistan,Ireland
102,Mohammad Nabi,J Little,Ibrahim Zadran,1,0,1,115,6,7,2,17,0,,,-,bat,Afghanistan,1,Sharjah Cricket Stadium,2024-03-18,Afghanistan,Afghanistan,Ireland
103,Ibrahim Zadran,J Little,Mohammad Nabi,1,0,1,116,50,40,3,17,0,,,-,bat,Afghanistan,1,Sharjah Cricket Stadium,2024-03-18,Afghanistan,Afghanistan,Ireland
104,Mohammad Nabi,J Little,Ibrahim Zadran,0,0,0,116,6,8,4,17,caught,Mohammad Nabi,A Balbirnie,-,bat,Afghanistan,1,Sharjah Cricket Stadium,2024-03-18,Afghanistan,Afghanistan,Ireland
105,Rashid Khan,J Little,Ibrahim Zadran,1,0,1,117,1,1,5,17,0,,,-,bat,Afghanistan,1,Sharjah Cricket Stadium,2024-03-18,Afghanistan,Afghanistan,Ireland
106,Ibrahim Zadran,J Little,Rashid Khan,1,0,1,118,51,41,6,17,0,,,-,bat,Afghanistan,1,Sharjah Cricket Stadium,2024-03-18,Afghanistan,Afghanistan,Ireland
107,Ibrahim Zadran,MR Adair,Rashid Khan,6,0,6,124,57,42,1,18,0,,,-,bat,Afghanistan,1,Sharjah Cricket Stadium,2024-03-18,Afghanistan,Afghanistan,Ireland
108,Ibrahim Zadran,MR Adair,Rashid Khan,1,0,1,125,58,43,2,18,0,,,-,bat,Afghanistan,1,Sharjah Cricket Stadium,2024-03-18,Afghanistan,Afghanistan,Ireland
109,Rashid Khan,MR Adair,Ibrahim Zadran,0,1,1,126,1,2,3,18,0,,,wides,bat,Afghanistan,1,Sharjah Cricket Stadium,2024-03-18,Afghanistan,Afghanistan,Ireland
110,Rashid Khan,MR Adair,Ibrahim Zadran,0,0,0,126,1,3,4,18,0,,,-,bat,Afghanistan,1,Sharjah Cricket Stadium,2024-03-18,Afghanistan,Afghanistan,Ireland
111,Rashid Khan,MR Adair,Ibrahim Zadran,1,0,1,127,2,4,5,18,0,,,-,bat,Afghanistan,1,Sharjah Cricket Stadium,2024-03-18,Afghanistan,Afghanistan,Ireland
112,Ibrahim Zadran,MR Adair,Rashid Khan,4,0,4,131,62,44,6,18,0,,,-,bat,Afghanistan,1,Sharjah Cricket Stadium,2024-03-18,Afghanistan,Afghanistan,Ireland
113,Ibrahim Zadran,MR Adair,Rashid Khan,1,0,1,132,63,45,7,18,0,,,-,bat,Afghanistan,1,Sharjah Cricket Stadium,2024-03-18,Afghanistan,Afghanistan,Ireland
114,Ibrahim Zadran,BJ McCarthy,Rashid Khan,6,0,6,138,69,46,1,19,0,,,-,bat,Afghanistan,1,Sharjah Cricket Stadium,2024-03-18,Afghanistan,Afghanistan,Ireland
115,Ibrahim Zadran,BJ McCarthy,Rashid Khan,1,0,1,139,70,47,2,19,0,,,-,bat,Afghanistan,1,Sharjah Cricket Stadium,2024-03-18,Afghanistan,Afghanistan,Ireland
116,Rashid Khan,BJ McCarthy,Ibrahim Zadran,1,0,1,140,3,5,3,19,0,,,-,bat,Afghanistan,1,Sharjah Cricket Stadium,2024-03-18,Afghanistan,Afghanistan,Ireland
117,Ibrahim Zadran,BJ McCarthy,Rashid Khan,0,1,1,141,70,48,4,19,0,,,wides,bat,Afghanistan,1,Sharjah Cricket Stadium,2024-03-18,Afghanistan,Afghanistan,Ireland
118,Ibrahim Zadran,BJ McCarthy,Rashid Khan,1,0,1,142,71,49,5,19,0,,,-,bat,Afghanistan,1,Sharjah Cricket Stadium,2024-03-18,Afghanistan,Afghanistan,Ireland
119,Rashid Khan,BJ McCarthy,Ibrahim Zadran,0,0,0,142,3,6,6,19,caught,Rashid Khan,C Campher,-,bat,Afghanistan,1,Sharjah Cricket Stadium,2024-03-18,Afghanistan,Afghanistan,Ireland
120,Ijaz Ahmad Ahmadzai,BJ McCarthy,Ibrahim Zadran,4,0,4,146,4,1,7,19,0,,,-,bat,Afghanistan,1,Sharjah Cricket Stadium,2024-03-18,Afghanistan,Afghanistan,Ireland
121,Ibrahim Zadran,MR Adair,Ijaz Ahmad Ahmadzai,0,0,0,146,71,50,1,20,0,,,-,bat,Afghanistan,1,Sharjah Cricket Stadium,2024-03-18,Afghanistan,Afghanistan,Ireland
122,Ibrahim Zadran,MR Adair,Ijaz Ahmad Ahmadzai,1,0,1,147,72,51,2,20,0,,,-,bat,Afghanistan,1,Sharjah Cricket Stadium,2024-03-18,Afghanistan,Afghanistan,Ireland
123,Ijaz Ahmad Ahmadzai,MR Adair,Ibrahim Zadran,0,0,0,147,4,2,3,20,0,,,-,bat,Afghanistan,1,Sharjah Cricket Stadium,2024-03-18,Afghanistan,Afghanistan,Ireland
124,Ijaz Ahmad Ahmadzai,MR Adair,Ibrahim Zadran,6,0,6,153,10,3,4,20,0,,,-,bat,Afghanistan,1,Sharjah Cricket Stadium,2024-03-18,Afghanistan,Afghanistan,Ireland
125,Ijaz Ahmad Ahmadzai,MR Adair,Ibrahim Zadran,0,1,1,154,10,4,5,20,0,,,wides,bat,Afghanistan,1,Sharjah Cricket Stadium,2024-03-18,Afghanistan,Afghanistan,Ireland
126,Ijaz Ahmad Ahmadzai,MR Adair,Ibrahim Zadran,0,0,0,154,10,5,6,20,run out,Ijaz Ahmad Ahmadzai,L Tucker;MR Adair,-,bat,Afghanistan,1,Sharjah Cricket Stadium,2024-03-18,Afghanistan,Afghanistan,Ireland
127,Ibrahim Zadran,MR Adair,Nangeyalia Kharote,0,1,1,155,72,52,7,20,0,,,byes,bat,Afghanistan,1,Sharjah Cricket Stadium,2024-03-18,Afghanistan,Afghanistan,Ireland
