,batter,bowler,non_striker,runs_by_bat,extra_runs,total,team_total,runs_remain,batter_runs,balls_faced,wickets_fallen,delivery,extra_type,over,wicket_type,player_out,fielder,toss_decision,toss_winner,innings,venue,year,month,match_id,winning_team,batting_team,bowling_team
0,RJ Peterson,NW Bracken,HH Gibbs,1,0,1,1,165,1,1,0,1,-,1,0,,,field,Australia,1,SuperSport Park,2009,03,South Africa_Australia_2009-03-29,South Africa,South Africa,Australia
1,HH Gibbs,NW Bracken,RJ Peterson,0,0,0,1,165,0,1,0,2,-,1,0,,,field,Australia,1,SuperSport Park,2009,03,South Africa_Australia_2009-03-29,South Africa,South Africa,Australia
2,HH Gibbs,NW Bracken,RJ Peterson,0,0,0,1,165,0,2,0,3,-,1,0,,,field,Australia,1,SuperSport Park,2009,03,South Africa_Australia_2009-03-29,South Africa,South Africa,Australia
3,HH Gibbs,NW Bracken,RJ Peterson,0,0,0,1,165,0,3,0,4,-,1,0,,,field,Australia,1,SuperSport Park,2009,03,South Africa_Australia_2009-03-29,South Africa,South Africa,Australia
4,HH Gibbs,NW Bracken,RJ Peterson,0,1,1,2,164,0,4,0,5,wides,1,0,,,field,Australia,1,SuperSport Park,2009,03,South Africa_Australia_2009-03-29,South Africa,South Africa,Australia
5,HH Gibbs,NW Bracken,RJ Peterson,0,0,0,2,164,0,5,0,6,-,1,0,,,field,Australia,1,SuperSport Park,2009,03,South Africa_Australia_2009-03-29,South Africa,South Africa,Australia
6,HH Gibbs,NW Bracken,RJ Peterson,1,0,1,3,163,1,6,0,7,-,1,0,,,field,Australia,1,SuperSport Park,2009,03,South Africa_Australia_2009-03-29,South Africa,South Africa,Australia
7,HH Gibbs,SM Harwood,RJ Peterson,4,0,4,7,159,5,7,0,1,-,2,0,,,field,Australia,1,SuperSport Park,2009,03,South Africa_Australia_2009-03-29,South Africa,South Africa,Australia
8,HH Gibbs,SM Harwood,RJ Peterson,2,0,2,9,157,7,8,0,2,-,2,0,,,field,Australia,1,SuperSport Park,2009,03,South Africa_Australia_2009-03-29,South Africa,South Africa,Australia
9,HH Gibbs,SM Harwood,RJ Peterson,5,0,5,14,152,12,9,0,3,-,2,0,,,field,Australia,1,SuperSport Park,2009,03,South Africa_Australia_2009-03-29,South Africa,South Africa,Australia
10,RJ Peterson,SM Harwood,HH Gibbs,0,0,0,14,152,1,2,0,4,-,2,0,,,field,Australia,1,SuperSport Park,2009,03,South Africa_Australia_2009-03-29,South Africa,South Africa,Australia
11,RJ Peterson,SM Harwood,HH Gibbs,0,0,0,14,152,1,3,0,5,-,2,0,,,field,Australia,1,SuperSport Park,2009,03,South Africa_Australia_2009-03-29,South Africa,South Africa,Australia
12,RJ Peterson,SM Harwood,HH Gibbs,0,0,0,14,152,1,4,0,6,-,2,0,,,field,Australia,1,SuperSport Park,2009,03,South Africa_Australia_2009-03-29,South Africa,South Africa,Australia
13,HH Gibbs,NW Bracken,RJ Peterson,0,0,0,14,152,12,10,0,1,-,3,0,,,field,Australia,1,SuperSport Park,2009,03,South Africa_Australia_2009-03-29,South Africa,South Africa,Australia
14,HH Gibbs,NW Bracken,RJ Peterson,2,0,2,16,150,14,11,0,2,-,3,0,,,field,Australia,1,SuperSport Park,2009,03,South Africa_Australia_2009-03-29,South Africa,South Africa,Australia
15,HH Gibbs,NW Bracken,RJ Peterson,0,0,0,16,150,14,12,0,3,-,3,0,,,field,Australia,1,SuperSport Park,2009,03,South Africa_Australia_2009-03-29,South Africa,South Africa,Australia
16,HH Gibbs,NW Bracken,RJ Peterson,6,0,6,22,144,20,13,0,4,-,3,0,,,field,Australia,1,SuperSport Park,2009,03,South Africa_Australia_2009-03-29,South Africa,South Africa,Australia
17,HH Gibbs,NW Bracken,RJ Peterson,0,0,0,22,144,20,14,1,5,-,3,bowled,HH Gibbs,,field,Australia,1,SuperSport Park,2009,03,South Africa_Australia_2009-03-29,South Africa,South Africa,Australia
18,AB de Villiers,NW Bracken,RJ Peterson,0,0,0,22,144,0,1,1,6,-,3,0,,,field,Australia,1,SuperSport Park,2009,03,South Africa_Australia_2009-03-29,South Africa,South Africa,Australia
19,RJ Peterson,B Laughlin,AB de Villiers,0,0,0,22,144,1,5,1,1,-,4,0,,,field,Australia,1,SuperSport Park,2009,03,South Africa_Australia_2009-03-29,South Africa,South Africa,Australia
20,RJ Peterson,B Laughlin,AB de Villiers,1,0,1,23,143,2,6,1,2,-,4,0,,,field,Australia,1,SuperSport Park,2009,03,South Africa_Australia_2009-03-29,South Africa,South Africa,Australia
21,AB de Villiers,B Laughlin,RJ Peterson,0,0,0,23,143,0,2,1,3,-,4,0,,,field,Australia,1,SuperSport Park,2009,03,South Africa_Australia_2009-03-29,South Africa,South Africa,Australia
22,AB de Villiers,B Laughlin,RJ Peterson,0,0,0,23,143,0,3,1,4,-,4,0,,,field,Australia,1,SuperSport Park,2009,03,South Africa_Australia_2009-03-29,South Africa,South Africa,Australia
23,AB de Villiers,B Laughlin,RJ Peterson,0,0,0,23,143,0,4,1,5,-,4,0,,,field,Australia,1,SuperSport Park,2009,03,South Africa_Australia_2009-03-29,South Africa,South Africa,Australia
24,AB de Villiers,B Laughlin,RJ Peterson,0,1,1,24,142,0,5,1,6,wides,4,0,,,field,Australia,1,SuperSport Park,2009,03,South Africa_Australia_2009-03-29,South Africa,South Africa,Australia
25,AB de Villiers,B Laughlin,RJ Peterson,0,0,0,24,142,0,6,2,7,-,4,caught,AB de Villiers,CL White,field,Australia,1,SuperSport Park,2009,03,South Africa_Australia_2009-03-29,South Africa,South Africa,Australia
26,RJ Peterson,SM Harwood,JP Duminy,1,0,1,25,141,3,7,2,1,-,5,0,,,field,Australia,1,SuperSport Park,2009,03,South Africa_Australia_2009-03-29,South Africa,South Africa,Australia
27,JP Duminy,SM Harwood,RJ Peterson,0,0,0,25,141,0,1,2,2,-,5,0,,,field,Australia,1,SuperSport Park,2009,03,South Africa_Australia_2009-03-29,South Africa,South Africa,Australia
28,JP Duminy,SM Harwood,RJ Peterson,1,0,1,26,140,1,2,2,3,-,5,0,,,field,Australia,1,SuperSport Park,2009,03,South Africa_Australia_2009-03-29,South Africa,South Africa,Australia
29,RJ Peterson,SM Harwood,JP Duminy,0,0,0,26,140,3,8,2,4,-,5,0,,,field,Australia,1,SuperSport Park,2009,03,South Africa_Australia_2009-03-29,South Africa,South Africa,Australia
30,RJ Peterson,SM Harwood,JP Duminy,0,0,0,26,140,3,9,2,5,-,5,0,,,field,Australia,1,SuperSport Park,2009,03,South Africa_Australia_2009-03-29,South Africa,South Africa,Australia
31,RJ Peterson,SM Harwood,JP Duminy,1,0,1,27,139,4,10,2,6,-,5,0,,,field,Australia,1,SuperSport Park,2009,03,South Africa_Australia_2009-03-29,South Africa,South Africa,Australia
32,RJ Peterson,B Laughlin,JP Duminy,4,0,4,31,135,8,11,2,1,-,6,0,,,field,Australia,1,SuperSport Park,2009,03,South Africa_Australia_2009-03-29,South Africa,South Africa,Australia
33,RJ Peterson,B Laughlin,JP Duminy,1,0,1,32,134,9,12,2,2,-,6,0,,,field,Australia,1,SuperSport Park,2009,03,South Africa_Australia_2009-03-29,South Africa,South Africa,Australia
34,JP Duminy,B Laughlin,RJ Peterson,2,0,2,34,132,3,3,2,3,-,6,0,,,field,Australia,1,SuperSport Park,2009,03,South Africa_Australia_2009-03-29,South Africa,South Africa,Australia
35,JP Duminy,B Laughlin,RJ Peterson,1,0,1,35,131,4,4,2,4,-,6,0,,,field,Australia,1,SuperSport Park,2009,03,South Africa_Australia_2009-03-29,South Africa,South Africa,Australia
36,RJ Peterson,B Laughlin,JP Duminy,0,0,0,35,131,9,13,2,5,-,6,0,,,field,Australia,1,SuperSport Park,2009,03,South Africa_Australia_2009-03-29,South Africa,South Africa,Australia
37,RJ Peterson,B Laughlin,JP Duminy,0,1,1,36,130,9,14,2,6,legbyes,6,0,,,field,Australia,1,SuperSport Park,2009,03,South Africa_Australia_2009-03-29,South Africa,South Africa,Australia
38,RJ Peterson,JR Hopes,JP Duminy,0,0,0,36,130,9,15,2,1,-,7,0,,,field,Australia,1,SuperSport Park,2009,03,South Africa_Australia_2009-03-29,South Africa,South Africa,Australia
39,RJ Peterson,JR Hopes,JP Duminy,1,0,1,37,129,10,16,2,2,-,7,0,,,field,Australia,1,SuperSport Park,2009,03,South Africa_Australia_2009-03-29,South Africa,South Africa,Australia
40,JP Duminy,JR Hopes,RJ Peterson,0,0,0,37,129,4,5,2,3,-,7,0,,,field,Australia,1,SuperSport Park,2009,03,South Africa_Australia_2009-03-29,South Africa,South Africa,Australia
41,JP Duminy,JR Hopes,RJ Peterson,1,0,1,38,128,5,6,2,4,-,7,0,,,field,Australia,1,SuperSport Park,2009,03,South Africa_Australia_2009-03-29,South Africa,South Africa,Australia
42,RJ Peterson,JR Hopes,JP Duminy,6,0,6,44,122,16,17,2,5,-,7,0,,,field,Australia,1,SuperSport Park,2009,03,South Africa_Australia_2009-03-29,South Africa,South Africa,Australia
43,RJ Peterson,JR Hopes,JP Duminy,0,0,0,44,122,16,18,2,6,-,7,0,,,field,Australia,1,SuperSport Park,2009,03,South Africa_Australia_2009-03-29,South Africa,South Africa,Australia
44,JP Duminy,DJ Hussey,RJ Peterson,0,0,0,44,122,5,7,2,1,-,8,0,,,field,Australia,1,SuperSport Park,2009,03,South Africa_Australia_2009-03-29,South Africa,South Africa,Australia
45,JP Duminy,DJ Hussey,RJ Peterson,1,0,1,45,121,6,8,2,2,-,8,0,,,field,Australia,1,SuperSport Park,2009,03,South Africa_Australia_2009-03-29,South Africa,South Africa,Australia
46,RJ Peterson,DJ Hussey,JP Duminy,6,0,6,51,115,22,19,2,3,-,8,0,,,field,Australia,1,SuperSport Park,2009,03,South Africa_Australia_2009-03-29,South Africa,South Africa,Australia
47,RJ Peterson,DJ Hussey,JP Duminy,1,0,1,52,114,23,20,2,4,-,8,0,,,field,Australia,1,SuperSport Park,2009,03,South Africa_Australia_2009-03-29,South Africa,South Africa,Australia
48,JP Duminy,DJ Hussey,RJ Peterson,1,0,1,53,113,7,9,2,5,-,8,0,,,field,Australia,1,SuperSport Park,2009,03,South Africa_Australia_2009-03-29,South Africa,South Africa,Australia
49,RJ Peterson,DJ Hussey,JP Duminy,1,0,1,54,112,24,21,2,6,-,8,0,,,field,Australia,1,SuperSport Park,2009,03,South Africa_Australia_2009-03-29,South Africa,South Africa,Australia
50,RJ Peterson,JR Hopes,JP Duminy,4,0,4,58,108,28,22,2,1,-,9,0,,,field,Australia,1,SuperSport Park,2009,03,South Africa_Australia_2009-03-29,South Africa,South Africa,Australia
51,RJ Peterson,JR Hopes,JP Duminy,1,0,1,59,107,29,23,2,2,-,9,0,,,field,Australia,1,SuperSport Park,2009,03,South Africa_Australia_2009-03-29,South Africa,South Africa,Australia
52,JP Duminy,JR Hopes,RJ Peterson,0,0,0,59,107,7,10,2,3,-,9,0,,,field,Australia,1,SuperSport Park,2009,03,South Africa_Australia_2009-03-29,South Africa,South Africa,Australia
53,JP Duminy,JR Hopes,RJ Peterson,0,0,0,59,107,7,11,2,4,-,9,0,,,field,Australia,1,SuperSport Park,2009,03,South Africa_Australia_2009-03-29,South Africa,South Africa,Australia
54,JP Duminy,JR Hopes,RJ Peterson,1,0,1,60,106,8,12,2,5,-,9,0,,,field,Australia,1,SuperSport Park,2009,03,South Africa_Australia_2009-03-29,South Africa,South Africa,Australia
55,RJ Peterson,JR Hopes,JP Duminy,4,0,4,64,102,33,24,2,6,-,9,0,,,field,Australia,1,SuperSport Park,2009,03,South Africa_Australia_2009-03-29,South Africa,South Africa,Australia
56,JP Duminy,CL White,RJ Peterson,2,0,2,66,100,10,13,2,1,-,10,0,,,field,Australia,1,SuperSport Park,2009,03,South Africa_Australia_2009-03-29,South Africa,South Africa,Australia
57,JP Duminy,CL White,RJ Peterson,0,1,1,67,99,10,14,2,2,wides,10,0,,,field,Australia,1,SuperSport Park,2009,03,South Africa_Australia_2009-03-29,South Africa,South Africa,Australia
58,JP Duminy,CL White,RJ Peterson,1,0,1,68,98,11,15,2,3,-,10,0,,,field,Australia,1,SuperSport Park,2009,03,South Africa_Australia_2009-03-29,South Africa,South Africa,Australia
59,RJ Peterson,CL White,JP Duminy,1,0,1,69,97,34,25,2,4,-,10,0,,,field,Australia,1,SuperSport Park,2009,03,South Africa_Australia_2009-03-29,South Africa,South Africa,Australia
60,JP Duminy,CL White,RJ Peterson,0,0,0,69,97,11,16,2,5,-,10,0,,,field,Australia,1,SuperSport Park,2009,03,South Africa_Australia_2009-03-29,South Africa,South Africa,Australia
61,JP Duminy,CL White,RJ Peterson,1,0,1,70,96,12,17,2,6,-,10,0,,,field,Australia,1,SuperSport Park,2009,03,South Africa_Australia_2009-03-29,South Africa,South Africa,Australia
62,RJ Peterson,CL White,JP Duminy,0,0,0,70,96,34,26,2,7,-,10,0,,,field,Australia,1,SuperSport Park,2009,03,South Africa_Australia_2009-03-29,South Africa,South Africa,Australia
63,JP Duminy,JR Hopes,RJ Peterson,0,0,0,70,96,12,18,2,1,-,11,0,,,field,Australia,1,SuperSport Park,2009,03,South Africa_Australia_2009-03-29,South Africa,South Africa,Australia
64,JP Duminy,JR Hopes,RJ Peterson,1,0,1,71,95,13,19,2,2,-,11,0,,,field,Australia,1,SuperSport Park,2009,03,South Africa_Australia_2009-03-29,South Africa,South Africa,Australia
65,RJ Peterson,JR Hopes,JP Duminy,0,0,0,71,95,34,27,3,3,-,11,bowled,RJ Peterson,,field,Australia,1,SuperSport Park,2009,03,South Africa_Australia_2009-03-29,South Africa,South Africa,Australia
66,RE van der Merwe,JR Hopes,JP Duminy,0,0,0,71,95,0,1,3,4,-,11,0,,,field,Australia,1,SuperSport Park,2009,03,South Africa_Australia_2009-03-29,South Africa,South Africa,Australia
67,RE van der Merwe,JR Hopes,JP Duminy,1,0,1,72,94,1,2,3,5,-,11,0,,,field,Australia,1,SuperSport Park,2009,03,South Africa_Australia_2009-03-29,South Africa,South Africa,Australia
68,JP Duminy,JR Hopes,RE van der Merwe,4,0,4,76,90,17,20,3,6,-,11,0,,,field,Australia,1,SuperSport Park,2009,03,South Africa_Australia_2009-03-29,South Africa,South Africa,Australia
69,RE van der Merwe,DJ Hussey,JP Duminy,1,0,1,77,89,2,3,3,1,-,12,0,,,field,Australia,1,SuperSport Park,2009,03,South Africa_Australia_2009-03-29,South Africa,South Africa,Australia
70,JP Duminy,DJ Hussey,RE van der Merwe,1,0,1,78,88,18,21,3,2,-,12,0,,,field,Australia,1,SuperSport Park,2009,03,South Africa_Australia_2009-03-29,South Africa,South Africa,Australia
71,RE van der Merwe,DJ Hussey,JP Duminy,1,0,1,79,87,3,4,3,3,-,12,0,,,field,Australia,1,SuperSport Park,2009,03,South Africa_Australia_2009-03-29,South Africa,South Africa,Australia
72,JP Duminy,DJ Hussey,RE van der Merwe,1,0,1,80,86,19,22,3,4,-,12,0,,,field,Australia,1,SuperSport Park,2009,03,South Africa_Australia_2009-03-29,South Africa,South Africa,Australia
73,RE van der Merwe,DJ Hussey,JP Duminy,0,0,0,80,86,3,5,3,5,-,12,0,,,field,Australia,1,SuperSport Park,2009,03,South Africa_Australia_2009-03-29,South Africa,South Africa,Australia
74,RE van der Merwe,DJ Hussey,JP Duminy,1,0,1,81,85,4,6,3,6,-,12,0,,,field,Australia,1,SuperSport Park,2009,03,South Africa_Australia_2009-03-29,South Africa,South Africa,Australia
75,RE van der Merwe,JR Hopes,JP Duminy,0,0,0,81,85,4,7,3,1,-,13,0,,,field,Australia,1,SuperSport Park,2009,03,South Africa_Australia_2009-03-29,South Africa,South Africa,Australia
76,RE van der Merwe,JR Hopes,JP Duminy,0,0,0,81,85,4,8,3,2,-,13,0,,,field,Australia,1,SuperSport Park,2009,03,South Africa_Australia_2009-03-29,South Africa,South Africa,Australia
77,RE van der Merwe,JR Hopes,JP Duminy,1,0,1,82,84,5,9,3,3,-,13,0,,,field,Australia,1,SuperSport Park,2009,03,South Africa_Australia_2009-03-29,South Africa,South Africa,Australia
78,JP Duminy,JR Hopes,RE van der Merwe,0,0,0,82,84,19,23,3,4,-,13,0,,,field,Australia,1,SuperSport Park,2009,03,South Africa_Australia_2009-03-29,South Africa,South Africa,Australia
79,JP Duminy,JR Hopes,RE van der Merwe,1,0,1,83,83,20,24,3,5,-,13,0,,,field,Australia,1,SuperSport Park,2009,03,South Africa_Australia_2009-03-29,South Africa,South Africa,Australia
80,RE van der Merwe,JR Hopes,JP Duminy,0,0,0,83,83,5,10,3,6,-,13,0,,,field,Australia,1,SuperSport Park,2009,03,South Africa_Australia_2009-03-29,South Africa,South Africa,Australia
81,JP Duminy,DJ Hussey,RE van der Merwe,0,0,0,83,83,20,25,3,1,-,14,0,,,field,Australia,1,SuperSport Park,2009,03,South Africa_Australia_2009-03-29,South Africa,South Africa,Australia
82,JP Duminy,DJ Hussey,RE van der Merwe,1,0,1,84,82,21,26,3,2,-,14,0,,,field,Australia,1,SuperSport Park,2009,03,South Africa_Australia_2009-03-29,South Africa,South Africa,Australia
83,RE van der Merwe,DJ Hussey,JP Duminy,0,0,0,84,82,5,11,3,3,-,14,0,,,field,Australia,1,SuperSport Park,2009,03,South Africa_Australia_2009-03-29,South Africa,South Africa,Australia
84,RE van der Merwe,DJ Hussey,JP Duminy,6,0,6,90,76,11,12,3,4,-,14,0,,,field,Australia,1,SuperSport Park,2009,03,South Africa_Australia_2009-03-29,South Africa,South Africa,Australia
85,RE van der Merwe,DJ Hussey,JP Duminy,1,0,1,91,75,12,13,3,5,-,14,0,,,field,Australia,1,SuperSport Park,2009,03,South Africa_Australia_2009-03-29,South Africa,South Africa,Australia
86,JP Duminy,DJ Hussey,RE van der Merwe,1,0,1,92,74,22,27,3,6,-,14,0,,,field,Australia,1,SuperSport Park,2009,03,South Africa_Australia_2009-03-29,South Africa,South Africa,Australia
87,JP Duminy,SM Harwood,RE van der Merwe,1,0,1,93,73,23,28,3,1,-,15,0,,,field,Australia,1,SuperSport Park,2009,03,South Africa_Australia_2009-03-29,South Africa,South Africa,Australia
88,RE van der Merwe,SM Harwood,JP Duminy,2,0,2,95,71,14,14,3,2,-,15,0,,,field,Australia,1,SuperSport Park,2009,03,South Africa_Australia_2009-03-29,South Africa,South Africa,Australia
89,RE van der Merwe,SM Harwood,JP Duminy,0,0,0,95,71,14,15,3,3,-,15,0,,,field,Australia,1,SuperSport Park,2009,03,South Africa_Australia_2009-03-29,South Africa,South Africa,Australia
90,RE van der Merwe,SM Harwood,JP Duminy,0,0,0,95,71,14,16,3,4,-,15,0,,,field,Australia,1,SuperSport Park,2009,03,South Africa_Australia_2009-03-29,South Africa,South Africa,Australia
91,RE van der Merwe,SM Harwood,JP Duminy,1,0,1,96,70,15,17,3,5,-,15,0,,,field,Australia,1,SuperSport Park,2009,03,South Africa_Australia_2009-03-29,South Africa,South Africa,Australia
92,JP Duminy,SM Harwood,RE van der Merwe,0,0,0,96,70,23,29,4,6,-,15,bowled,JP Duminy,,field,Australia,1,SuperSport Park,2009,03,South Africa_Australia_2009-03-29,South Africa,South Africa,Australia
93,RE van der Merwe,NW Bracken,JA Morkel,6,0,6,102,64,21,18,4,1,-,16,0,,,field,Australia,1,SuperSport Park,2009,03,South Africa_Australia_2009-03-29,South Africa,South Africa,Australia
94,RE van der Merwe,NW Bracken,JA Morkel,0,0,0,102,64,21,19,4,2,-,16,0,,,field,Australia,1,SuperSport Park,2009,03,South Africa_Australia_2009-03-29,South Africa,South Africa,Australia
95,RE van der Merwe,NW Bracken,JA Morkel,6,0,6,108,58,27,20,4,3,-,16,0,,,field,Australia,1,SuperSport Park,2009,03,South Africa_Australia_2009-03-29,South Africa,South Africa,Australia
96,RE van der Merwe,NW Bracken,JA Morkel,0,1,1,109,57,27,21,4,4,noballs,16,0,,,field,Australia,1,SuperSport Park,2009,03,South Africa_Australia_2009-03-29,South Africa,South Africa,Australia
97,RE van der Merwe,NW Bracken,JA Morkel,4,0,4,113,53,31,22,4,5,-,16,0,,,field,Australia,1,SuperSport Park,2009,03,South Africa_Australia_2009-03-29,South Africa,South Africa,Australia
98,RE van der Merwe,NW Bracken,JA Morkel,4,0,4,117,49,35,23,4,6,-,16,0,,,field,Australia,1,SuperSport Park,2009,03,South Africa_Australia_2009-03-29,South Africa,South Africa,Australia
99,RE van der Merwe,NW Bracken,JA Morkel,2,0,2,119,47,37,24,4,7,-,16,0,,,field,Australia,1,SuperSport Park,2009,03,South Africa_Australia_2009-03-29,South Africa,South Africa,Australia
100,JA Morkel,B Laughlin,RE van der Merwe,1,0,1,120,46,1,1,4,1,-,17,0,,,field,Australia,1,SuperSport Park,2009,03,South Africa_Australia_2009-03-29,South Africa,South Africa,Australia
101,RE van der Merwe,B Laughlin,JA Morkel,2,0,2,122,44,39,25,4,2,-,17,0,,,field,Australia,1,SuperSport Park,2009,03,South Africa_Australia_2009-03-29,South Africa,South Africa,Australia
102,RE van der Merwe,B Laughlin,JA Morkel,2,0,2,124,42,41,26,4,3,-,17,0,,,field,Australia,1,SuperSport Park,2009,03,South Africa_Australia_2009-03-29,South Africa,South Africa,Australia
103,RE van der Merwe,B Laughlin,JA Morkel,6,0,6,130,36,47,27,4,4,-,17,0,,,field,Australia,1,SuperSport Park,2009,03,South Africa_Australia_2009-03-29,South Africa,South Africa,Australia
104,RE van der Merwe,B Laughlin,JA Morkel,0,1,1,131,35,47,28,4,5,byes,17,0,,,field,Australia,1,SuperSport Park,2009,03,South Africa_Australia_2009-03-29,South Africa,South Africa,Australia
105,JA Morkel,B Laughlin,RE van der Merwe,0,0,0,131,35,1,2,4,6,-,17,0,,,field,Australia,1,SuperSport Park,2009,03,South Africa_Australia_2009-03-29,South Africa,South Africa,Australia
106,RE van der Merwe,SM Harwood,JA Morkel,1,0,1,132,34,48,29,4,1,-,18,0,,,field,Australia,1,SuperSport Park,2009,03,South Africa_Australia_2009-03-29,South Africa,South Africa,Australia
107,JA Morkel,SM Harwood,RE van der Merwe,1,0,1,133,33,2,3,4,2,-,18,0,,,field,Australia,1,SuperSport Park,2009,03,South Africa_Australia_2009-03-29,South Africa,South Africa,Australia
108,RE van der Merwe,SM Harwood,JA Morkel,0,0,0,133,33,48,30,5,3,-,18,caught,RE van der Merwe,BJ Haddin,field,Australia,1,SuperSport Park,2009,03,South Africa_Australia_2009-03-29,South Africa,South Africa,Australia
