,batter,bowler,non_striker,runs_by_bat,extra_runs,total_runs_delivery,current_team_total,runs_remain,batter_runs,balls_faced,wickets_fallen,delivery,over,extra_type,wicket_type,player_out,fielder,toss_decision,toss_winner,innings,venue,year,month,match_id,winning_team,batting_team,bowling_team,final_team_total
0,SE Marsh,M Ntini,DA Warner,0,0,0,0,156,0,1,0,1,0,-,0,,,bat,Australia,1,Melbourne Cricket Ground,2009,01,Australia_South Africa_2009-01-11,Australia,Australia,South Africa,182
1,SE Marsh,M Ntini,DA Warner,1,0,1,1,155,1,2,0,2,0,-,0,,,bat,Australia,1,Melbourne Cricket Ground,2009,01,Australia_South Africa_2009-01-11,Australia,Australia,South Africa,182
2,DA Warner,M Ntini,SE Marsh,1,0,1,2,154,1,1,0,3,0,-,0,,,bat,Australia,1,Melbourne Cricket Ground,2009,01,Australia_South Africa_2009-01-11,Australia,Australia,South Africa,182
3,SE Marsh,M Ntini,DA Warner,1,0,1,3,153,2,3,0,4,0,-,0,,,bat,Australia,1,Melbourne Cricket Ground,2009,01,Australia_South Africa_2009-01-11,Australia,Australia,South Africa,182
4,DA Warner,M Ntini,SE Marsh,4,0,4,7,149,5,2,0,5,0,-,0,,,bat,Australia,1,Melbourne Cricket Ground,2009,01,Australia_South Africa_2009-01-11,Australia,Australia,South Africa,182
5,DA Warner,M Ntini,SE Marsh,1,0,1,8,148,6,3,0,6,0,-,0,,,bat,Australia,1,Melbourne Cricket Ground,2009,01,Australia_South Africa_2009-01-11,Australia,Australia,South Africa,182
6,DA Warner,LL Tsotsobe,SE Marsh,0,0,0,8,148,6,4,0,1,1,-,0,,,bat,Australia,1,Melbourne Cricket Ground,2009,01,Australia_South Africa_2009-01-11,Australia,Australia,South Africa,182
7,DA Warner,LL Tsotsobe,SE Marsh,4,0,4,12,144,10,5,0,2,1,-,0,,,bat,Australia,1,Melbourne Cricket Ground,2009,01,Australia_South Africa_2009-01-11,Australia,Australia,South Africa,182
8,DA Warner,LL Tsotsobe,SE Marsh,1,0,1,13,143,11,6,0,3,1,-,0,,,bat,Australia,1,Melbourne Cricket Ground,2009,01,Australia_South Africa_2009-01-11,Australia,Australia,South Africa,182
9,SE Marsh,LL Tsotsobe,DA Warner,0,0,0,13,143,2,4,0,4,1,-,0,,,bat,Australia,1,Melbourne Cricket Ground,2009,01,Australia_South Africa_2009-01-11,Australia,Australia,South Africa,182
10,SE Marsh,LL Tsotsobe,DA Warner,4,0,4,17,139,6,5,0,5,1,-,0,,,bat,Australia,1,Melbourne Cricket Ground,2009,01,Australia_South Africa_2009-01-11,Australia,Australia,South Africa,182
11,SE Marsh,LL Tsotsobe,DA Warner,2,0,2,19,137,8,6,0,6,1,-,0,,,bat,Australia,1,Melbourne Cricket Ground,2009,01,Australia_South Africa_2009-01-11,Australia,Australia,South Africa,182
12,DA Warner,M Ntini,SE Marsh,0,0,0,19,137,11,7,0,1,2,-,0,,,bat,Australia,1,Melbourne Cricket Ground,2009,01,Australia_South Africa_2009-01-11,Australia,Australia,South Africa,182
13,DA Warner,M Ntini,SE Marsh,1,0,1,20,136,12,8,0,2,2,-,0,,,bat,Australia,1,Melbourne Cricket Ground,2009,01,Australia_South Africa_2009-01-11,Australia,Australia,South Africa,182
14,SE Marsh,M Ntini,DA Warner,1,0,1,21,135,9,7,0,3,2,-,0,,,bat,Australia,1,Melbourne Cricket Ground,2009,01,Australia_South Africa_2009-01-11,Australia,Australia,South Africa,182
15,DA Warner,M Ntini,SE Marsh,6,0,6,27,129,18,9,0,4,2,-,0,,,bat,Australia,1,Melbourne Cricket Ground,2009,01,Australia_South Africa_2009-01-11,Australia,Australia,South Africa,182
16,DA Warner,M Ntini,SE Marsh,6,0,6,33,123,24,10,0,5,2,-,0,,,bat,Australia,1,Melbourne Cricket Ground,2009,01,Australia_South Africa_2009-01-11,Australia,Australia,South Africa,182
17,DA Warner,M Ntini,SE Marsh,4,0,4,37,119,28,11,0,6,2,-,0,,,bat,Australia,1,Melbourne Cricket Ground,2009,01,Australia_South Africa_2009-01-11,Australia,Australia,South Africa,182
18,SE Marsh,LL Tsotsobe,DA Warner,0,0,0,37,119,9,8,0,1,3,-,0,,,bat,Australia,1,Melbourne Cricket Ground,2009,01,Australia_South Africa_2009-01-11,Australia,Australia,South Africa,182
19,SE Marsh,LL Tsotsobe,DA Warner,0,1,1,38,118,9,9,0,2,3,wides,0,,,bat,Australia,1,Melbourne Cricket Ground,2009,01,Australia_South Africa_2009-01-11,Australia,Australia,South Africa,182
20,SE Marsh,LL Tsotsobe,DA Warner,0,0,0,38,118,9,10,1,3,3,-,caught,SE Marsh,JA Morkel,bat,Australia,1,Melbourne Cricket Ground,2009,01,Australia_South Africa_2009-01-11,Australia,Australia,South Africa,182
21,RT Ponting,LL Tsotsobe,DA Warner,1,0,1,39,117,1,1,1,4,3,-,0,,,bat,Australia,1,Melbourne Cricket Ground,2009,01,Australia_South Africa_2009-01-11,Australia,Australia,South Africa,182
22,DA Warner,LL Tsotsobe,RT Ponting,0,0,0,39,117,28,12,1,5,3,-,0,,,bat,Australia,1,Melbourne Cricket Ground,2009,01,Australia_South Africa_2009-01-11,Australia,Australia,South Africa,182
23,DA Warner,LL Tsotsobe,RT Ponting,3,0,3,42,114,31,13,1,6,3,-,0,,,bat,Australia,1,Melbourne Cricket Ground,2009,01,Australia_South Africa_2009-01-11,Australia,Australia,South Africa,182
24,RT Ponting,LL Tsotsobe,DA Warner,0,0,0,42,114,1,2,1,7,3,-,0,,,bat,Australia,1,Melbourne Cricket Ground,2009,01,Australia_South Africa_2009-01-11,Australia,Australia,South Africa,182
25,DA Warner,JH Kallis,RT Ponting,4,0,4,46,110,35,14,1,1,4,-,0,,,bat,Australia,1,Melbourne Cricket Ground,2009,01,Australia_South Africa_2009-01-11,Australia,Australia,South Africa,182
26,DA Warner,JH Kallis,RT Ponting,0,0,0,46,110,35,15,1,2,4,-,0,,,bat,Australia,1,Melbourne Cricket Ground,2009,01,Australia_South Africa_2009-01-11,Australia,Australia,South Africa,182
27,DA Warner,JH Kallis,RT Ponting,4,0,4,50,106,39,16,1,3,4,-,0,,,bat,Australia,1,Melbourne Cricket Ground,2009,01,Australia_South Africa_2009-01-11,Australia,Australia,South Africa,182
28,DA Warner,JH Kallis,RT Ponting,1,0,1,51,105,40,17,1,4,4,-,0,,,bat,Australia,1,Melbourne Cricket Ground,2009,01,Australia_South Africa_2009-01-11,Australia,Australia,South Africa,182
29,RT Ponting,JH Kallis,DA Warner,2,0,2,53,103,3,3,1,5,4,-,0,,,bat,Australia,1,Melbourne Cricket Ground,2009,01,Australia_South Africa_2009-01-11,Australia,Australia,South Africa,182
30,RT Ponting,JH Kallis,DA Warner,1,0,1,54,102,4,4,1,6,4,-,0,,,bat,Australia,1,Melbourne Cricket Ground,2009,01,Australia_South Africa_2009-01-11,Australia,Australia,South Africa,182
31,RT Ponting,DW Steyn,DA Warner,1,0,1,55,101,5,5,1,1,5,-,0,,,bat,Australia,1,Melbourne Cricket Ground,2009,01,Australia_South Africa_2009-01-11,Australia,Australia,South Africa,182
32,DA Warner,DW Steyn,RT Ponting,6,0,6,61,95,46,18,1,2,5,-,0,,,bat,Australia,1,Melbourne Cricket Ground,2009,01,Australia_South Africa_2009-01-11,Australia,Australia,South Africa,182
33,DA Warner,DW Steyn,RT Ponting,6,0,6,67,89,52,19,1,3,5,-,0,,,bat,Australia,1,Melbourne Cricket Ground,2009,01,Australia_South Africa_2009-01-11,Australia,Australia,South Africa,182
34,DA Warner,DW Steyn,RT Ponting,1,0,1,68,88,53,20,1,4,5,-,0,,,bat,Australia,1,Melbourne Cricket Ground,2009,01,Australia_South Africa_2009-01-11,Australia,Australia,South Africa,182
35,RT Ponting,DW Steyn,DA Warner,1,0,1,69,87,6,6,1,5,5,-,0,,,bat,Australia,1,Melbourne Cricket Ground,2009,01,Australia_South Africa_2009-01-11,Australia,Australia,South Africa,182
36,DA Warner,DW Steyn,RT Ponting,0,0,0,69,87,53,21,1,6,5,-,0,,,bat,Australia,1,Melbourne Cricket Ground,2009,01,Australia_South Africa_2009-01-11,Australia,Australia,South Africa,182
37,RT Ponting,J Botha,DA Warner,1,0,1,70,86,7,7,1,1,6,-,0,,,bat,Australia,1,Melbourne Cricket Ground,2009,01,Australia_South Africa_2009-01-11,Australia,Australia,South Africa,182
38,DA Warner,J Botha,RT Ponting,1,0,1,71,85,54,22,1,2,6,-,0,,,bat,Australia,1,Melbourne Cricket Ground,2009,01,Australia_South Africa_2009-01-11,Australia,Australia,South Africa,182
39,RT Ponting,J Botha,DA Warner,2,0,2,73,83,9,8,1,3,6,-,0,,,bat,Australia,1,Melbourne Cricket Ground,2009,01,Australia_South Africa_2009-01-11,Australia,Australia,South Africa,182
40,RT Ponting,J Botha,DA Warner,1,0,1,74,82,10,9,1,4,6,-,0,,,bat,Australia,1,Melbourne Cricket Ground,2009,01,Australia_South Africa_2009-01-11,Australia,Australia,South Africa,182
41,DA Warner,J Botha,RT Ponting,0,0,0,74,82,54,23,1,5,6,-,0,,,bat,Australia,1,Melbourne Cricket Ground,2009,01,Australia_South Africa_2009-01-11,Australia,Australia,South Africa,182
42,DA Warner,J Botha,RT Ponting,0,0,0,74,82,54,24,1,6,6,-,0,,,bat,Australia,1,Melbourne Cricket Ground,2009,01,Australia_South Africa_2009-01-11,Australia,Australia,South Africa,182
43,RT Ponting,DW Steyn,DA Warner,2,0,2,76,80,12,10,1,1,7,-,0,,,bat,Australia,1,Melbourne Cricket Ground,2009,01,Australia_South Africa_2009-01-11,Australia,Australia,South Africa,182
44,RT Ponting,DW Steyn,DA Warner,0,1,1,77,79,12,11,1,2,7,wides,0,,,bat,Australia,1,Melbourne Cricket Ground,2009,01,Australia_South Africa_2009-01-11,Australia,Australia,South Africa,182
45,RT Ponting,DW Steyn,DA Warner,0,0,0,77,79,12,12,1,3,7,-,0,,,bat,Australia,1,Melbourne Cricket Ground,2009,01,Australia_South Africa_2009-01-11,Australia,Australia,South Africa,182
46,RT Ponting,DW Steyn,DA Warner,3,0,3,80,76,15,13,1,4,7,-,0,,,bat,Australia,1,Melbourne Cricket Ground,2009,01,Australia_South Africa_2009-01-11,Australia,Australia,South Africa,182
47,DA Warner,DW Steyn,RT Ponting,1,0,1,81,75,55,25,1,5,7,-,0,,,bat,Australia,1,Melbourne Cricket Ground,2009,01,Australia_South Africa_2009-01-11,Australia,Australia,South Africa,182
48,RT Ponting,DW Steyn,DA Warner,1,0,1,82,74,16,14,1,6,7,-,0,,,bat,Australia,1,Melbourne Cricket Ground,2009,01,Australia_South Africa_2009-01-11,Australia,Australia,South Africa,182
49,DA Warner,DW Steyn,RT Ponting,4,0,4,86,70,59,26,1,7,7,-,0,,,bat,Australia,1,Melbourne Cricket Ground,2009,01,Australia_South Africa_2009-01-11,Australia,Australia,South Africa,182
50,RT Ponting,J Botha,DA Warner,0,0,0,86,70,16,15,1,1,8,-,0,,,bat,Australia,1,Melbourne Cricket Ground,2009,01,Australia_South Africa_2009-01-11,Australia,Australia,South Africa,182
51,RT Ponting,J Botha,DA Warner,0,0,0,86,70,16,16,1,2,8,-,0,,,bat,Australia,1,Melbourne Cricket Ground,2009,01,Australia_South Africa_2009-01-11,Australia,Australia,South Africa,182
52,RT Ponting,J Botha,DA Warner,1,0,1,87,69,17,17,1,3,8,-,0,,,bat,Australia,1,Melbourne Cricket Ground,2009,01,Australia_South Africa_2009-01-11,Australia,Australia,South Africa,182
53,DA Warner,J Botha,RT Ponting,6,0,6,93,63,65,27,1,4,8,-,0,,,bat,Australia,1,Melbourne Cricket Ground,2009,01,Australia_South Africa_2009-01-11,Australia,Australia,South Africa,182
54,DA Warner,J Botha,RT Ponting,0,0,0,93,63,65,28,1,5,8,-,0,,,bat,Australia,1,Melbourne Cricket Ground,2009,01,Australia_South Africa_2009-01-11,Australia,Australia,South Africa,182
55,DA Warner,J Botha,RT Ponting,0,0,0,93,63,65,29,1,6,8,-,0,,,bat,Australia,1,Melbourne Cricket Ground,2009,01,Australia_South Africa_2009-01-11,Australia,Australia,South Africa,182
56,RT Ponting,JA Morkel,DA Warner,4,0,4,97,59,21,18,1,1,9,-,0,,,bat,Australia,1,Melbourne Cricket Ground,2009,01,Australia_South Africa_2009-01-11,Australia,Australia,South Africa,182
57,RT Ponting,JA Morkel,DA Warner,0,0,0,97,59,21,19,1,2,9,-,0,,,bat,Australia,1,Melbourne Cricket Ground,2009,01,Australia_South Africa_2009-01-11,Australia,Australia,South Africa,182
58,RT Ponting,JA Morkel,DA Warner,0,0,0,97,59,21,20,2,3,9,-,caught,RT Ponting,DW Steyn,bat,Australia,1,Melbourne Cricket Ground,2009,01,Australia_South Africa_2009-01-11,Australia,Australia,South Africa,182
59,DA Warner,JA Morkel,DJ Hussey,1,0,1,98,58,66,30,2,4,9,-,0,,,bat,Australia,1,Melbourne Cricket Ground,2009,01,Australia_South Africa_2009-01-11,Australia,Australia,South Africa,182
60,DJ Hussey,JA Morkel,DA Warner,1,0,1,99,57,1,1,2,5,9,-,0,,,bat,Australia,1,Melbourne Cricket Ground,2009,01,Australia_South Africa_2009-01-11,Australia,Australia,South Africa,182
61,DA Warner,JA Morkel,DJ Hussey,2,0,2,101,55,68,31,2,6,9,-,0,,,bat,Australia,1,Melbourne Cricket Ground,2009,01,Australia_South Africa_2009-01-11,Australia,Australia,South Africa,182
62,DJ Hussey,JH Kallis,DA Warner,1,0,1,102,54,2,2,2,1,10,-,0,,,bat,Australia,1,Melbourne Cricket Ground,2009,01,Australia_South Africa_2009-01-11,Australia,Australia,South Africa,182
63,DA Warner,JH Kallis,DJ Hussey,2,0,2,104,52,70,32,2,2,10,-,0,,,bat,Australia,1,Melbourne Cricket Ground,2009,01,Australia_South Africa_2009-01-11,Australia,Australia,South Africa,182
64,DA Warner,JH Kallis,DJ Hussey,0,0,0,104,52,70,33,2,3,10,-,0,,,bat,Australia,1,Melbourne Cricket Ground,2009,01,Australia_South Africa_2009-01-11,Australia,Australia,South Africa,182
65,DA Warner,JH Kallis,DJ Hussey,6,0,6,110,46,76,34,2,4,10,-,0,,,bat,Australia,1,Melbourne Cricket Ground,2009,01,Australia_South Africa_2009-01-11,Australia,Australia,South Africa,182
66,DA Warner,JH Kallis,DJ Hussey,2,0,2,112,44,78,35,2,5,10,-,0,,,bat,Australia,1,Melbourne Cricket Ground,2009,01,Australia_South Africa_2009-01-11,Australia,Australia,South Africa,182
67,DA Warner,JH Kallis,DJ Hussey,2,0,2,114,42,80,36,2,6,10,-,0,,,bat,Australia,1,Melbourne Cricket Ground,2009,01,Australia_South Africa_2009-01-11,Australia,Australia,South Africa,182
68,DJ Hussey,JA Morkel,DA Warner,1,0,1,115,41,3,3,2,1,11,-,0,,,bat,Australia,1,Melbourne Cricket Ground,2009,01,Australia_South Africa_2009-01-11,Australia,Australia,South Africa,182
69,DA Warner,JA Morkel,DJ Hussey,0,0,0,115,41,80,37,2,2,11,-,0,,,bat,Australia,1,Melbourne Cricket Ground,2009,01,Australia_South Africa_2009-01-11,Australia,Australia,South Africa,182
70,DA Warner,JA Morkel,DJ Hussey,1,0,1,116,40,81,38,2,3,11,-,0,,,bat,Australia,1,Melbourne Cricket Ground,2009,01,Australia_South Africa_2009-01-11,Australia,Australia,South Africa,182
71,DJ Hussey,JA Morkel,DA Warner,0,0,0,116,40,3,4,2,4,11,-,0,,,bat,Australia,1,Melbourne Cricket Ground,2009,01,Australia_South Africa_2009-01-11,Australia,Australia,South Africa,182
72,DJ Hussey,JA Morkel,DA Warner,2,0,2,118,38,5,5,2,5,11,-,0,,,bat,Australia,1,Melbourne Cricket Ground,2009,01,Australia_South Africa_2009-01-11,Australia,Australia,South Africa,182
73,DJ Hussey,JA Morkel,DA Warner,1,0,1,119,37,6,6,2,6,11,-,0,,,bat,Australia,1,Melbourne Cricket Ground,2009,01,Australia_South Africa_2009-01-11,Australia,Australia,South Africa,182
74,DJ Hussey,J Botha,DA Warner,0,0,0,119,37,6,7,2,1,12,-,0,,,bat,Australia,1,Melbourne Cricket Ground,2009,01,Australia_South Africa_2009-01-11,Australia,Australia,South Africa,182
75,DJ Hussey,J Botha,DA Warner,6,0,6,125,31,12,8,2,2,12,-,0,,,bat,Australia,1,Melbourne Cricket Ground,2009,01,Australia_South Africa_2009-01-11,Australia,Australia,South Africa,182
76,DJ Hussey,J Botha,DA Warner,1,0,1,126,30,13,9,2,3,12,-,0,,,bat,Australia,1,Melbourne Cricket Ground,2009,01,Australia_South Africa_2009-01-11,Australia,Australia,South Africa,182
77,DA Warner,J Botha,DJ Hussey,1,0,1,127,29,82,39,2,4,12,-,0,,,bat,Australia,1,Melbourne Cricket Ground,2009,01,Australia_South Africa_2009-01-11,Australia,Australia,South Africa,182
78,DJ Hussey,J Botha,DA Warner,4,0,4,131,25,17,10,2,5,12,-,0,,,bat,Australia,1,Melbourne Cricket Ground,2009,01,Australia_South Africa_2009-01-11,Australia,Australia,South Africa,182
79,DJ Hussey,J Botha,DA Warner,2,0,2,133,23,19,11,2,6,12,-,0,,,bat,Australia,1,Melbourne Cricket Ground,2009,01,Australia_South Africa_2009-01-11,Australia,Australia,South Africa,182
80,DA Warner,M Ntini,DJ Hussey,4,0,4,137,19,86,40,2,1,13,-,0,,,bat,Australia,1,Melbourne Cricket Ground,2009,01,Australia_South Africa_2009-01-11,Australia,Australia,South Africa,182
81,DA Warner,M Ntini,DJ Hussey,2,0,2,139,17,88,41,2,2,13,-,0,,,bat,Australia,1,Melbourne Cricket Ground,2009,01,Australia_South Africa_2009-01-11,Australia,Australia,South Africa,182
82,DA Warner,M Ntini,DJ Hussey,1,0,1,140,16,89,42,2,3,13,-,0,,,bat,Australia,1,Melbourne Cricket Ground,2009,01,Australia_South Africa_2009-01-11,Australia,Australia,South Africa,182
83,DJ Hussey,M Ntini,DA Warner,0,0,0,140,16,19,12,3,4,13,-,caught,DJ Hussey,AB de Villiers,bat,Australia,1,Melbourne Cricket Ground,2009,01,Australia_South Africa_2009-01-11,Australia,Australia,South Africa,182
84,DA Warner,M Ntini,CL White,0,0,0,140,16,89,43,4,5,13,-,caught,DA Warner,AB de Villiers,bat,Australia,1,Melbourne Cricket Ground,2009,01,Australia_South Africa_2009-01-11,Australia,Australia,South Africa,182
85,CL White,M Ntini,MEK Hussey,0,0,0,140,16,0,1,4,6,13,-,0,,,bat,Australia,1,Melbourne Cricket Ground,2009,01,Australia_South Africa_2009-01-11,Australia,Australia,South Africa,182
86,MEK Hussey,J Botha,CL White,2,0,2,142,14,2,1,4,1,14,-,0,,,bat,Australia,1,Melbourne Cricket Ground,2009,01,Australia_South Africa_2009-01-11,Australia,Australia,South Africa,182
87,MEK Hussey,J Botha,CL White,0,0,0,142,14,2,2,4,2,14,-,0,,,bat,Australia,1,Melbourne Cricket Ground,2009,01,Australia_South Africa_2009-01-11,Australia,Australia,South Africa,182
88,MEK Hussey,J Botha,CL White,1,0,1,143,13,3,3,4,3,14,-,0,,,bat,Australia,1,Melbourne Cricket Ground,2009,01,Australia_South Africa_2009-01-11,Australia,Australia,South Africa,182
89,CL White,J Botha,MEK Hussey,1,0,1,144,12,1,2,4,4,14,-,0,,,bat,Australia,1,Melbourne Cricket Ground,2009,01,Australia_South Africa_2009-01-11,Australia,Australia,South Africa,182
90,MEK Hussey,J Botha,CL White,1,0,1,145,11,4,4,4,5,14,-,0,,,bat,Australia,1,Melbourne Cricket Ground,2009,01,Australia_South Africa_2009-01-11,Australia,Australia,South Africa,182
91,CL White,J Botha,MEK Hussey,0,0,0,145,11,1,3,4,6,14,-,0,,,bat,Australia,1,Melbourne Cricket Ground,2009,01,Australia_South Africa_2009-01-11,Australia,Australia,South Africa,182
92,MEK Hussey,JA Morkel,CL White,2,0,2,147,9,6,5,4,1,15,-,0,,,bat,Australia,1,Melbourne Cricket Ground,2009,01,Australia_South Africa_2009-01-11,Australia,Australia,South Africa,182
93,MEK Hussey,JA Morkel,CL White,1,0,1,148,8,7,6,4,2,15,-,0,,,bat,Australia,1,Melbourne Cricket Ground,2009,01,Australia_South Africa_2009-01-11,Australia,Australia,South Africa,182
94,CL White,JA Morkel,MEK Hussey,6,0,6,154,2,7,4,4,3,15,-,0,,,bat,Australia,1,Melbourne Cricket Ground,2009,01,Australia_South Africa_2009-01-11,Australia,Australia,South Africa,182
95,CL White,JA Morkel,MEK Hussey,0,0,0,154,2,7,5,5,4,15,-,caught,CL White,JH Kallis,bat,Australia,1,Melbourne Cricket Ground,2009,01,Australia_South Africa_2009-01-11,Australia,Australia,South Africa,182
96,MEK Hussey,JA Morkel,L Ronchi,0,0,0,154,2,7,7,5,5,15,-,0,,,bat,Australia,1,Melbourne Cricket Ground,2009,01,Australia_South Africa_2009-01-11,Australia,Australia,South Africa,182
97,MEK Hussey,JA Morkel,L Ronchi,0,0,0,154,2,7,8,6,6,15,-,run out,MEK Hussey,HH Gibbs,bat,Australia,1,Melbourne Cricket Ground,2009,01,Australia_South Africa_2009-01-11,Australia,Australia,South Africa,182
98,JR Hopes,M Ntini,L Ronchi,0,0,0,154,2,0,1,6,1,16,-,0,,,bat,Australia,1,Melbourne Cricket Ground,2009,01,Australia_South Africa_2009-01-11,Australia,Australia,South Africa,182
99,JR Hopes,M Ntini,L Ronchi,0,0,0,154,2,0,2,6,2,16,-,0,,,bat,Australia,1,Melbourne Cricket Ground,2009,01,Australia_South Africa_2009-01-11,Australia,Australia,South Africa,182
100,JR Hopes,M Ntini,L Ronchi,1,0,1,155,1,1,3,6,3,16,-,0,,,bat,Australia,1,Melbourne Cricket Ground,2009,01,Australia_South Africa_2009-01-11,Australia,Australia,South Africa,182
101,L Ronchi,M Ntini,JR Hopes,1,0,1,156,0,1,1,6,4,16,-,0,,,bat,Australia,1,Melbourne Cricket Ground,2009,01,Australia_South Africa_2009-01-11,Australia,Australia,South Africa,182
102,JR Hopes,M Ntini,L Ronchi,1,0,1,157,-1,2,4,6,5,16,-,0,,,bat,Australia,1,Melbourne Cricket Ground,2009,01,Australia_South Africa_2009-01-11,Australia,Australia,South Africa,182
103,L Ronchi,M Ntini,JR Hopes,4,0,4,161,-5,5,2,6,6,16,-,0,,,bat,Australia,1,Melbourne Cricket Ground,2009,01,Australia_South Africa_2009-01-11,Australia,Australia,South Africa,182
104,JR Hopes,DW Steyn,L Ronchi,1,0,1,162,-6,3,5,6,1,17,-,0,,,bat,Australia,1,Melbourne Cricket Ground,2009,01,Australia_South Africa_2009-01-11,Australia,Australia,South Africa,182
105,L Ronchi,DW Steyn,JR Hopes,4,0,4,166,-10,9,3,6,2,17,-,0,,,bat,Australia,1,Melbourne Cricket Ground,2009,01,Australia_South Africa_2009-01-11,Australia,Australia,South Africa,182
106,L Ronchi,DW Steyn,JR Hopes,2,0,2,168,-12,11,4,6,3,17,-,0,,,bat,Australia,1,Melbourne Cricket Ground,2009,01,Australia_South Africa_2009-01-11,Australia,Australia,South Africa,182
