,batter,bowler,non_striker,runs_by_bat,extra_runs,total_runs_delivery,current_team_total,runs_remain,batter_runs,balls_faced,wickets_fallen,extra_type,delivery,over,wicket_type,player_out,fielder,toss_decision,toss_winner,innings,venue,year,month,match_id,winning_team,batting_team,bowling_team,won,final_team_total
0,CH Gayle,B Lee,ADS Fletcher,4,0,4,4,165,4,1,0,-,1.0,0,0,,,bat,Australia,2,Kennington Oval,2009,06,Australia_West Indies_2009-06-06,West Indies,West Indies,Australia,True,172
1,CH Gayle,B Lee,ADS Fletcher,0,0,0,4,165,4,2,0,-,2.0,0,0,,,bat,Australia,2,Kennington Oval,2009,06,Australia_West Indies_2009-06-06,West Indies,West Indies,Australia,True,172
2,CH Gayle,B Lee,ADS Fletcher,4,0,4,8,161,8,3,0,-,3.0,0,0,,,bat,Australia,2,Kennington Oval,2009,06,Australia_West Indies_2009-06-06,West Indies,West Indies,Australia,True,172
3,CH Gayle,B Lee,ADS Fletcher,1,0,1,9,160,9,4,0,-,4.0,0,0,,,bat,Australia,2,Kennington Oval,2009,06,Australia_West Indies_2009-06-06,West Indies,West Indies,Australia,True,172
4,ADS Fletcher,B Lee,CH Gayle,0,0,0,9,160,0,1,0,-,5.0,0,0,,,bat,Australia,2,Kennington Oval,2009,06,Australia_West Indies_2009-06-06,West Indies,West Indies,Australia,True,172
5,ADS Fletcher,B Lee,CH Gayle,1,0,1,10,159,1,2,0,-,6.0,0,0,,,bat,Australia,2,Kennington Oval,2009,06,Australia_West Indies_2009-06-06,West Indies,West Indies,Australia,True,172
6,ADS Fletcher,MG Johnson,CH Gayle,4,0,4,14,155,5,3,0,-,1.0,1,0,,,bat,Australia,2,Kennington Oval,2009,06,Australia_West Indies_2009-06-06,West Indies,West Indies,Australia,True,172
7,ADS Fletcher,MG Johnson,CH Gayle,6,0,6,20,149,11,4,0,-,2.0,1,0,,,bat,Australia,2,Kennington Oval,2009,06,Australia_West Indies_2009-06-06,West Indies,West Indies,Australia,True,172
8,ADS Fletcher,MG Johnson,CH Gayle,0,1,1,21,148,11,5,0,wides,2.0,1,0,,,bat,Australia,2,Kennington Oval,2009,06,Australia_West Indies_2009-06-06,West Indies,West Indies,Australia,True,172
9,ADS Fletcher,MG Johnson,CH Gayle,0,0,0,21,148,11,6,0,-,3.0,1,0,,,bat,Australia,2,Kennington Oval,2009,06,Australia_West Indies_2009-06-06,West Indies,West Indies,Australia,True,172
10,ADS Fletcher,MG Johnson,CH Gayle,1,0,1,22,147,12,7,0,-,4.0,1,0,,,bat,Australia,2,Kennington Oval,2009,06,Australia_West Indies_2009-06-06,West Indies,West Indies,Australia,True,172
11,CH Gayle,MG Johnson,ADS Fletcher,0,0,0,22,147,9,5,0,-,5.0,1,0,,,bat,Australia,2,Kennington Oval,2009,06,Australia_West Indies_2009-06-06,West Indies,West Indies,Australia,True,172
12,CH Gayle,MG Johnson,ADS Fletcher,0,0,0,22,147,9,6,0,-,6.0,1,0,,,bat,Australia,2,Kennington Oval,2009,06,Australia_West Indies_2009-06-06,West Indies,West Indies,Australia,True,172
13,ADS Fletcher,B Lee,CH Gayle,4,0,4,26,143,16,8,0,-,1.0,2,0,,,bat,Australia,2,Kennington Oval,2009,06,Australia_West Indies_2009-06-06,West Indies,West Indies,Australia,True,172
14,ADS Fletcher,B Lee,CH Gayle,1,0,1,27,142,17,9,0,-,2.0,2,0,,,bat,Australia,2,Kennington Oval,2009,06,Australia_West Indies_2009-06-06,West Indies,West Indies,Australia,True,172
15,CH Gayle,B Lee,ADS Fletcher,0,0,0,27,142,9,7,0,-,3.0,2,0,,,bat,Australia,2,Kennington Oval,2009,06,Australia_West Indies_2009-06-06,West Indies,West Indies,Australia,True,172
16,CH Gayle,B Lee,ADS Fletcher,3,1,4,31,138,12,8,0,noballs,3.0,2,0,,,bat,Australia,2,Kennington Oval,2009,06,Australia_West Indies_2009-06-06,West Indies,West Indies,Australia,True,172
17,ADS Fletcher,B Lee,CH Gayle,1,0,1,32,137,18,10,0,-,4.0,2,0,,,bat,Australia,2,Kennington Oval,2009,06,Australia_West Indies_2009-06-06,West Indies,West Indies,Australia,True,172
18,CH Gayle,B Lee,ADS Fletcher,0,0,0,32,137,12,9,0,-,5.0,2,0,,,bat,Australia,2,Kennington Oval,2009,06,Australia_West Indies_2009-06-06,West Indies,West Indies,Australia,True,172
19,CH Gayle,B Lee,ADS Fletcher,4,0,4,36,133,16,10,0,-,6.0,2,0,,,bat,Australia,2,Kennington Oval,2009,06,Australia_West Indies_2009-06-06,West Indies,West Indies,Australia,True,172
20,ADS Fletcher,MG Johnson,CH Gayle,0,0,0,36,133,18,11,0,-,1.0,3,0,,,bat,Australia,2,Kennington Oval,2009,06,Australia_West Indies_2009-06-06,West Indies,West Indies,Australia,True,172
21,ADS Fletcher,MG Johnson,CH Gayle,4,0,4,40,129,22,12,0,-,2.0,3,0,,,bat,Australia,2,Kennington Oval,2009,06,Australia_West Indies_2009-06-06,West Indies,West Indies,Australia,True,172
22,ADS Fletcher,MG Johnson,CH Gayle,2,0,2,42,127,24,13,0,-,3.0,3,0,,,bat,Australia,2,Kennington Oval,2009,06,Australia_West Indies_2009-06-06,West Indies,West Indies,Australia,True,172
23,ADS Fletcher,MG Johnson,CH Gayle,1,0,1,43,126,25,14,0,-,4.0,3,0,,,bat,Australia,2,Kennington Oval,2009,06,Australia_West Indies_2009-06-06,West Indies,West Indies,Australia,True,172
24,CH Gayle,MG Johnson,ADS Fletcher,1,0,1,44,125,17,11,0,-,5.0,3,0,,,bat,Australia,2,Kennington Oval,2009,06,Australia_West Indies_2009-06-06,West Indies,West Indies,Australia,True,172
25,ADS Fletcher,MG Johnson,CH Gayle,0,0,0,44,125,25,15,0,-,6.0,3,0,,,bat,Australia,2,Kennington Oval,2009,06,Australia_West Indies_2009-06-06,West Indies,West Indies,Australia,True,172
26,CH Gayle,B Lee,ADS Fletcher,6,0,6,50,119,23,12,0,-,1.0,4,0,,,bat,Australia,2,Kennington Oval,2009,06,Australia_West Indies_2009-06-06,West Indies,West Indies,Australia,True,172
27,CH Gayle,B Lee,ADS Fletcher,0,0,0,50,119,23,13,0,-,2.0,4,0,,,bat,Australia,2,Kennington Oval,2009,06,Australia_West Indies_2009-06-06,West Indies,West Indies,Australia,True,172
28,CH Gayle,B Lee,ADS Fletcher,6,0,6,56,113,29,14,0,-,3.0,4,0,,,bat,Australia,2,Kennington Oval,2009,06,Australia_West Indies_2009-06-06,West Indies,West Indies,Australia,True,172
29,CH Gayle,B Lee,ADS Fletcher,0,0,0,56,113,29,15,0,-,4.0,4,0,,,bat,Australia,2,Kennington Oval,2009,06,Australia_West Indies_2009-06-06,West Indies,West Indies,Australia,True,172
30,CH Gayle,B Lee,ADS Fletcher,4,1,5,61,108,33,16,0,noballs,4.0,4,0,,,bat,Australia,2,Kennington Oval,2009,06,Australia_West Indies_2009-06-06,West Indies,West Indies,Australia,True,172
31,CH Gayle,B Lee,ADS Fletcher,4,0,4,65,104,37,17,0,-,5.0,4,0,,,bat,Australia,2,Kennington Oval,2009,06,Australia_West Indies_2009-06-06,West Indies,West Indies,Australia,True,172
32,CH Gayle,B Lee,ADS Fletcher,6,0,6,71,98,43,18,0,-,6.0,4,0,,,bat,Australia,2,Kennington Oval,2009,06,Australia_West Indies_2009-06-06,West Indies,West Indies,Australia,True,172
33,ADS Fletcher,NW Bracken,CH Gayle,4,0,4,75,94,29,16,0,-,1.0,5,0,,,bat,Australia,2,Kennington Oval,2009,06,Australia_West Indies_2009-06-06,West Indies,West Indies,Australia,True,172
34,ADS Fletcher,NW Bracken,CH Gayle,1,0,1,76,93,30,17,0,-,2.0,5,0,,,bat,Australia,2,Kennington Oval,2009,06,Australia_West Indies_2009-06-06,West Indies,West Indies,Australia,True,172
35,CH Gayle,NW Bracken,ADS Fletcher,0,0,0,76,93,43,19,0,-,3.0,5,0,,,bat,Australia,2,Kennington Oval,2009,06,Australia_West Indies_2009-06-06,West Indies,West Indies,Australia,True,172
36,CH Gayle,NW Bracken,ADS Fletcher,1,0,1,77,92,44,20,0,-,4.0,5,0,,,bat,Australia,2,Kennington Oval,2009,06,Australia_West Indies_2009-06-06,West Indies,West Indies,Australia,True,172
37,ADS Fletcher,NW Bracken,CH Gayle,1,0,1,78,91,31,18,0,-,5.0,5,0,,,bat,Australia,2,Kennington Oval,2009,06,Australia_West Indies_2009-06-06,West Indies,West Indies,Australia,True,172
38,CH Gayle,NW Bracken,ADS Fletcher,0,1,1,79,90,44,21,0,wides,5.0,5,0,,,bat,Australia,2,Kennington Oval,2009,06,Australia_West Indies_2009-06-06,West Indies,West Indies,Australia,True,172
39,CH Gayle,NW Bracken,ADS Fletcher,4,0,4,83,86,48,22,0,-,6.0,5,0,,,bat,Australia,2,Kennington Oval,2009,06,Australia_West Indies_2009-06-06,West Indies,West Indies,Australia,True,172
40,ADS Fletcher,JR Hopes,CH Gayle,1,0,1,84,85,32,19,0,-,1.0,6,0,,,bat,Australia,2,Kennington Oval,2009,06,Australia_West Indies_2009-06-06,West Indies,West Indies,Australia,True,172
41,CH Gayle,JR Hopes,ADS Fletcher,0,1,1,85,84,48,23,0,wides,1.0,6,0,,,bat,Australia,2,Kennington Oval,2009,06,Australia_West Indies_2009-06-06,West Indies,West Indies,Australia,True,172
42,CH Gayle,JR Hopes,ADS Fletcher,0,1,1,86,83,48,24,0,wides,1.0,6,0,,,bat,Australia,2,Kennington Oval,2009,06,Australia_West Indies_2009-06-06,West Indies,West Indies,Australia,True,172
43,CH Gayle,JR Hopes,ADS Fletcher,1,0,1,87,82,49,25,0,-,2.0,6,0,,,bat,Australia,2,Kennington Oval,2009,06,Australia_West Indies_2009-06-06,West Indies,West Indies,Australia,True,172
44,ADS Fletcher,JR Hopes,CH Gayle,2,0,2,89,80,34,20,0,-,3.0,6,0,,,bat,Australia,2,Kennington Oval,2009,06,Australia_West Indies_2009-06-06,West Indies,West Indies,Australia,True,172
45,ADS Fletcher,JR Hopes,CH Gayle,1,0,1,90,79,35,21,0,-,4.0,6,0,,,bat,Australia,2,Kennington Oval,2009,06,Australia_West Indies_2009-06-06,West Indies,West Indies,Australia,True,172
46,CH Gayle,JR Hopes,ADS Fletcher,1,0,1,91,78,50,26,0,-,5.0,6,0,,,bat,Australia,2,Kennington Oval,2009,06,Australia_West Indies_2009-06-06,West Indies,West Indies,Australia,True,172
47,ADS Fletcher,JR Hopes,CH Gayle,1,0,1,92,77,36,22,0,-,6.0,6,0,,,bat,Australia,2,Kennington Oval,2009,06,Australia_West Indies_2009-06-06,West Indies,West Indies,Australia,True,172
48,ADS Fletcher,NW Bracken,CH Gayle,1,0,1,93,76,37,23,0,-,1.0,7,0,,,bat,Australia,2,Kennington Oval,2009,06,Australia_West Indies_2009-06-06,West Indies,West Indies,Australia,True,172
49,CH Gayle,NW Bracken,ADS Fletcher,0,0,0,93,76,50,27,0,-,2.0,7,0,,,bat,Australia,2,Kennington Oval,2009,06,Australia_West Indies_2009-06-06,West Indies,West Indies,Australia,True,172
50,CH Gayle,NW Bracken,ADS Fletcher,1,0,1,94,75,51,28,0,-,3.0,7,0,,,bat,Australia,2,Kennington Oval,2009,06,Australia_West Indies_2009-06-06,West Indies,West Indies,Australia,True,172
51,ADS Fletcher,NW Bracken,CH Gayle,4,0,4,98,71,41,24,0,-,4.0,7,0,,,bat,Australia,2,Kennington Oval,2009,06,Australia_West Indies_2009-06-06,West Indies,West Indies,Australia,True,172
52,ADS Fletcher,NW Bracken,CH Gayle,1,0,1,99,70,42,25,0,-,5.0,7,0,,,bat,Australia,2,Kennington Oval,2009,06,Australia_West Indies_2009-06-06,West Indies,West Indies,Australia,True,172
53,CH Gayle,NW Bracken,ADS Fletcher,2,0,2,101,68,53,29,0,-,6.0,7,0,,,bat,Australia,2,Kennington Oval,2009,06,Australia_West Indies_2009-06-06,West Indies,West Indies,Australia,True,172
54,ADS Fletcher,JR Hopes,CH Gayle,1,0,1,102,67,43,26,0,-,1.0,8,0,,,bat,Australia,2,Kennington Oval,2009,06,Australia_West Indies_2009-06-06,West Indies,West Indies,Australia,True,172
55,CH Gayle,JR Hopes,ADS Fletcher,1,0,1,103,66,54,30,0,-,2.0,8,0,,,bat,Australia,2,Kennington Oval,2009,06,Australia_West Indies_2009-06-06,West Indies,West Indies,Australia,True,172
56,ADS Fletcher,JR Hopes,CH Gayle,1,0,1,104,65,44,27,0,-,3.0,8,0,,,bat,Australia,2,Kennington Oval,2009,06,Australia_West Indies_2009-06-06,West Indies,West Indies,Australia,True,172
57,CH Gayle,JR Hopes,ADS Fletcher,0,0,0,104,65,54,31,0,-,4.0,8,0,,,bat,Australia,2,Kennington Oval,2009,06,Australia_West Indies_2009-06-06,West Indies,West Indies,Australia,True,172
58,CH Gayle,JR Hopes,ADS Fletcher,0,0,0,104,65,54,32,0,-,5.0,8,0,,,bat,Australia,2,Kennington Oval,2009,06,Australia_West Indies_2009-06-06,West Indies,West Indies,Australia,True,172
59,CH Gayle,JR Hopes,ADS Fletcher,1,0,1,105,64,55,33,0,-,6.0,8,0,,,bat,Australia,2,Kennington Oval,2009,06,Australia_West Indies_2009-06-06,West Indies,West Indies,Australia,True,172
60,CH Gayle,DJ Hussey,ADS Fletcher,6,0,6,111,58,61,34,0,-,1.0,9,0,,,bat,Australia,2,Kennington Oval,2009,06,Australia_West Indies_2009-06-06,West Indies,West Indies,Australia,True,172
61,CH Gayle,DJ Hussey,ADS Fletcher,0,0,0,111,58,61,35,0,-,2.0,9,0,,,bat,Australia,2,Kennington Oval,2009,06,Australia_West Indies_2009-06-06,West Indies,West Indies,Australia,True,172
62,CH Gayle,DJ Hussey,ADS Fletcher,0,0,0,111,58,61,36,0,-,3.0,9,0,,,bat,Australia,2,Kennington Oval,2009,06,Australia_West Indies_2009-06-06,West Indies,West Indies,Australia,True,172
63,CH Gayle,DJ Hussey,ADS Fletcher,6,0,6,117,52,67,37,0,-,4.0,9,0,,,bat,Australia,2,Kennington Oval,2009,06,Australia_West Indies_2009-06-06,West Indies,West Indies,Australia,True,172
64,CH Gayle,DJ Hussey,ADS Fletcher,2,0,2,119,50,69,38,0,-,5.0,9,0,,,bat,Australia,2,Kennington Oval,2009,06,Australia_West Indies_2009-06-06,West Indies,West Indies,Australia,True,172
65,CH Gayle,DJ Hussey,ADS Fletcher,0,1,1,120,49,69,39,0,wides,5.0,9,0,,,bat,Australia,2,Kennington Oval,2009,06,Australia_West Indies_2009-06-06,West Indies,West Indies,Australia,True,172
66,CH Gayle,DJ Hussey,ADS Fletcher,1,0,1,121,48,70,40,0,-,6.0,9,0,,,bat,Australia,2,Kennington Oval,2009,06,Australia_West Indies_2009-06-06,West Indies,West Indies,Australia,True,172
67,CH Gayle,SR Watson,ADS Fletcher,1,0,1,122,47,71,41,0,-,1.0,10,0,,,bat,Australia,2,Kennington Oval,2009,06,Australia_West Indies_2009-06-06,West Indies,West Indies,Australia,True,172
68,ADS Fletcher,SR Watson,CH Gayle,0,0,0,122,47,44,28,0,-,2.0,10,0,,,bat,Australia,2,Kennington Oval,2009,06,Australia_West Indies_2009-06-06,West Indies,West Indies,Australia,True,172
69,ADS Fletcher,SR Watson,CH Gayle,1,0,1,123,46,45,29,0,-,3.0,10,0,,,bat,Australia,2,Kennington Oval,2009,06,Australia_West Indies_2009-06-06,West Indies,West Indies,Australia,True,172
70,CH Gayle,SR Watson,ADS Fletcher,1,0,1,124,45,72,42,0,-,4.0,10,0,,,bat,Australia,2,Kennington Oval,2009,06,Australia_West Indies_2009-06-06,West Indies,West Indies,Australia,True,172
71,ADS Fletcher,SR Watson,CH Gayle,4,0,4,128,41,49,30,0,-,5.0,10,0,,,bat,Australia,2,Kennington Oval,2009,06,Australia_West Indies_2009-06-06,West Indies,West Indies,Australia,True,172
72,ADS Fletcher,SR Watson,CH Gayle,0,0,0,128,41,49,31,0,-,6.0,10,0,,,bat,Australia,2,Kennington Oval,2009,06,Australia_West Indies_2009-06-06,West Indies,West Indies,Australia,True,172
73,CH Gayle,MG Johnson,ADS Fletcher,0,1,1,129,40,72,43,0,legbyes,1.0,11,0,,,bat,Australia,2,Kennington Oval,2009,06,Australia_West Indies_2009-06-06,West Indies,West Indies,Australia,True,172
74,ADS Fletcher,MG Johnson,CH Gayle,4,0,4,133,36,53,32,0,-,2.0,11,0,,,bat,Australia,2,Kennington Oval,2009,06,Australia_West Indies_2009-06-06,West Indies,West Indies,Australia,True,172
75,ADS Fletcher,MG Johnson,CH Gayle,0,0,0,133,36,53,33,1,-,3.0,11,caught,ADS Fletcher,DJ Hussey,bat,Australia,2,Kennington Oval,2009,06,Australia_West Indies_2009-06-06,West Indies,West Indies,Australia,True,172
76,CH Gayle,MG Johnson,XM Marshall,1,0,1,134,35,73,44,1,-,4.0,11,0,,,bat,Australia,2,Kennington Oval,2009,06,Australia_West Indies_2009-06-06,West Indies,West Indies,Australia,True,172
77,XM Marshall,MG Johnson,CH Gayle,1,0,1,135,34,1,1,1,-,5.0,11,0,,,bat,Australia,2,Kennington Oval,2009,06,Australia_West Indies_2009-06-06,West Indies,West Indies,Australia,True,172
78,CH Gayle,MG Johnson,XM Marshall,0,0,0,135,34,73,45,1,-,6.0,11,0,,,bat,Australia,2,Kennington Oval,2009,06,Australia_West Indies_2009-06-06,West Indies,West Indies,Australia,True,172
79,XM Marshall,SR Watson,CH Gayle,1,0,1,136,33,2,2,1,-,1.0,12,0,,,bat,Australia,2,Kennington Oval,2009,06,Australia_West Indies_2009-06-06,West Indies,West Indies,Australia,True,172
80,CH Gayle,SR Watson,XM Marshall,0,0,0,136,33,73,46,1,-,2.0,12,0,,,bat,Australia,2,Kennington Oval,2009,06,Australia_West Indies_2009-06-06,West Indies,West Indies,Australia,True,172
81,CH Gayle,SR Watson,XM Marshall,1,0,1,137,32,74,47,1,-,3.0,12,0,,,bat,Australia,2,Kennington Oval,2009,06,Australia_West Indies_2009-06-06,West Indies,West Indies,Australia,True,172
82,XM Marshall,SR Watson,CH Gayle,0,0,0,137,32,2,3,1,-,4.0,12,0,,,bat,Australia,2,Kennington Oval,2009,06,Australia_West Indies_2009-06-06,West Indies,West Indies,Australia,True,172
83,XM Marshall,SR Watson,CH Gayle,0,1,1,138,31,2,4,1,wides,4.0,12,0,,,bat,Australia,2,Kennington Oval,2009,06,Australia_West Indies_2009-06-06,West Indies,West Indies,Australia,True,172
84,XM Marshall,SR Watson,CH Gayle,1,0,1,139,30,3,5,1,-,5.0,12,0,,,bat,Australia,2,Kennington Oval,2009,06,Australia_West Indies_2009-06-06,West Indies,West Indies,Australia,True,172
85,CH Gayle,SR Watson,XM Marshall,2,0,2,141,28,76,48,1,-,6.0,12,0,,,bat,Australia,2,Kennington Oval,2009,06,Australia_West Indies_2009-06-06,West Indies,West Indies,Australia,True,172
86,XM Marshall,MJ Clarke,CH Gayle,1,0,1,142,27,4,6,1,-,1.0,13,0,,,bat,Australia,2,Kennington Oval,2009,06,Australia_West Indies_2009-06-06,West Indies,West Indies,Australia,True,172
87,CH Gayle,MJ Clarke,XM Marshall,1,0,1,143,26,77,49,1,-,2.0,13,0,,,bat,Australia,2,Kennington Oval,2009,06,Australia_West Indies_2009-06-06,West Indies,West Indies,Australia,True,172
88,XM Marshall,MJ Clarke,CH Gayle,1,0,1,144,25,5,7,1,-,3.0,13,0,,,bat,Australia,2,Kennington Oval,2009,06,Australia_West Indies_2009-06-06,West Indies,West Indies,Australia,True,172
89,CH Gayle,MJ Clarke,XM Marshall,6,0,6,150,19,83,50,1,-,4.0,13,0,,,bat,Australia,2,Kennington Oval,2009,06,Australia_West Indies_2009-06-06,West Indies,West Indies,Australia,True,172
90,CH Gayle,MJ Clarke,XM Marshall,1,0,1,151,18,84,51,1,-,5.0,13,0,,,bat,Australia,2,Kennington Oval,2009,06,Australia_West Indies_2009-06-06,West Indies,West Indies,Australia,True,172
91,XM Marshall,MJ Clarke,CH Gayle,2,0,2,153,16,7,8,1,-,6.0,13,0,,,bat,Australia,2,Kennington Oval,2009,06,Australia_West Indies_2009-06-06,West Indies,West Indies,Australia,True,172
92,CH Gayle,B Lee,XM Marshall,2,0,2,155,14,86,52,1,-,1.0,14,0,,,bat,Australia,2,Kennington Oval,2009,06,Australia_West Indies_2009-06-06,West Indies,West Indies,Australia,True,172
93,CH Gayle,B Lee,XM Marshall,2,0,2,157,12,88,53,1,-,2.0,14,0,,,bat,Australia,2,Kennington Oval,2009,06,Australia_West Indies_2009-06-06,West Indies,West Indies,Australia,True,172
94,CH Gayle,B Lee,XM Marshall,0,0,0,157,12,88,54,2,-,3.0,14,caught,CH Gayle,SR Watson,bat,Australia,2,Kennington Oval,2009,06,Australia_West Indies_2009-06-06,West Indies,West Indies,Australia,True,172
95,XM Marshall,B Lee,S Chanderpaul,0,0,0,157,12,7,9,2,-,4.0,14,0,,,bat,Australia,2,Kennington Oval,2009,06,Australia_West Indies_2009-06-06,West Indies,West Indies,Australia,True,172
96,XM Marshall,B Lee,S Chanderpaul,1,0,1,158,11,8,10,2,-,5.0,14,0,,,bat,Australia,2,Kennington Oval,2009,06,Australia_West Indies_2009-06-06,West Indies,West Indies,Australia,True,172
97,S Chanderpaul,B Lee,XM Marshall,0,4,4,162,7,0,1,2,legbyes,6.0,14,0,,,bat,Australia,2,Kennington Oval,2009,06,Australia_West Indies_2009-06-06,West Indies,West Indies,Australia,True,172
98,XM Marshall,MG Johnson,S Chanderpaul,0,0,0,162,7,8,11,2,-,1.0,15,0,,,bat,Australia,2,Kennington Oval,2009,06,Australia_West Indies_2009-06-06,West Indies,West Indies,Australia,True,172
99,XM Marshall,MG Johnson,S Chanderpaul,0,0,0,162,7,8,12,2,-,2.0,15,0,,,bat,Australia,2,Kennington Oval,2009,06,Australia_West Indies_2009-06-06,West Indies,West Indies,Australia,True,172
100,XM Marshall,MG Johnson,S Chanderpaul,0,0,0,162,7,8,13,3,-,3.0,15,caught,XM Marshall,JR Hopes,bat,Australia,2,Kennington Oval,2009,06,Australia_West Indies_2009-06-06,West Indies,West Indies,Australia,True,172
101,RR Sarwan,MG Johnson,S Chanderpaul,4,0,4,166,3,4,1,3,-,4.0,15,0,,,bat,Australia,2,Kennington Oval,2009,06,Australia_West Indies_2009-06-06,West Indies,West Indies,Australia,True,172
102,RR Sarwan,MG Johnson,S Chanderpaul,0,1,1,167,2,4,2,3,wides,4.0,15,0,,,bat,Australia,2,Kennington Oval,2009,06,Australia_West Indies_2009-06-06,West Indies,West Indies,Australia,True,172
103,RR Sarwan,MG Johnson,S Chanderpaul,0,1,1,168,1,4,3,3,wides,4.0,15,0,,,bat,Australia,2,Kennington Oval,2009,06,Australia_West Indies_2009-06-06,West Indies,West Indies,Australia,True,172
104,RR Sarwan,MG Johnson,S Chanderpaul,4,0,4,172,-3,8,4,3,-,5.0,15,0,,,bat,Australia,2,Kennington Oval,2009,06,Australia_West Indies_2009-06-06,West Indies,West Indies,Australia,True,172
