,batter,bowler,non_striker,runs_by_bat,extra_runs,total,team_total,batter_runs,balls_faced,delivery,extra_type,wicket_type,player_out,fielder,over,toss_decision,toss_winner,innings,venue,date,winning_team,batting_team,bowling_team
0,SR Watson,JE Taylor,DA Warner,0,0,0,0,0,1,1,-,0,,,1,bat,Australia,1,Kennington Oval,2009-06-06,West Indies,Australia,West Indies
1,SR Watson,JE Taylor,DA Warner,0,0,0,0,0,2,2,-,0,,,1,bat,Australia,1,Kennington Oval,2009-06-06,West Indies,Australia,West Indies
2,SR Watson,JE Taylor,DA Warner,0,1,1,1,0,3,3,wides,0,,,1,bat,Australia,1,Kennington Oval,2009-06-06,West Indies,Australia,West Indies
3,SR Watson,JE Taylor,DA Warner,0,0,0,1,0,4,4,-,caught,SR Watson,RR Sarwan,1,bat,Australia,1,Kennington Oval,2009-06-06,West Indies,Australia,West Indies
4,RT Ponting,JE Taylor,DA Warner,0,1,1,2,0,1,5,wides,0,,,1,bat,Australia,1,Kennington Oval,2009-06-06,West Indies,Australia,West Indies
5,RT Ponting,JE Taylor,DA Warner,0,1,1,3,0,2,6,wides,0,,,1,bat,Australia,1,Kennington Oval,2009-06-06,West Indies,Australia,West Indies
6,RT Ponting,JE Taylor,DA Warner,0,0,0,3,0,3,7,-,lbw,RT Ponting,,1,bat,Australia,1,Kennington Oval,2009-06-06,West Indies,Australia,West Indies
7,MJ Clarke,JE Taylor,DA Warner,0,0,0,3,0,1,8,-,0,,,1,bat,Australia,1,Kennington Oval,2009-06-06,West Indies,Australia,West Indies
8,MJ Clarke,JE Taylor,DA Warner,0,0,0,3,0,2,9,-,0,,,1,bat,Australia,1,Kennington Oval,2009-06-06,West Indies,Australia,West Indies
9,DA Warner,FH Edwards,MJ Clarke,0,0,0,3,0,1,1,-,0,,,2,bat,Australia,1,Kennington Oval,2009-06-06,West Indies,Australia,West Indies
10,DA Warner,FH Edwards,MJ Clarke,0,0,0,3,0,2,2,-,0,,,2,bat,Australia,1,Kennington Oval,2009-06-06,West Indies,Australia,West Indies
11,DA Warner,FH Edwards,MJ Clarke,0,0,0,3,0,3,3,-,0,,,2,bat,Australia,1,Kennington Oval,2009-06-06,West Indies,Australia,West Indies
12,DA Warner,FH Edwards,MJ Clarke,1,1,2,5,1,4,4,noballs,0,,,2,bat,Australia,1,Kennington Oval,2009-06-06,West Indies,Australia,West Indies
13,MJ Clarke,FH Edwards,DA Warner,1,0,1,6,1,3,5,-,0,,,2,bat,Australia,1,Kennington Oval,2009-06-06,West Indies,Australia,West Indies
14,DA Warner,FH Edwards,MJ Clarke,0,0,0,6,1,5,6,-,0,,,2,bat,Australia,1,Kennington Oval,2009-06-06,West Indies,Australia,West Indies
15,DA Warner,FH Edwards,MJ Clarke,0,0,0,6,1,6,7,-,0,,,2,bat,Australia,1,Kennington Oval,2009-06-06,West Indies,Australia,West Indies
16,MJ Clarke,JE Taylor,DA Warner,1,0,1,7,2,4,1,-,0,,,3,bat,Australia,1,Kennington Oval,2009-06-06,West Indies,Australia,West Indies
17,DA Warner,JE Taylor,MJ Clarke,0,0,0,7,1,7,2,-,0,,,3,bat,Australia,1,Kennington Oval,2009-06-06,West Indies,Australia,West Indies
18,DA Warner,JE Taylor,MJ Clarke,0,0,0,7,1,8,3,-,0,,,3,bat,Australia,1,Kennington Oval,2009-06-06,West Indies,Australia,West Indies
19,DA Warner,JE Taylor,MJ Clarke,4,0,4,11,5,9,4,-,0,,,3,bat,Australia,1,Kennington Oval,2009-06-06,West Indies,Australia,West Indies
20,DA Warner,JE Taylor,MJ Clarke,0,0,0,11,5,10,5,-,0,,,3,bat,Australia,1,Kennington Oval,2009-06-06,West Indies,Australia,West Indies
21,DA Warner,JE Taylor,MJ Clarke,4,0,4,15,9,11,6,-,0,,,3,bat,Australia,1,Kennington Oval,2009-06-06,West Indies,Australia,West Indies
22,MJ Clarke,FH Edwards,DA Warner,0,0,0,15,2,5,1,-,0,,,4,bat,Australia,1,Kennington Oval,2009-06-06,West Indies,Australia,West Indies
23,MJ Clarke,FH Edwards,DA Warner,0,0,0,15,2,6,2,-,0,,,4,bat,Australia,1,Kennington Oval,2009-06-06,West Indies,Australia,West Indies
24,MJ Clarke,FH Edwards,DA Warner,0,0,0,15,2,7,3,-,caught,MJ Clarke,SJ Benn,4,bat,Australia,1,Kennington Oval,2009-06-06,West Indies,Australia,West Indies
25,DA Warner,FH Edwards,BJ Haddin,6,0,6,21,15,12,4,-,0,,,4,bat,Australia,1,Kennington Oval,2009-06-06,West Indies,Australia,West Indies
26,DA Warner,FH Edwards,BJ Haddin,0,0,0,21,15,13,5,-,0,,,4,bat,Australia,1,Kennington Oval,2009-06-06,West Indies,Australia,West Indies
27,DA Warner,FH Edwards,BJ Haddin,1,0,1,22,16,14,6,-,0,,,4,bat,Australia,1,Kennington Oval,2009-06-06,West Indies,Australia,West Indies
28,DA Warner,DJ Bravo,BJ Haddin,0,0,0,22,16,15,1,-,0,,,5,bat,Australia,1,Kennington Oval,2009-06-06,West Indies,Australia,West Indies
29,DA Warner,DJ Bravo,BJ Haddin,4,0,4,26,20,16,2,-,0,,,5,bat,Australia,1,Kennington Oval,2009-06-06,West Indies,Australia,West Indies
30,DA Warner,DJ Bravo,BJ Haddin,0,0,0,26,20,17,3,-,0,,,5,bat,Australia,1,Kennington Oval,2009-06-06,West Indies,Australia,West Indies
31,DA Warner,DJ Bravo,BJ Haddin,0,0,0,26,20,18,4,-,0,,,5,bat,Australia,1,Kennington Oval,2009-06-06,West Indies,Australia,West Indies
32,DA Warner,DJ Bravo,BJ Haddin,1,0,1,27,21,19,5,-,0,,,5,bat,Australia,1,Kennington Oval,2009-06-06,West Indies,Australia,West Indies
33,BJ Haddin,DJ Bravo,DA Warner,0,0,0,27,0,1,6,-,0,,,5,bat,Australia,1,Kennington Oval,2009-06-06,West Indies,Australia,West Indies
34,DA Warner,FH Edwards,BJ Haddin,1,0,1,28,22,20,1,-,0,,,6,bat,Australia,1,Kennington Oval,2009-06-06,West Indies,Australia,West Indies
35,BJ Haddin,FH Edwards,DA Warner,4,0,4,32,4,2,2,-,0,,,6,bat,Australia,1,Kennington Oval,2009-06-06,West Indies,Australia,West Indies
36,BJ Haddin,FH Edwards,DA Warner,0,0,0,32,4,3,3,-,0,,,6,bat,Australia,1,Kennington Oval,2009-06-06,West Indies,Australia,West Indies
37,BJ Haddin,FH Edwards,DA Warner,1,0,1,33,5,4,4,-,0,,,6,bat,Australia,1,Kennington Oval,2009-06-06,West Indies,Australia,West Indies
38,DA Warner,FH Edwards,BJ Haddin,2,0,2,35,24,21,5,-,0,,,6,bat,Australia,1,Kennington Oval,2009-06-06,West Indies,Australia,West Indies
39,DA Warner,FH Edwards,BJ Haddin,0,0,0,35,24,22,6,-,0,,,6,bat,Australia,1,Kennington Oval,2009-06-06,West Indies,Australia,West Indies
40,BJ Haddin,SJ Benn,DA Warner,0,0,0,35,5,5,1,-,0,,,7,bat,Australia,1,Kennington Oval,2009-06-06,West Indies,Australia,West Indies
41,BJ Haddin,SJ Benn,DA Warner,0,0,0,35,5,6,2,-,0,,,7,bat,Australia,1,Kennington Oval,2009-06-06,West Indies,Australia,West Indies
42,BJ Haddin,SJ Benn,DA Warner,1,0,1,36,6,7,3,-,0,,,7,bat,Australia,1,Kennington Oval,2009-06-06,West Indies,Australia,West Indies
43,DA Warner,SJ Benn,BJ Haddin,1,0,1,37,25,23,4,-,0,,,7,bat,Australia,1,Kennington Oval,2009-06-06,West Indies,Australia,West Indies
44,BJ Haddin,SJ Benn,DA Warner,0,1,1,38,6,8,5,wides,0,,,7,bat,Australia,1,Kennington Oval,2009-06-06,West Indies,Australia,West Indies
45,BJ Haddin,SJ Benn,DA Warner,1,0,1,39,7,9,6,-,0,,,7,bat,Australia,1,Kennington Oval,2009-06-06,West Indies,Australia,West Indies
46,DA Warner,SJ Benn,BJ Haddin,1,0,1,40,26,24,7,-,0,,,7,bat,Australia,1,Kennington Oval,2009-06-06,West Indies,Australia,West Indies
47,DA Warner,DJ Bravo,BJ Haddin,4,0,4,44,30,25,1,-,0,,,8,bat,Australia,1,Kennington Oval,2009-06-06,West Indies,Australia,West Indies
48,DA Warner,DJ Bravo,BJ Haddin,2,0,2,46,32,26,2,-,0,,,8,bat,Australia,1,Kennington Oval,2009-06-06,West Indies,Australia,West Indies
49,DA Warner,DJ Bravo,BJ Haddin,1,0,1,47,33,27,3,-,0,,,8,bat,Australia,1,Kennington Oval,2009-06-06,West Indies,Australia,West Indies
50,BJ Haddin,DJ Bravo,DA Warner,1,0,1,48,8,10,4,-,0,,,8,bat,Australia,1,Kennington Oval,2009-06-06,West Indies,Australia,West Indies
51,DA Warner,DJ Bravo,BJ Haddin,1,0,1,49,34,28,5,-,0,,,8,bat,Australia,1,Kennington Oval,2009-06-06,West Indies,Australia,West Indies
52,BJ Haddin,DJ Bravo,DA Warner,1,0,1,50,9,11,6,-,0,,,8,bat,Australia,1,Kennington Oval,2009-06-06,West Indies,Australia,West Indies
53,BJ Haddin,SJ Benn,DA Warner,2,0,2,52,11,12,1,-,0,,,9,bat,Australia,1,Kennington Oval,2009-06-06,West Indies,Australia,West Indies
54,BJ Haddin,SJ Benn,DA Warner,1,0,1,53,12,13,2,-,0,,,9,bat,Australia,1,Kennington Oval,2009-06-06,West Indies,Australia,West Indies
55,DA Warner,SJ Benn,BJ Haddin,0,0,0,53,34,29,3,-,0,,,9,bat,Australia,1,Kennington Oval,2009-06-06,West Indies,Australia,West Indies
56,DA Warner,SJ Benn,BJ Haddin,1,0,1,54,35,30,4,-,0,,,9,bat,Australia,1,Kennington Oval,2009-06-06,West Indies,Australia,West Indies
57,BJ Haddin,SJ Benn,DA Warner,0,0,0,54,12,14,5,-,0,,,9,bat,Australia,1,Kennington Oval,2009-06-06,West Indies,Australia,West Indies
58,BJ Haddin,SJ Benn,DA Warner,1,0,1,55,13,15,6,-,0,,,9,bat,Australia,1,Kennington Oval,2009-06-06,West Indies,Australia,West Indies
59,BJ Haddin,CH Gayle,DA Warner,0,0,0,55,13,16,1,-,0,,,10,bat,Australia,1,Kennington Oval,2009-06-06,West Indies,Australia,West Indies
60,BJ Haddin,CH Gayle,DA Warner,1,0,1,56,14,17,2,-,0,,,10,bat,Australia,1,Kennington Oval,2009-06-06,West Indies,Australia,West Indies
61,DA Warner,CH Gayle,BJ Haddin,4,0,4,60,39,31,3,-,0,,,10,bat,Australia,1,Kennington Oval,2009-06-06,West Indies,Australia,West Indies
62,DA Warner,CH Gayle,BJ Haddin,0,0,0,60,39,32,4,-,0,,,10,bat,Australia,1,Kennington Oval,2009-06-06,West Indies,Australia,West Indies
63,DA Warner,CH Gayle,BJ Haddin,2,0,2,62,41,33,5,-,0,,,10,bat,Australia,1,Kennington Oval,2009-06-06,West Indies,Australia,West Indies
64,DA Warner,CH Gayle,BJ Haddin,1,0,1,63,42,34,6,-,0,,,10,bat,Australia,1,Kennington Oval,2009-06-06,West Indies,Australia,West Indies
65,DA Warner,SJ Benn,BJ Haddin,2,0,2,65,44,35,1,-,0,,,11,bat,Australia,1,Kennington Oval,2009-06-06,West Indies,Australia,West Indies
66,DA Warner,SJ Benn,BJ Haddin,2,0,2,67,46,36,2,-,0,,,11,bat,Australia,1,Kennington Oval,2009-06-06,West Indies,Australia,West Indies
67,DA Warner,SJ Benn,BJ Haddin,0,0,0,67,46,37,3,-,0,,,11,bat,Australia,1,Kennington Oval,2009-06-06,West Indies,Australia,West Indies
68,DA Warner,SJ Benn,BJ Haddin,0,1,1,68,46,38,4,byes,0,,,11,bat,Australia,1,Kennington Oval,2009-06-06,West Indies,Australia,West Indies
69,BJ Haddin,SJ Benn,DA Warner,6,0,6,74,20,18,5,-,0,,,11,bat,Australia,1,Kennington Oval,2009-06-06,West Indies,Australia,West Indies
70,BJ Haddin,SJ Benn,DA Warner,4,0,4,78,24,19,6,-,0,,,11,bat,Australia,1,Kennington Oval,2009-06-06,West Indies,Australia,West Indies
71,DA Warner,KA Pollard,BJ Haddin,2,0,2,80,48,39,1,-,0,,,12,bat,Australia,1,Kennington Oval,2009-06-06,West Indies,Australia,West Indies
72,DA Warner,KA Pollard,BJ Haddin,1,0,1,81,49,40,2,-,0,,,12,bat,Australia,1,Kennington Oval,2009-06-06,West Indies,Australia,West Indies
73,BJ Haddin,KA Pollard,DA Warner,0,0,0,81,24,20,3,-,caught,BJ Haddin,SJ Benn,12,bat,Australia,1,Kennington Oval,2009-06-06,West Indies,Australia,West Indies
74,DA Warner,KA Pollard,DJ Hussey,0,0,0,81,49,41,4,-,0,,,12,bat,Australia,1,Kennington Oval,2009-06-06,West Indies,Australia,West Indies
75,DA Warner,KA Pollard,DJ Hussey,1,0,1,82,50,42,5,-,0,,,12,bat,Australia,1,Kennington Oval,2009-06-06,West Indies,Australia,West Indies
76,DJ Hussey,KA Pollard,DA Warner,1,0,1,83,1,1,6,-,0,,,12,bat,Australia,1,Kennington Oval,2009-06-06,West Indies,Australia,West Indies
77,DJ Hussey,CH Gayle,DA Warner,1,0,1,84,2,2,1,-,0,,,13,bat,Australia,1,Kennington Oval,2009-06-06,West Indies,Australia,West Indies
78,DA Warner,CH Gayle,DJ Hussey,1,0,1,85,51,43,2,-,0,,,13,bat,Australia,1,Kennington Oval,2009-06-06,West Indies,Australia,West Indies
79,DJ Hussey,CH Gayle,DA Warner,1,0,1,86,3,3,3,-,0,,,13,bat,Australia,1,Kennington Oval,2009-06-06,West Indies,Australia,West Indies
80,DA Warner,CH Gayle,DJ Hussey,0,0,0,86,51,44,4,-,0,,,13,bat,Australia,1,Kennington Oval,2009-06-06,West Indies,Australia,West Indies
81,DA Warner,CH Gayle,DJ Hussey,2,0,2,88,53,45,5,-,0,,,13,bat,Australia,1,Kennington Oval,2009-06-06,West Indies,Australia,West Indies
82,DA Warner,CH Gayle,DJ Hussey,0,0,0,88,53,46,6,-,0,,,13,bat,Australia,1,Kennington Oval,2009-06-06,West Indies,Australia,West Indies
83,DJ Hussey,KA Pollard,DA Warner,1,0,1,89,4,4,1,-,0,,,14,bat,Australia,1,Kennington Oval,2009-06-06,West Indies,Australia,West Indies
84,DA Warner,KA Pollard,DJ Hussey,4,0,4,93,57,47,2,-,0,,,14,bat,Australia,1,Kennington Oval,2009-06-06,West Indies,Australia,West Indies
85,DA Warner,KA Pollard,DJ Hussey,1,0,1,94,58,48,3,-,0,,,14,bat,Australia,1,Kennington Oval,2009-06-06,West Indies,Australia,West Indies
86,DJ Hussey,KA Pollard,DA Warner,6,0,6,100,10,5,4,-,0,,,14,bat,Australia,1,Kennington Oval,2009-06-06,West Indies,Australia,West Indies
87,DJ Hussey,KA Pollard,DA Warner,0,0,0,100,10,6,5,-,0,,,14,bat,Australia,1,Kennington Oval,2009-06-06,West Indies,Australia,West Indies
88,DJ Hussey,KA Pollard,DA Warner,0,0,0,100,10,7,6,-,0,,,14,bat,Australia,1,Kennington Oval,2009-06-06,West Indies,Australia,West Indies
89,DA Warner,SJ Benn,DJ Hussey,3,0,3,103,61,49,1,-,0,,,15,bat,Australia,1,Kennington Oval,2009-06-06,West Indies,Australia,West Indies
90,DJ Hussey,SJ Benn,DA Warner,0,0,0,103,10,8,2,-,0,,,15,bat,Australia,1,Kennington Oval,2009-06-06,West Indies,Australia,West Indies
91,DJ Hussey,SJ Benn,DA Warner,6,0,6,109,16,9,3,-,0,,,15,bat,Australia,1,Kennington Oval,2009-06-06,West Indies,Australia,West Indies
92,DJ Hussey,SJ Benn,DA Warner,1,0,1,110,17,10,4,-,0,,,15,bat,Australia,1,Kennington Oval,2009-06-06,West Indies,Australia,West Indies
93,DA Warner,SJ Benn,DJ Hussey,0,0,0,110,61,50,5,-,0,,,15,bat,Australia,1,Kennington Oval,2009-06-06,West Indies,Australia,West Indies
94,DA Warner,SJ Benn,DJ Hussey,1,0,1,111,62,51,6,-,0,,,15,bat,Australia,1,Kennington Oval,2009-06-06,West Indies,Australia,West Indies
95,DA Warner,DJ Bravo,DJ Hussey,1,0,1,112,63,52,1,-,0,,,16,bat,Australia,1,Kennington Oval,2009-06-06,West Indies,Australia,West Indies
96,DJ Hussey,DJ Bravo,DA Warner,1,0,1,113,18,11,2,-,0,,,16,bat,Australia,1,Kennington Oval,2009-06-06,West Indies,Australia,West Indies
97,DA Warner,DJ Bravo,DJ Hussey,0,0,0,113,63,53,3,-,caught,DA Warner,SJ Benn,16,bat,Australia,1,Kennington Oval,2009-06-06,West Indies,Australia,West Indies
98,MEK Hussey,DJ Bravo,DJ Hussey,0,1,1,114,0,1,4,wides,0,,,16,bat,Australia,1,Kennington Oval,2009-06-06,West Indies,Australia,West Indies
99,MEK Hussey,DJ Bravo,DJ Hussey,0,1,1,115,0,2,5,wides,0,,,16,bat,Australia,1,Kennington Oval,2009-06-06,West Indies,Australia,West Indies
100,MEK Hussey,DJ Bravo,DJ Hussey,4,0,4,119,4,3,6,-,0,,,16,bat,Australia,1,Kennington Oval,2009-06-06,West Indies,Australia,West Indies
101,MEK Hussey,DJ Bravo,DJ Hussey,0,0,0,119,4,4,7,-,0,,,16,bat,Australia,1,Kennington Oval,2009-06-06,West Indies,Australia,West Indies
102,MEK Hussey,DJ Bravo,DJ Hussey,0,1,1,120,4,5,8,legbyes,0,,,16,bat,Australia,1,Kennington Oval,2009-06-06,West Indies,Australia,West Indies
103,MEK Hussey,JE Taylor,DJ Hussey,1,0,1,121,5,6,1,-,0,,,17,bat,Australia,1,Kennington Oval,2009-06-06,West Indies,Australia,West Indies
104,DJ Hussey,JE Taylor,MEK Hussey,0,0,0,121,18,12,2,-,0,,,17,bat,Australia,1,Kennington Oval,2009-06-06,West Indies,Australia,West Indies
105,DJ Hussey,JE Taylor,MEK Hussey,6,0,6,127,24,13,3,-,0,,,17,bat,Australia,1,Kennington Oval,2009-06-06,West Indies,Australia,West Indies
106,DJ Hussey,JE Taylor,MEK Hussey,1,0,1,128,25,14,4,-,0,,,17,bat,Australia,1,Kennington Oval,2009-06-06,West Indies,Australia,West Indies
107,MEK Hussey,JE Taylor,DJ Hussey,2,0,2,130,7,7,5,-,0,,,17,bat,Australia,1,Kennington Oval,2009-06-06,West Indies,Australia,West Indies
108,MEK Hussey,JE Taylor,DJ Hussey,0,1,1,131,7,8,6,wides,0,,,17,bat,Australia,1,Kennington Oval,2009-06-06,West Indies,Australia,West Indies
109,MEK Hussey,JE Taylor,DJ Hussey,1,0,1,132,8,9,7,-,0,,,17,bat,Australia,1,Kennington Oval,2009-06-06,West Indies,Australia,West Indies
110,MEK Hussey,DJ Bravo,DJ Hussey,0,4,4,136,8,10,1,legbyes,0,,,18,bat,Australia,1,Kennington Oval,2009-06-06,West Indies,Australia,West Indies
111,MEK Hussey,DJ Bravo,DJ Hussey,4,0,4,140,12,11,2,-,0,,,18,bat,Australia,1,Kennington Oval,2009-06-06,West Indies,Australia,West Indies
112,MEK Hussey,DJ Bravo,DJ Hussey,1,0,1,141,13,12,3,-,0,,,18,bat,Australia,1,Kennington Oval,2009-06-06,West Indies,Australia,West Indies
113,DJ Hussey,DJ Bravo,MEK Hussey,2,0,2,143,27,15,4,-,0,,,18,bat,Australia,1,Kennington Oval,2009-06-06,West Indies,Australia,West Indies
114,DJ Hussey,DJ Bravo,MEK Hussey,0,0,0,143,27,16,5,-,caught,DJ Hussey,ADS Fletcher,18,bat,Australia,1,Kennington Oval,2009-06-06,West Indies,Australia,West Indies
115,MG Johnson,DJ Bravo,MEK Hussey,1,0,1,144,1,1,6,-,0,,,18,bat,Australia,1,Kennington Oval,2009-06-06,West Indies,Australia,West Indies
116,MG Johnson,JE Taylor,MEK Hussey,1,0,1,145,2,2,1,-,0,,,19,bat,Australia,1,Kennington Oval,2009-06-06,West Indies,Australia,West Indies
117,MEK Hussey,JE Taylor,MG Johnson,1,0,1,146,14,13,2,-,0,,,19,bat,Australia,1,Kennington Oval,2009-06-06,West Indies,Australia,West Indies
118,MG Johnson,JE Taylor,MEK Hussey,2,0,2,148,4,3,3,-,0,,,19,bat,Australia,1,Kennington Oval,2009-06-06,West Indies,Australia,West Indies
119,MG Johnson,JE Taylor,MEK Hussey,0,0,0,148,4,4,4,-,0,,,19,bat,Australia,1,Kennington Oval,2009-06-06,West Indies,Australia,West Indies
120,MG Johnson,JE Taylor,MEK Hussey,4,0,4,152,8,5,5,-,0,,,19,bat,Australia,1,Kennington Oval,2009-06-06,West Indies,Australia,West Indies
121,MG Johnson,JE Taylor,MEK Hussey,1,0,1,153,9,6,6,-,0,,,19,bat,Australia,1,Kennington Oval,2009-06-06,West Indies,Australia,West Indies
122,MG Johnson,FH Edwards,MEK Hussey,0,0,0,153,9,7,1,-,caught,MG Johnson,DJ Bravo,20,bat,Australia,1,Kennington Oval,2009-06-06,West Indies,Australia,West Indies
123,MEK Hussey,FH Edwards,B Lee,1,0,1,154,15,14,2,-,0,,,20,bat,Australia,1,Kennington Oval,2009-06-06,West Indies,Australia,West Indies
124,B Lee,FH Edwards,MEK Hussey,1,0,1,155,1,1,3,-,0,,,20,bat,Australia,1,Kennington Oval,2009-06-06,West Indies,Australia,West Indies
125,MEK Hussey,FH Edwards,B Lee,2,0,2,157,17,15,4,-,0,,,20,bat,Australia,1,Kennington Oval,2009-06-06,West Indies,Australia,West Indies
126,MEK Hussey,FH Edwards,B Lee,6,1,7,164,23,16,5,noballs,0,,,20,bat,Australia,1,Kennington Oval,2009-06-06,West Indies,Australia,West Indies
127,MEK Hussey,FH Edwards,B Lee,4,0,4,168,27,17,6,-,0,,,20,bat,Australia,1,Kennington Oval,2009-06-06,West Indies,Australia,West Indies
128,MEK Hussey,FH Edwards,B Lee,1,0,1,169,28,18,7,-,0,,,20,bat,Australia,1,Kennington Oval,2009-06-06,West Indies,Australia,West Indies
