,batter,bowler,non_striker,runs_by_bat,extra_runs,total,team_total,runs_remain,batter_runs,balls_faced,wickets_fallen,delivery,over,extra_type,wicket_type,player_out,fielder,toss_decision,toss_winner,innings,venue,year,month,match_id,winning_team,batting_team,bowling_team
0,WTS Porterfield,AD Mathews,NJ O'Brien,0,0,0,0,144,0,1,0,1,1,-,0,,,bat,Sri Lanka,2,Lord's,2009,06,Ireland_Sri Lanka_2009-06-14,Sri Lanka,Ireland,Sri Lanka
1,WTS Porterfield,AD Mathews,NJ O'Brien,0,0,0,0,144,0,2,0,2,1,-,0,,,bat,Sri Lanka,2,Lord's,2009,06,Ireland_Sri Lanka_2009-06-14,Sri Lanka,Ireland,Sri Lanka
2,WTS Porterfield,AD Mathews,NJ O'Brien,0,0,0,0,144,0,3,0,3,1,-,0,,,bat,Sri Lanka,2,Lord's,2009,06,Ireland_Sri Lanka_2009-06-14,Sri Lanka,Ireland,Sri Lanka
3,WTS Porterfield,AD Mathews,NJ O'Brien,0,0,0,0,144,0,4,0,4,1,-,0,,,bat,Sri Lanka,2,Lord's,2009,06,Ireland_Sri Lanka_2009-06-14,Sri Lanka,Ireland,Sri Lanka
4,WTS Porterfield,AD Mathews,NJ O'Brien,4,0,4,4,140,4,5,0,5,1,-,0,,,bat,Sri Lanka,2,Lord's,2009,06,Ireland_Sri Lanka_2009-06-14,Sri Lanka,Ireland,Sri Lanka
5,WTS Porterfield,AD Mathews,NJ O'Brien,1,0,1,5,139,5,6,0,6,1,-,0,,,bat,Sri Lanka,2,Lord's,2009,06,Ireland_Sri Lanka_2009-06-14,Sri Lanka,Ireland,Sri Lanka
6,WTS Porterfield,KMDN Kulasekara,NJ O'Brien,0,0,0,5,139,5,7,0,1,2,-,0,,,bat,Sri Lanka,2,Lord's,2009,06,Ireland_Sri Lanka_2009-06-14,Sri Lanka,Ireland,Sri Lanka
7,WTS Porterfield,KMDN Kulasekara,NJ O'Brien,0,0,0,5,139,5,8,0,2,2,-,0,,,bat,Sri Lanka,2,Lord's,2009,06,Ireland_Sri Lanka_2009-06-14,Sri Lanka,Ireland,Sri Lanka
8,WTS Porterfield,KMDN Kulasekara,NJ O'Brien,0,0,0,5,139,5,9,0,3,2,-,0,,,bat,Sri Lanka,2,Lord's,2009,06,Ireland_Sri Lanka_2009-06-14,Sri Lanka,Ireland,Sri Lanka
9,WTS Porterfield,KMDN Kulasekara,NJ O'Brien,0,0,0,5,139,5,10,0,4,2,-,0,,,bat,Sri Lanka,2,Lord's,2009,06,Ireland_Sri Lanka_2009-06-14,Sri Lanka,Ireland,Sri Lanka
10,WTS Porterfield,KMDN Kulasekara,NJ O'Brien,4,0,4,9,135,9,11,0,5,2,-,0,,,bat,Sri Lanka,2,Lord's,2009,06,Ireland_Sri Lanka_2009-06-14,Sri Lanka,Ireland,Sri Lanka
11,WTS Porterfield,KMDN Kulasekara,NJ O'Brien,2,0,2,11,133,11,12,0,6,2,-,0,,,bat,Sri Lanka,2,Lord's,2009,06,Ireland_Sri Lanka_2009-06-14,Sri Lanka,Ireland,Sri Lanka
12,NJ O'Brien,AD Mathews,WTS Porterfield,0,0,0,11,133,0,1,0,1,3,-,0,,,bat,Sri Lanka,2,Lord's,2009,06,Ireland_Sri Lanka_2009-06-14,Sri Lanka,Ireland,Sri Lanka
13,NJ O'Brien,AD Mathews,WTS Porterfield,0,0,0,11,133,0,2,0,2,3,-,0,,,bat,Sri Lanka,2,Lord's,2009,06,Ireland_Sri Lanka_2009-06-14,Sri Lanka,Ireland,Sri Lanka
14,NJ O'Brien,AD Mathews,WTS Porterfield,1,0,1,12,132,1,3,0,3,3,-,0,,,bat,Sri Lanka,2,Lord's,2009,06,Ireland_Sri Lanka_2009-06-14,Sri Lanka,Ireland,Sri Lanka
15,WTS Porterfield,AD Mathews,NJ O'Brien,3,0,3,15,129,14,13,0,4,3,-,0,,,bat,Sri Lanka,2,Lord's,2009,06,Ireland_Sri Lanka_2009-06-14,Sri Lanka,Ireland,Sri Lanka
16,NJ O'Brien,AD Mathews,WTS Porterfield,0,0,0,15,129,1,4,0,5,3,-,0,,,bat,Sri Lanka,2,Lord's,2009,06,Ireland_Sri Lanka_2009-06-14,Sri Lanka,Ireland,Sri Lanka
17,NJ O'Brien,AD Mathews,WTS Porterfield,4,0,4,19,125,5,5,0,6,3,-,0,,,bat,Sri Lanka,2,Lord's,2009,06,Ireland_Sri Lanka_2009-06-14,Sri Lanka,Ireland,Sri Lanka
18,WTS Porterfield,KMDN Kulasekara,NJ O'Brien,1,0,1,20,124,15,14,0,1,4,-,0,,,bat,Sri Lanka,2,Lord's,2009,06,Ireland_Sri Lanka_2009-06-14,Sri Lanka,Ireland,Sri Lanka
19,NJ O'Brien,KMDN Kulasekara,WTS Porterfield,0,0,0,20,124,5,6,0,2,4,-,0,,,bat,Sri Lanka,2,Lord's,2009,06,Ireland_Sri Lanka_2009-06-14,Sri Lanka,Ireland,Sri Lanka
20,NJ O'Brien,KMDN Kulasekara,WTS Porterfield,1,0,1,21,123,6,7,0,3,4,-,0,,,bat,Sri Lanka,2,Lord's,2009,06,Ireland_Sri Lanka_2009-06-14,Sri Lanka,Ireland,Sri Lanka
21,WTS Porterfield,KMDN Kulasekara,NJ O'Brien,0,0,0,21,123,15,15,0,4,4,-,0,,,bat,Sri Lanka,2,Lord's,2009,06,Ireland_Sri Lanka_2009-06-14,Sri Lanka,Ireland,Sri Lanka
22,WTS Porterfield,KMDN Kulasekara,NJ O'Brien,4,0,4,25,119,19,16,0,5,4,-,0,,,bat,Sri Lanka,2,Lord's,2009,06,Ireland_Sri Lanka_2009-06-14,Sri Lanka,Ireland,Sri Lanka
23,WTS Porterfield,KMDN Kulasekara,NJ O'Brien,4,0,4,29,115,23,17,0,6,4,-,0,,,bat,Sri Lanka,2,Lord's,2009,06,Ireland_Sri Lanka_2009-06-14,Sri Lanka,Ireland,Sri Lanka
24,NJ O'Brien,BAW Mendis,WTS Porterfield,0,0,0,29,115,6,8,0,1,5,-,0,,,bat,Sri Lanka,2,Lord's,2009,06,Ireland_Sri Lanka_2009-06-14,Sri Lanka,Ireland,Sri Lanka
25,NJ O'Brien,BAW Mendis,WTS Porterfield,1,0,1,30,114,7,9,0,2,5,-,0,,,bat,Sri Lanka,2,Lord's,2009,06,Ireland_Sri Lanka_2009-06-14,Sri Lanka,Ireland,Sri Lanka
26,WTS Porterfield,BAW Mendis,NJ O'Brien,1,0,1,31,113,24,18,0,3,5,-,0,,,bat,Sri Lanka,2,Lord's,2009,06,Ireland_Sri Lanka_2009-06-14,Sri Lanka,Ireland,Sri Lanka
27,NJ O'Brien,BAW Mendis,WTS Porterfield,0,0,0,31,113,7,10,0,4,5,-,0,,,bat,Sri Lanka,2,Lord's,2009,06,Ireland_Sri Lanka_2009-06-14,Sri Lanka,Ireland,Sri Lanka
28,NJ O'Brien,BAW Mendis,WTS Porterfield,0,0,0,31,113,7,11,0,5,5,-,0,,,bat,Sri Lanka,2,Lord's,2009,06,Ireland_Sri Lanka_2009-06-14,Sri Lanka,Ireland,Sri Lanka
29,NJ O'Brien,BAW Mendis,WTS Porterfield,0,1,1,32,112,7,12,0,6,5,wides,0,,,bat,Sri Lanka,2,Lord's,2009,06,Ireland_Sri Lanka_2009-06-14,Sri Lanka,Ireland,Sri Lanka
30,NJ O'Brien,BAW Mendis,WTS Porterfield,0,0,0,32,112,7,13,0,7,5,-,0,,,bat,Sri Lanka,2,Lord's,2009,06,Ireland_Sri Lanka_2009-06-14,Sri Lanka,Ireland,Sri Lanka
31,WTS Porterfield,SL Malinga,NJ O'Brien,0,0,0,32,112,24,19,0,1,6,-,0,,,bat,Sri Lanka,2,Lord's,2009,06,Ireland_Sri Lanka_2009-06-14,Sri Lanka,Ireland,Sri Lanka
32,WTS Porterfield,SL Malinga,NJ O'Brien,0,0,0,32,112,24,20,0,2,6,-,0,,,bat,Sri Lanka,2,Lord's,2009,06,Ireland_Sri Lanka_2009-06-14,Sri Lanka,Ireland,Sri Lanka
33,WTS Porterfield,SL Malinga,NJ O'Brien,0,0,0,32,112,24,21,0,3,6,-,0,,,bat,Sri Lanka,2,Lord's,2009,06,Ireland_Sri Lanka_2009-06-14,Sri Lanka,Ireland,Sri Lanka
34,WTS Porterfield,SL Malinga,NJ O'Brien,0,1,1,33,111,24,22,0,4,6,wides,0,,,bat,Sri Lanka,2,Lord's,2009,06,Ireland_Sri Lanka_2009-06-14,Sri Lanka,Ireland,Sri Lanka
35,WTS Porterfield,SL Malinga,NJ O'Brien,4,0,4,37,107,28,23,0,5,6,-,0,,,bat,Sri Lanka,2,Lord's,2009,06,Ireland_Sri Lanka_2009-06-14,Sri Lanka,Ireland,Sri Lanka
36,WTS Porterfield,SL Malinga,NJ O'Brien,0,0,0,37,107,28,24,0,6,6,-,0,,,bat,Sri Lanka,2,Lord's,2009,06,Ireland_Sri Lanka_2009-06-14,Sri Lanka,Ireland,Sri Lanka
37,WTS Porterfield,SL Malinga,NJ O'Brien,0,0,0,37,107,28,25,0,7,6,-,0,,,bat,Sri Lanka,2,Lord's,2009,06,Ireland_Sri Lanka_2009-06-14,Sri Lanka,Ireland,Sri Lanka
38,NJ O'Brien,BAW Mendis,WTS Porterfield,0,1,1,38,106,7,14,0,1,7,legbyes,0,,,bat,Sri Lanka,2,Lord's,2009,06,Ireland_Sri Lanka_2009-06-14,Sri Lanka,Ireland,Sri Lanka
39,WTS Porterfield,BAW Mendis,NJ O'Brien,1,0,1,39,105,29,26,0,2,7,-,0,,,bat,Sri Lanka,2,Lord's,2009,06,Ireland_Sri Lanka_2009-06-14,Sri Lanka,Ireland,Sri Lanka
40,NJ O'Brien,BAW Mendis,WTS Porterfield,0,0,0,39,105,7,15,0,3,7,-,0,,,bat,Sri Lanka,2,Lord's,2009,06,Ireland_Sri Lanka_2009-06-14,Sri Lanka,Ireland,Sri Lanka
41,NJ O'Brien,BAW Mendis,WTS Porterfield,0,0,0,39,105,7,16,0,4,7,-,0,,,bat,Sri Lanka,2,Lord's,2009,06,Ireland_Sri Lanka_2009-06-14,Sri Lanka,Ireland,Sri Lanka
42,NJ O'Brien,BAW Mendis,WTS Porterfield,4,0,4,43,101,11,17,0,5,7,-,0,,,bat,Sri Lanka,2,Lord's,2009,06,Ireland_Sri Lanka_2009-06-14,Sri Lanka,Ireland,Sri Lanka
43,NJ O'Brien,BAW Mendis,WTS Porterfield,1,0,1,44,100,12,18,0,6,7,-,0,,,bat,Sri Lanka,2,Lord's,2009,06,Ireland_Sri Lanka_2009-06-14,Sri Lanka,Ireland,Sri Lanka
44,NJ O'Brien,M Muralitharan,WTS Porterfield,1,0,1,45,99,13,19,0,1,8,-,0,,,bat,Sri Lanka,2,Lord's,2009,06,Ireland_Sri Lanka_2009-06-14,Sri Lanka,Ireland,Sri Lanka
45,WTS Porterfield,M Muralitharan,NJ O'Brien,0,0,0,45,99,29,27,0,2,8,-,0,,,bat,Sri Lanka,2,Lord's,2009,06,Ireland_Sri Lanka_2009-06-14,Sri Lanka,Ireland,Sri Lanka
46,WTS Porterfield,M Muralitharan,NJ O'Brien,1,0,1,46,98,30,28,0,3,8,-,0,,,bat,Sri Lanka,2,Lord's,2009,06,Ireland_Sri Lanka_2009-06-14,Sri Lanka,Ireland,Sri Lanka
47,NJ O'Brien,M Muralitharan,WTS Porterfield,1,0,1,47,97,14,20,0,4,8,-,0,,,bat,Sri Lanka,2,Lord's,2009,06,Ireland_Sri Lanka_2009-06-14,Sri Lanka,Ireland,Sri Lanka
48,WTS Porterfield,M Muralitharan,NJ O'Brien,1,0,1,48,96,31,29,0,5,8,-,0,,,bat,Sri Lanka,2,Lord's,2009,06,Ireland_Sri Lanka_2009-06-14,Sri Lanka,Ireland,Sri Lanka
49,NJ O'Brien,M Muralitharan,WTS Porterfield,1,0,1,49,95,15,21,0,6,8,-,0,,,bat,Sri Lanka,2,Lord's,2009,06,Ireland_Sri Lanka_2009-06-14,Sri Lanka,Ireland,Sri Lanka
50,NJ O'Brien,AD Mathews,WTS Porterfield,0,0,0,49,95,15,22,0,1,9,-,0,,,bat,Sri Lanka,2,Lord's,2009,06,Ireland_Sri Lanka_2009-06-14,Sri Lanka,Ireland,Sri Lanka
51,NJ O'Brien,AD Mathews,WTS Porterfield,2,0,2,51,93,17,23,0,2,9,-,0,,,bat,Sri Lanka,2,Lord's,2009,06,Ireland_Sri Lanka_2009-06-14,Sri Lanka,Ireland,Sri Lanka
52,NJ O'Brien,AD Mathews,WTS Porterfield,0,0,0,51,93,17,24,0,3,9,-,0,,,bat,Sri Lanka,2,Lord's,2009,06,Ireland_Sri Lanka_2009-06-14,Sri Lanka,Ireland,Sri Lanka
53,NJ O'Brien,AD Mathews,WTS Porterfield,4,0,4,55,89,21,25,0,4,9,-,0,,,bat,Sri Lanka,2,Lord's,2009,06,Ireland_Sri Lanka_2009-06-14,Sri Lanka,Ireland,Sri Lanka
54,NJ O'Brien,AD Mathews,WTS Porterfield,4,0,4,59,85,25,26,0,5,9,-,0,,,bat,Sri Lanka,2,Lord's,2009,06,Ireland_Sri Lanka_2009-06-14,Sri Lanka,Ireland,Sri Lanka
55,NJ O'Brien,AD Mathews,WTS Porterfield,0,0,0,59,85,25,27,0,6,9,-,0,,,bat,Sri Lanka,2,Lord's,2009,06,Ireland_Sri Lanka_2009-06-14,Sri Lanka,Ireland,Sri Lanka
56,WTS Porterfield,M Muralitharan,NJ O'Brien,0,0,0,59,85,31,30,1,1,10,-,caught,WTS Porterfield,KC Sangakkara,bat,Sri Lanka,2,Lord's,2009,06,Ireland_Sri Lanka_2009-06-14,Sri Lanka,Ireland,Sri Lanka
57,AR White,M Muralitharan,NJ O'Brien,0,0,0,59,85,0,1,1,2,10,-,0,,,bat,Sri Lanka,2,Lord's,2009,06,Ireland_Sri Lanka_2009-06-14,Sri Lanka,Ireland,Sri Lanka
58,AR White,M Muralitharan,NJ O'Brien,0,0,0,59,85,0,2,1,3,10,-,0,,,bat,Sri Lanka,2,Lord's,2009,06,Ireland_Sri Lanka_2009-06-14,Sri Lanka,Ireland,Sri Lanka
59,AR White,M Muralitharan,NJ O'Brien,0,0,0,59,85,0,3,1,4,10,-,0,,,bat,Sri Lanka,2,Lord's,2009,06,Ireland_Sri Lanka_2009-06-14,Sri Lanka,Ireland,Sri Lanka
60,AR White,M Muralitharan,NJ O'Brien,1,0,1,60,84,1,4,1,5,10,-,0,,,bat,Sri Lanka,2,Lord's,2009,06,Ireland_Sri Lanka_2009-06-14,Sri Lanka,Ireland,Sri Lanka
61,NJ O'Brien,M Muralitharan,AR White,0,0,0,60,84,25,28,1,6,10,-,0,,,bat,Sri Lanka,2,Lord's,2009,06,Ireland_Sri Lanka_2009-06-14,Sri Lanka,Ireland,Sri Lanka
62,AR White,ST Jayasuriya,NJ O'Brien,0,0,0,60,84,1,5,1,1,11,-,0,,,bat,Sri Lanka,2,Lord's,2009,06,Ireland_Sri Lanka_2009-06-14,Sri Lanka,Ireland,Sri Lanka
63,AR White,ST Jayasuriya,NJ O'Brien,1,0,1,61,83,2,6,1,2,11,-,0,,,bat,Sri Lanka,2,Lord's,2009,06,Ireland_Sri Lanka_2009-06-14,Sri Lanka,Ireland,Sri Lanka
64,NJ O'Brien,ST Jayasuriya,AR White,3,0,3,64,80,28,29,1,3,11,-,0,,,bat,Sri Lanka,2,Lord's,2009,06,Ireland_Sri Lanka_2009-06-14,Sri Lanka,Ireland,Sri Lanka
65,AR White,ST Jayasuriya,NJ O'Brien,2,0,2,66,78,4,7,1,4,11,-,0,,,bat,Sri Lanka,2,Lord's,2009,06,Ireland_Sri Lanka_2009-06-14,Sri Lanka,Ireland,Sri Lanka
66,AR White,ST Jayasuriya,NJ O'Brien,1,0,1,67,77,5,8,1,5,11,-,0,,,bat,Sri Lanka,2,Lord's,2009,06,Ireland_Sri Lanka_2009-06-14,Sri Lanka,Ireland,Sri Lanka
67,NJ O'Brien,ST Jayasuriya,AR White,0,0,0,67,77,28,30,1,6,11,-,0,,,bat,Sri Lanka,2,Lord's,2009,06,Ireland_Sri Lanka_2009-06-14,Sri Lanka,Ireland,Sri Lanka
68,AR White,M Muralitharan,NJ O'Brien,1,0,1,68,76,6,9,1,1,12,-,0,,,bat,Sri Lanka,2,Lord's,2009,06,Ireland_Sri Lanka_2009-06-14,Sri Lanka,Ireland,Sri Lanka
69,NJ O'Brien,M Muralitharan,AR White,1,0,1,69,75,29,31,1,2,12,-,0,,,bat,Sri Lanka,2,Lord's,2009,06,Ireland_Sri Lanka_2009-06-14,Sri Lanka,Ireland,Sri Lanka
70,AR White,M Muralitharan,NJ O'Brien,1,0,1,70,74,7,10,1,3,12,-,0,,,bat,Sri Lanka,2,Lord's,2009,06,Ireland_Sri Lanka_2009-06-14,Sri Lanka,Ireland,Sri Lanka
71,NJ O'Brien,M Muralitharan,AR White,0,1,1,71,73,29,32,1,4,12,legbyes,0,,,bat,Sri Lanka,2,Lord's,2009,06,Ireland_Sri Lanka_2009-06-14,Sri Lanka,Ireland,Sri Lanka
72,AR White,M Muralitharan,NJ O'Brien,1,0,1,72,72,8,11,1,5,12,-,0,,,bat,Sri Lanka,2,Lord's,2009,06,Ireland_Sri Lanka_2009-06-14,Sri Lanka,Ireland,Sri Lanka
73,NJ O'Brien,M Muralitharan,AR White,0,0,0,72,72,29,33,1,6,12,-,0,,,bat,Sri Lanka,2,Lord's,2009,06,Ireland_Sri Lanka_2009-06-14,Sri Lanka,Ireland,Sri Lanka
74,AR White,SL Malinga,NJ O'Brien,0,0,0,72,72,8,12,1,1,13,-,0,,,bat,Sri Lanka,2,Lord's,2009,06,Ireland_Sri Lanka_2009-06-14,Sri Lanka,Ireland,Sri Lanka
75,AR White,SL Malinga,NJ O'Brien,1,0,1,73,71,9,13,1,2,13,-,0,,,bat,Sri Lanka,2,Lord's,2009,06,Ireland_Sri Lanka_2009-06-14,Sri Lanka,Ireland,Sri Lanka
76,NJ O'Brien,SL Malinga,AR White,0,1,1,74,70,29,34,1,3,13,byes,0,,,bat,Sri Lanka,2,Lord's,2009,06,Ireland_Sri Lanka_2009-06-14,Sri Lanka,Ireland,Sri Lanka
77,AR White,SL Malinga,NJ O'Brien,0,0,0,74,70,9,14,1,4,13,-,0,,,bat,Sri Lanka,2,Lord's,2009,06,Ireland_Sri Lanka_2009-06-14,Sri Lanka,Ireland,Sri Lanka
78,AR White,SL Malinga,NJ O'Brien,0,0,0,74,70,9,15,1,5,13,-,0,,,bat,Sri Lanka,2,Lord's,2009,06,Ireland_Sri Lanka_2009-06-14,Sri Lanka,Ireland,Sri Lanka
79,AR White,SL Malinga,NJ O'Brien,1,0,1,75,69,10,16,1,6,13,-,0,,,bat,Sri Lanka,2,Lord's,2009,06,Ireland_Sri Lanka_2009-06-14,Sri Lanka,Ireland,Sri Lanka
80,AR White,KMDN Kulasekara,NJ O'Brien,2,0,2,77,67,12,17,1,1,14,-,0,,,bat,Sri Lanka,2,Lord's,2009,06,Ireland_Sri Lanka_2009-06-14,Sri Lanka,Ireland,Sri Lanka
81,AR White,KMDN Kulasekara,NJ O'Brien,6,0,6,83,61,18,18,1,2,14,-,0,,,bat,Sri Lanka,2,Lord's,2009,06,Ireland_Sri Lanka_2009-06-14,Sri Lanka,Ireland,Sri Lanka
82,AR White,KMDN Kulasekara,NJ O'Brien,4,0,4,87,57,22,19,1,3,14,-,0,,,bat,Sri Lanka,2,Lord's,2009,06,Ireland_Sri Lanka_2009-06-14,Sri Lanka,Ireland,Sri Lanka
83,AR White,KMDN Kulasekara,NJ O'Brien,0,0,0,87,57,22,20,1,4,14,-,0,,,bat,Sri Lanka,2,Lord's,2009,06,Ireland_Sri Lanka_2009-06-14,Sri Lanka,Ireland,Sri Lanka
84,AR White,KMDN Kulasekara,NJ O'Brien,0,0,0,87,57,22,21,2,5,14,-,caught,AR White,KC Sangakkara,bat,Sri Lanka,2,Lord's,2009,06,Ireland_Sri Lanka_2009-06-14,Sri Lanka,Ireland,Sri Lanka
85,NJ O'Brien,KMDN Kulasekara,KJ O'Brien,1,0,1,88,56,30,35,2,6,14,-,0,,,bat,Sri Lanka,2,Lord's,2009,06,Ireland_Sri Lanka_2009-06-14,Sri Lanka,Ireland,Sri Lanka
86,NJ O'Brien,BAW Mendis,KJ O'Brien,0,1,1,89,55,30,36,2,1,15,legbyes,0,,,bat,Sri Lanka,2,Lord's,2009,06,Ireland_Sri Lanka_2009-06-14,Sri Lanka,Ireland,Sri Lanka
87,KJ O'Brien,BAW Mendis,NJ O'Brien,0,0,0,89,55,0,1,2,2,15,-,0,,,bat,Sri Lanka,2,Lord's,2009,06,Ireland_Sri Lanka_2009-06-14,Sri Lanka,Ireland,Sri Lanka
88,KJ O'Brien,BAW Mendis,NJ O'Brien,0,0,0,89,55,0,2,3,3,15,-,caught,KJ O'Brien,TM Dilshan,bat,Sri Lanka,2,Lord's,2009,06,Ireland_Sri Lanka_2009-06-14,Sri Lanka,Ireland,Sri Lanka
89,NJ O'Brien,BAW Mendis,JF Mooney,1,0,1,90,54,31,37,3,4,15,-,0,,,bat,Sri Lanka,2,Lord's,2009,06,Ireland_Sri Lanka_2009-06-14,Sri Lanka,Ireland,Sri Lanka
90,JF Mooney,BAW Mendis,NJ O'Brien,1,0,1,91,53,1,1,3,5,15,-,0,,,bat,Sri Lanka,2,Lord's,2009,06,Ireland_Sri Lanka_2009-06-14,Sri Lanka,Ireland,Sri Lanka
91,NJ O'Brien,BAW Mendis,JF Mooney,0,0,0,91,53,31,38,4,6,15,-,stumped,NJ O'Brien,KC Sangakkara,bat,Sri Lanka,2,Lord's,2009,06,Ireland_Sri Lanka_2009-06-14,Sri Lanka,Ireland,Sri Lanka
92,JF Mooney,M Muralitharan,DT Johnston,0,0,0,91,53,1,2,4,1,16,-,0,,,bat,Sri Lanka,2,Lord's,2009,06,Ireland_Sri Lanka_2009-06-14,Sri Lanka,Ireland,Sri Lanka
93,JF Mooney,M Muralitharan,DT Johnston,0,0,0,91,53,1,3,4,2,16,-,0,,,bat,Sri Lanka,2,Lord's,2009,06,Ireland_Sri Lanka_2009-06-14,Sri Lanka,Ireland,Sri Lanka
94,JF Mooney,M Muralitharan,DT Johnston,2,0,2,93,51,3,4,4,3,16,-,0,,,bat,Sri Lanka,2,Lord's,2009,06,Ireland_Sri Lanka_2009-06-14,Sri Lanka,Ireland,Sri Lanka
95,JF Mooney,M Muralitharan,DT Johnston,1,0,1,94,50,4,5,4,4,16,-,0,,,bat,Sri Lanka,2,Lord's,2009,06,Ireland_Sri Lanka_2009-06-14,Sri Lanka,Ireland,Sri Lanka
96,DT Johnston,M Muralitharan,JF Mooney,0,0,0,94,50,0,1,4,5,16,-,0,,,bat,Sri Lanka,2,Lord's,2009,06,Ireland_Sri Lanka_2009-06-14,Sri Lanka,Ireland,Sri Lanka
97,DT Johnston,M Muralitharan,JF Mooney,0,0,0,94,50,0,2,4,6,16,-,0,,,bat,Sri Lanka,2,Lord's,2009,06,Ireland_Sri Lanka_2009-06-14,Sri Lanka,Ireland,Sri Lanka
98,JF Mooney,BAW Mendis,DT Johnston,0,0,0,94,50,4,6,4,1,17,-,0,,,bat,Sri Lanka,2,Lord's,2009,06,Ireland_Sri Lanka_2009-06-14,Sri Lanka,Ireland,Sri Lanka
99,JF Mooney,BAW Mendis,DT Johnston,1,0,1,95,49,5,7,4,2,17,-,0,,,bat,Sri Lanka,2,Lord's,2009,06,Ireland_Sri Lanka_2009-06-14,Sri Lanka,Ireland,Sri Lanka
100,DT Johnston,BAW Mendis,JF Mooney,1,0,1,96,48,1,3,4,3,17,-,0,,,bat,Sri Lanka,2,Lord's,2009,06,Ireland_Sri Lanka_2009-06-14,Sri Lanka,Ireland,Sri Lanka
101,JF Mooney,BAW Mendis,DT Johnston,1,0,1,97,47,6,8,4,4,17,-,0,,,bat,Sri Lanka,2,Lord's,2009,06,Ireland_Sri Lanka_2009-06-14,Sri Lanka,Ireland,Sri Lanka
102,DT Johnston,BAW Mendis,JF Mooney,6,0,6,103,41,7,4,4,5,17,-,0,,,bat,Sri Lanka,2,Lord's,2009,06,Ireland_Sri Lanka_2009-06-14,Sri Lanka,Ireland,Sri Lanka
103,DT Johnston,BAW Mendis,JF Mooney,2,0,2,105,39,9,5,4,6,17,-,0,,,bat,Sri Lanka,2,Lord's,2009,06,Ireland_Sri Lanka_2009-06-14,Sri Lanka,Ireland,Sri Lanka
104,JF Mooney,SL Malinga,DT Johnston,1,0,1,106,38,7,9,4,1,18,-,0,,,bat,Sri Lanka,2,Lord's,2009,06,Ireland_Sri Lanka_2009-06-14,Sri Lanka,Ireland,Sri Lanka
105,DT Johnston,SL Malinga,JF Mooney,0,0,0,106,38,9,6,5,2,18,-,bowled,DT Johnston,,bat,Sri Lanka,2,Lord's,2009,06,Ireland_Sri Lanka_2009-06-14,Sri Lanka,Ireland,Sri Lanka
106,AC Botha,SL Malinga,JF Mooney,0,0,0,106,38,0,1,6,3,18,-,bowled,AC Botha,,bat,Sri Lanka,2,Lord's,2009,06,Ireland_Sri Lanka_2009-06-14,Sri Lanka,Ireland,Sri Lanka
107,AR Cusack,SL Malinga,JF Mooney,2,0,2,108,36,2,1,6,4,18,-,0,,,bat,Sri Lanka,2,Lord's,2009,06,Ireland_Sri Lanka_2009-06-14,Sri Lanka,Ireland,Sri Lanka
108,AR Cusack,SL Malinga,JF Mooney,0,0,0,108,36,2,2,6,5,18,-,0,,,bat,Sri Lanka,2,Lord's,2009,06,Ireland_Sri Lanka_2009-06-14,Sri Lanka,Ireland,Sri Lanka
109,AR Cusack,SL Malinga,JF Mooney,0,1,1,109,35,2,3,6,6,18,wides,0,,,bat,Sri Lanka,2,Lord's,2009,06,Ireland_Sri Lanka_2009-06-14,Sri Lanka,Ireland,Sri Lanka
110,AR Cusack,SL Malinga,JF Mooney,0,0,0,109,35,2,4,6,7,18,-,0,,,bat,Sri Lanka,2,Lord's,2009,06,Ireland_Sri Lanka_2009-06-14,Sri Lanka,Ireland,Sri Lanka
111,JF Mooney,KMDN Kulasekara,AR Cusack,4,0,4,113,31,11,10,6,1,19,-,0,,,bat,Sri Lanka,2,Lord's,2009,06,Ireland_Sri Lanka_2009-06-14,Sri Lanka,Ireland,Sri Lanka
112,JF Mooney,KMDN Kulasekara,AR Cusack,0,0,0,113,31,11,11,6,2,19,-,0,,,bat,Sri Lanka,2,Lord's,2009,06,Ireland_Sri Lanka_2009-06-14,Sri Lanka,Ireland,Sri Lanka
113,JF Mooney,KMDN Kulasekara,AR Cusack,4,0,4,117,27,15,12,6,3,19,-,0,,,bat,Sri Lanka,2,Lord's,2009,06,Ireland_Sri Lanka_2009-06-14,Sri Lanka,Ireland,Sri Lanka
114,JF Mooney,KMDN Kulasekara,AR Cusack,2,0,2,119,25,17,13,6,4,19,-,0,,,bat,Sri Lanka,2,Lord's,2009,06,Ireland_Sri Lanka_2009-06-14,Sri Lanka,Ireland,Sri Lanka
115,JF Mooney,KMDN Kulasekara,AR Cusack,4,0,4,123,21,21,14,6,5,19,-,0,,,bat,Sri Lanka,2,Lord's,2009,06,Ireland_Sri Lanka_2009-06-14,Sri Lanka,Ireland,Sri Lanka
116,JF Mooney,KMDN Kulasekara,AR Cusack,2,1,3,126,18,23,15,6,6,19,noballs,0,,,bat,Sri Lanka,2,Lord's,2009,06,Ireland_Sri Lanka_2009-06-14,Sri Lanka,Ireland,Sri Lanka
117,JF Mooney,KMDN Kulasekara,AR Cusack,1,0,1,127,17,24,16,6,7,19,-,0,,,bat,Sri Lanka,2,Lord's,2009,06,Ireland_Sri Lanka_2009-06-14,Sri Lanka,Ireland,Sri Lanka
118,JF Mooney,SL Malinga,AR Cusack,0,0,0,127,17,24,17,6,1,20,-,0,,,bat,Sri Lanka,2,Lord's,2009,06,Ireland_Sri Lanka_2009-06-14,Sri Lanka,Ireland,Sri Lanka
119,JF Mooney,SL Malinga,AR Cusack,2,0,2,129,15,26,18,6,2,20,-,0,,,bat,Sri Lanka,2,Lord's,2009,06,Ireland_Sri Lanka_2009-06-14,Sri Lanka,Ireland,Sri Lanka
120,JF Mooney,SL Malinga,AR Cusack,0,0,0,129,15,26,19,7,3,20,-,run out,AR Cusack,KC Sangakkara,bat,Sri Lanka,2,Lord's,2009,06,Ireland_Sri Lanka_2009-06-14,Sri Lanka,Ireland,Sri Lanka
121,RM West,SL Malinga,JF Mooney,1,0,1,130,14,1,1,7,4,20,-,0,,,bat,Sri Lanka,2,Lord's,2009,06,Ireland_Sri Lanka_2009-06-14,Sri Lanka,Ireland,Sri Lanka
122,JF Mooney,SL Malinga,RM West,4,0,4,134,10,30,20,7,5,20,-,0,,,bat,Sri Lanka,2,Lord's,2009,06,Ireland_Sri Lanka_2009-06-14,Sri Lanka,Ireland,Sri Lanka
123,JF Mooney,SL Malinga,RM West,1,0,1,135,9,31,21,7,6,20,-,0,,,bat,Sri Lanka,2,Lord's,2009,06,Ireland_Sri Lanka_2009-06-14,Sri Lanka,Ireland,Sri Lanka
