,batter,bowler,non_striker,runs_by_bat,extra_runs,total_runs_delivery,current_team_total,runs_remain,batter_runs,balls_faced,wickets_fallen,delivery,extra_type,over,wicket_type,player_out,fielder,toss_decision,toss_winner,innings,venue,year,month,match_id,winning_team,batting_team,bowling_team,won,final_team_total
0,CH Gayle,SW Tait,TM Dowlin,0,0,0,0,,0,1,0,1,-,0,0,,,bat,West Indies,1,Sydney Cricket Ground,2010,02,Australia_West Indies_2010-02-23,Australia,West Indies,Australia,False,138
1,CH Gayle,SW Tait,TM Dowlin,1,0,1,1,,1,2,0,2,-,0,0,,,bat,West Indies,1,Sydney Cricket Ground,2010,02,Australia_West Indies_2010-02-23,Australia,West Indies,Australia,False,138
2,TM Dowlin,SW Tait,CH Gayle,0,1,1,2,,0,1,0,3,legbyes,0,0,,,bat,West Indies,1,Sydney Cricket Ground,2010,02,Australia_West Indies_2010-02-23,Australia,West Indies,Australia,False,138
3,CH Gayle,SW Tait,TM Dowlin,0,2,2,4,,1,3,0,4,wides,0,0,,,bat,West Indies,1,Sydney Cricket Ground,2010,02,Australia_West Indies_2010-02-23,Australia,West Indies,Australia,False,138
4,TM Dowlin,SW Tait,CH Gayle,4,0,4,8,,4,2,0,5,-,0,0,,,bat,West Indies,1,Sydney Cricket Ground,2010,02,Australia_West Indies_2010-02-23,Australia,West Indies,Australia,False,138
5,TM Dowlin,SW Tait,CH Gayle,2,0,2,10,,6,3,0,6,-,0,0,,,bat,West Indies,1,Sydney Cricket Ground,2010,02,Australia_West Indies_2010-02-23,Australia,West Indies,Australia,False,138
6,TM Dowlin,SW Tait,CH Gayle,0,0,0,10,,6,4,0,7,-,0,0,,,bat,West Indies,1,Sydney Cricket Ground,2010,02,Australia_West Indies_2010-02-23,Australia,West Indies,Australia,False,138
7,CH Gayle,RJ Harris,TM Dowlin,0,1,1,11,,1,4,0,1,wides,1,0,,,bat,West Indies,1,Sydney Cricket Ground,2010,02,Australia_West Indies_2010-02-23,Australia,West Indies,Australia,False,138
8,CH Gayle,RJ Harris,TM Dowlin,0,0,0,11,,1,5,0,2,-,1,0,,,bat,West Indies,1,Sydney Cricket Ground,2010,02,Australia_West Indies_2010-02-23,Australia,West Indies,Australia,False,138
9,CH Gayle,RJ Harris,TM Dowlin,0,0,0,11,,1,6,0,3,-,1,0,,,bat,West Indies,1,Sydney Cricket Ground,2010,02,Australia_West Indies_2010-02-23,Australia,West Indies,Australia,False,138
10,CH Gayle,RJ Harris,TM Dowlin,1,0,1,12,,2,7,0,4,-,1,0,,,bat,West Indies,1,Sydney Cricket Ground,2010,02,Australia_West Indies_2010-02-23,Australia,West Indies,Australia,False,138
11,TM Dowlin,RJ Harris,CH Gayle,0,0,0,12,,6,5,0,5,-,1,0,,,bat,West Indies,1,Sydney Cricket Ground,2010,02,Australia_West Indies_2010-02-23,Australia,West Indies,Australia,False,138
12,TM Dowlin,RJ Harris,CH Gayle,0,0,0,12,,6,6,0,6,-,1,0,,,bat,West Indies,1,Sydney Cricket Ground,2010,02,Australia_West Indies_2010-02-23,Australia,West Indies,Australia,False,138
13,TM Dowlin,RJ Harris,CH Gayle,2,0,2,14,,8,7,0,7,-,1,0,,,bat,West Indies,1,Sydney Cricket Ground,2010,02,Australia_West Indies_2010-02-23,Australia,West Indies,Australia,False,138
14,CH Gayle,SW Tait,TM Dowlin,0,0,0,14,,2,8,0,1,-,2,0,,,bat,West Indies,1,Sydney Cricket Ground,2010,02,Australia_West Indies_2010-02-23,Australia,West Indies,Australia,False,138
15,CH Gayle,SW Tait,TM Dowlin,0,0,0,14,,2,9,0,2,-,2,0,,,bat,West Indies,1,Sydney Cricket Ground,2010,02,Australia_West Indies_2010-02-23,Australia,West Indies,Australia,False,138
16,CH Gayle,SW Tait,TM Dowlin,0,1,1,15,,2,10,0,3,wides,2,0,,,bat,West Indies,1,Sydney Cricket Ground,2010,02,Australia_West Indies_2010-02-23,Australia,West Indies,Australia,False,138
17,CH Gayle,SW Tait,TM Dowlin,0,0,0,15,,2,11,0,4,-,2,0,,,bat,West Indies,1,Sydney Cricket Ground,2010,02,Australia_West Indies_2010-02-23,Australia,West Indies,Australia,False,138
18,CH Gayle,SW Tait,TM Dowlin,0,0,0,15,,2,12,0,5,-,2,0,,,bat,West Indies,1,Sydney Cricket Ground,2010,02,Australia_West Indies_2010-02-23,Australia,West Indies,Australia,False,138
19,CH Gayle,SW Tait,TM Dowlin,0,0,0,15,,2,13,0,6,-,2,0,,,bat,West Indies,1,Sydney Cricket Ground,2010,02,Australia_West Indies_2010-02-23,Australia,West Indies,Australia,False,138
20,CH Gayle,SW Tait,TM Dowlin,0,0,0,15,,2,14,0,7,-,2,0,,,bat,West Indies,1,Sydney Cricket Ground,2010,02,Australia_West Indies_2010-02-23,Australia,West Indies,Australia,False,138
21,TM Dowlin,RJ Harris,CH Gayle,1,0,1,16,,9,8,0,1,-,3,0,,,bat,West Indies,1,Sydney Cricket Ground,2010,02,Australia_West Indies_2010-02-23,Australia,West Indies,Australia,False,138
22,CH Gayle,RJ Harris,TM Dowlin,4,0,4,20,,6,15,0,2,-,3,0,,,bat,West Indies,1,Sydney Cricket Ground,2010,02,Australia_West Indies_2010-02-23,Australia,West Indies,Australia,False,138
23,CH Gayle,RJ Harris,TM Dowlin,6,0,6,26,,12,16,0,3,-,3,0,,,bat,West Indies,1,Sydney Cricket Ground,2010,02,Australia_West Indies_2010-02-23,Australia,West Indies,Australia,False,138
24,CH Gayle,RJ Harris,TM Dowlin,0,0,0,26,,12,17,1,4,-,3,caught,CH Gayle,SPD Smith,bat,West Indies,1,Sydney Cricket Ground,2010,02,Australia_West Indies_2010-02-23,Australia,West Indies,Australia,False,138
25,TM Dowlin,RJ Harris,RS Morton,1,0,1,27,,10,9,1,5,-,3,0,,,bat,West Indies,1,Sydney Cricket Ground,2010,02,Australia_West Indies_2010-02-23,Australia,West Indies,Australia,False,138
26,RS Morton,RJ Harris,TM Dowlin,0,0,0,27,,0,1,2,6,-,3,caught,RS Morton,CL White,bat,West Indies,1,Sydney Cricket Ground,2010,02,Australia_West Indies_2010-02-23,Australia,West Indies,Australia,False,138
27,TM Dowlin,MG Johnson,KA Pollard,0,0,0,27,,10,10,2,1,-,4,0,,,bat,West Indies,1,Sydney Cricket Ground,2010,02,Australia_West Indies_2010-02-23,Australia,West Indies,Australia,False,138
28,TM Dowlin,MG Johnson,KA Pollard,2,0,2,29,,12,11,2,2,-,4,0,,,bat,West Indies,1,Sydney Cricket Ground,2010,02,Australia_West Indies_2010-02-23,Australia,West Indies,Australia,False,138
29,TM Dowlin,MG Johnson,KA Pollard,0,0,0,29,,12,12,2,3,-,4,0,,,bat,West Indies,1,Sydney Cricket Ground,2010,02,Australia_West Indies_2010-02-23,Australia,West Indies,Australia,False,138
30,TM Dowlin,MG Johnson,KA Pollard,4,0,4,33,,16,13,2,4,-,4,0,,,bat,West Indies,1,Sydney Cricket Ground,2010,02,Australia_West Indies_2010-02-23,Australia,West Indies,Australia,False,138
31,TM Dowlin,MG Johnson,KA Pollard,0,0,0,33,,16,14,2,5,-,4,0,,,bat,West Indies,1,Sydney Cricket Ground,2010,02,Australia_West Indies_2010-02-23,Australia,West Indies,Australia,False,138
32,TM Dowlin,MG Johnson,KA Pollard,1,0,1,34,,17,15,2,6,-,4,0,,,bat,West Indies,1,Sydney Cricket Ground,2010,02,Australia_West Indies_2010-02-23,Australia,West Indies,Australia,False,138
33,TM Dowlin,RJ Harris,KA Pollard,0,0,0,34,,17,16,2,1,-,5,0,,,bat,West Indies,1,Sydney Cricket Ground,2010,02,Australia_West Indies_2010-02-23,Australia,West Indies,Australia,False,138
34,TM Dowlin,RJ Harris,KA Pollard,0,0,0,34,,17,17,2,2,-,5,0,,,bat,West Indies,1,Sydney Cricket Ground,2010,02,Australia_West Indies_2010-02-23,Australia,West Indies,Australia,False,138
35,TM Dowlin,RJ Harris,KA Pollard,1,0,1,35,,18,18,2,3,-,5,0,,,bat,West Indies,1,Sydney Cricket Ground,2010,02,Australia_West Indies_2010-02-23,Australia,West Indies,Australia,False,138
36,KA Pollard,RJ Harris,TM Dowlin,0,0,0,35,,0,1,2,4,-,5,0,,,bat,West Indies,1,Sydney Cricket Ground,2010,02,Australia_West Indies_2010-02-23,Australia,West Indies,Australia,False,138
37,KA Pollard,RJ Harris,TM Dowlin,0,0,0,35,,0,2,2,5,-,5,0,,,bat,West Indies,1,Sydney Cricket Ground,2010,02,Australia_West Indies_2010-02-23,Australia,West Indies,Australia,False,138
38,KA Pollard,RJ Harris,TM Dowlin,0,0,0,35,,0,3,2,6,-,5,0,,,bat,West Indies,1,Sydney Cricket Ground,2010,02,Australia_West Indies_2010-02-23,Australia,West Indies,Australia,False,138
39,TM Dowlin,MG Johnson,KA Pollard,0,1,1,36,,18,19,2,1,wides,6,0,,,bat,West Indies,1,Sydney Cricket Ground,2010,02,Australia_West Indies_2010-02-23,Australia,West Indies,Australia,False,138
40,TM Dowlin,MG Johnson,KA Pollard,0,0,0,36,,18,20,2,2,-,6,0,,,bat,West Indies,1,Sydney Cricket Ground,2010,02,Australia_West Indies_2010-02-23,Australia,West Indies,Australia,False,138
41,TM Dowlin,MG Johnson,KA Pollard,0,0,0,36,,18,21,2,3,-,6,0,,,bat,West Indies,1,Sydney Cricket Ground,2010,02,Australia_West Indies_2010-02-23,Australia,West Indies,Australia,False,138
42,TM Dowlin,MG Johnson,KA Pollard,1,0,1,37,,19,22,2,4,-,6,0,,,bat,West Indies,1,Sydney Cricket Ground,2010,02,Australia_West Indies_2010-02-23,Australia,West Indies,Australia,False,138
43,KA Pollard,MG Johnson,TM Dowlin,0,0,0,37,,0,4,2,5,-,6,0,,,bat,West Indies,1,Sydney Cricket Ground,2010,02,Australia_West Indies_2010-02-23,Australia,West Indies,Australia,False,138
44,KA Pollard,MG Johnson,TM Dowlin,1,0,1,38,,1,5,2,6,-,6,0,,,bat,West Indies,1,Sydney Cricket Ground,2010,02,Australia_West Indies_2010-02-23,Australia,West Indies,Australia,False,138
45,TM Dowlin,MG Johnson,KA Pollard,4,0,4,42,,23,23,2,7,-,6,0,,,bat,West Indies,1,Sydney Cricket Ground,2010,02,Australia_West Indies_2010-02-23,Australia,West Indies,Australia,False,138
46,KA Pollard,SR Watson,TM Dowlin,1,0,1,43,,2,6,2,1,-,7,0,,,bat,West Indies,1,Sydney Cricket Ground,2010,02,Australia_West Indies_2010-02-23,Australia,West Indies,Australia,False,138
47,TM Dowlin,SR Watson,KA Pollard,1,0,1,44,,24,24,2,2,-,7,0,,,bat,West Indies,1,Sydney Cricket Ground,2010,02,Australia_West Indies_2010-02-23,Australia,West Indies,Australia,False,138
48,KA Pollard,SR Watson,TM Dowlin,2,0,2,46,,4,7,2,3,-,7,0,,,bat,West Indies,1,Sydney Cricket Ground,2010,02,Australia_West Indies_2010-02-23,Australia,West Indies,Australia,False,138
49,KA Pollard,SR Watson,TM Dowlin,1,0,1,47,,5,8,2,4,-,7,0,,,bat,West Indies,1,Sydney Cricket Ground,2010,02,Australia_West Indies_2010-02-23,Australia,West Indies,Australia,False,138
50,TM Dowlin,SR Watson,KA Pollard,0,3,3,50,,24,25,2,5,legbyes,7,0,,,bat,West Indies,1,Sydney Cricket Ground,2010,02,Australia_West Indies_2010-02-23,Australia,West Indies,Australia,False,138
51,KA Pollard,SR Watson,TM Dowlin,0,0,0,50,,5,9,3,6,-,7,bowled,KA Pollard,,bat,West Indies,1,Sydney Cricket Ground,2010,02,Australia_West Indies_2010-02-23,Australia,West Indies,Australia,False,138
52,TM Dowlin,MG Johnson,WW Hinds,1,0,1,51,,25,26,3,1,-,8,0,,,bat,West Indies,1,Sydney Cricket Ground,2010,02,Australia_West Indies_2010-02-23,Australia,West Indies,Australia,False,138
53,WW Hinds,MG Johnson,TM Dowlin,0,0,0,51,,0,1,3,2,-,8,0,,,bat,West Indies,1,Sydney Cricket Ground,2010,02,Australia_West Indies_2010-02-23,Australia,West Indies,Australia,False,138
54,WW Hinds,MG Johnson,TM Dowlin,0,0,0,51,,0,2,4,3,-,8,run out,WW Hinds,CL White;SPD Smith,bat,West Indies,1,Sydney Cricket Ground,2010,02,Australia_West Indies_2010-02-23,Australia,West Indies,Australia,False,138
55,TM Dowlin,MG Johnson,DR Smith,0,0,0,51,,25,27,4,4,-,8,0,,,bat,West Indies,1,Sydney Cricket Ground,2010,02,Australia_West Indies_2010-02-23,Australia,West Indies,Australia,False,138
56,TM Dowlin,MG Johnson,DR Smith,1,0,1,52,,26,28,4,5,-,8,0,,,bat,West Indies,1,Sydney Cricket Ground,2010,02,Australia_West Indies_2010-02-23,Australia,West Indies,Australia,False,138
57,DR Smith,MG Johnson,TM Dowlin,0,0,0,52,,0,1,4,6,-,8,0,,,bat,West Indies,1,Sydney Cricket Ground,2010,02,Australia_West Indies_2010-02-23,Australia,West Indies,Australia,False,138
58,TM Dowlin,SR Watson,DR Smith,1,0,1,53,,27,29,4,1,-,9,0,,,bat,West Indies,1,Sydney Cricket Ground,2010,02,Australia_West Indies_2010-02-23,Australia,West Indies,Australia,False,138
59,DR Smith,SR Watson,TM Dowlin,2,0,2,55,,2,2,4,2,-,9,0,,,bat,West Indies,1,Sydney Cricket Ground,2010,02,Australia_West Indies_2010-02-23,Australia,West Indies,Australia,False,138
60,DR Smith,SR Watson,TM Dowlin,1,0,1,56,,3,3,4,3,-,9,0,,,bat,West Indies,1,Sydney Cricket Ground,2010,02,Australia_West Indies_2010-02-23,Australia,West Indies,Australia,False,138
61,TM Dowlin,SR Watson,DR Smith,1,0,1,57,,28,30,4,4,-,9,0,,,bat,West Indies,1,Sydney Cricket Ground,2010,02,Australia_West Indies_2010-02-23,Australia,West Indies,Australia,False,138
62,DR Smith,SR Watson,TM Dowlin,2,0,2,59,,5,4,4,5,-,9,0,,,bat,West Indies,1,Sydney Cricket Ground,2010,02,Australia_West Indies_2010-02-23,Australia,West Indies,Australia,False,138
63,DR Smith,SR Watson,TM Dowlin,0,0,0,59,,5,5,4,6,-,9,0,,,bat,West Indies,1,Sydney Cricket Ground,2010,02,Australia_West Indies_2010-02-23,Australia,West Indies,Australia,False,138
64,TM Dowlin,DT Christian,DR Smith,1,0,1,60,,29,31,4,1,-,10,0,,,bat,West Indies,1,Sydney Cricket Ground,2010,02,Australia_West Indies_2010-02-23,Australia,West Indies,Australia,False,138
65,DR Smith,DT Christian,TM Dowlin,0,0,0,60,,5,6,4,2,-,10,0,,,bat,West Indies,1,Sydney Cricket Ground,2010,02,Australia_West Indies_2010-02-23,Australia,West Indies,Australia,False,138
66,DR Smith,DT Christian,TM Dowlin,1,0,1,61,,6,7,4,3,-,10,0,,,bat,West Indies,1,Sydney Cricket Ground,2010,02,Australia_West Indies_2010-02-23,Australia,West Indies,Australia,False,138
67,TM Dowlin,DT Christian,DR Smith,2,0,2,63,,31,32,4,4,-,10,0,,,bat,West Indies,1,Sydney Cricket Ground,2010,02,Australia_West Indies_2010-02-23,Australia,West Indies,Australia,False,138
68,TM Dowlin,DT Christian,DR Smith,0,0,0,63,,31,33,5,5,-,10,caught,TM Dowlin,SPD Smith,bat,West Indies,1,Sydney Cricket Ground,2010,02,Australia_West Indies_2010-02-23,Australia,West Indies,Australia,False,138
69,DR Smith,DT Christian,N Deonarine,1,0,1,64,,7,8,5,6,-,10,0,,,bat,West Indies,1,Sydney Cricket Ground,2010,02,Australia_West Indies_2010-02-23,Australia,West Indies,Australia,False,138
70,DR Smith,SPD Smith,N Deonarine,1,0,1,65,,8,9,5,1,-,11,0,,,bat,West Indies,1,Sydney Cricket Ground,2010,02,Australia_West Indies_2010-02-23,Australia,West Indies,Australia,False,138
71,N Deonarine,SPD Smith,DR Smith,0,0,0,65,,0,1,5,2,-,11,0,,,bat,West Indies,1,Sydney Cricket Ground,2010,02,Australia_West Indies_2010-02-23,Australia,West Indies,Australia,False,138
72,N Deonarine,SPD Smith,DR Smith,2,0,2,67,,2,2,5,3,-,11,0,,,bat,West Indies,1,Sydney Cricket Ground,2010,02,Australia_West Indies_2010-02-23,Australia,West Indies,Australia,False,138
73,N Deonarine,SPD Smith,DR Smith,4,0,4,71,,6,3,5,4,-,11,0,,,bat,West Indies,1,Sydney Cricket Ground,2010,02,Australia_West Indies_2010-02-23,Australia,West Indies,Australia,False,138
74,N Deonarine,SPD Smith,DR Smith,2,0,2,73,,8,4,5,5,-,11,0,,,bat,West Indies,1,Sydney Cricket Ground,2010,02,Australia_West Indies_2010-02-23,Australia,West Indies,Australia,False,138
75,N Deonarine,SPD Smith,DR Smith,4,0,4,77,,12,5,5,6,-,11,0,,,bat,West Indies,1,Sydney Cricket Ground,2010,02,Australia_West Indies_2010-02-23,Australia,West Indies,Australia,False,138
76,DR Smith,DT Christian,N Deonarine,0,0,0,77,,8,10,6,1,-,12,caught,DR Smith,DA Warner,bat,West Indies,1,Sydney Cricket Ground,2010,02,Australia_West Indies_2010-02-23,Australia,West Indies,Australia,False,138
77,N Deonarine,DT Christian,D Ramdin,1,0,1,78,,13,6,6,2,-,12,0,,,bat,West Indies,1,Sydney Cricket Ground,2010,02,Australia_West Indies_2010-02-23,Australia,West Indies,Australia,False,138
78,D Ramdin,DT Christian,N Deonarine,0,0,0,78,,0,1,6,3,-,12,0,,,bat,West Indies,1,Sydney Cricket Ground,2010,02,Australia_West Indies_2010-02-23,Australia,West Indies,Australia,False,138
79,D Ramdin,DT Christian,N Deonarine,1,0,1,79,,1,2,6,4,-,12,0,,,bat,West Indies,1,Sydney Cricket Ground,2010,02,Australia_West Indies_2010-02-23,Australia,West Indies,Australia,False,138
80,N Deonarine,DT Christian,D Ramdin,1,0,1,80,,14,7,6,5,-,12,0,,,bat,West Indies,1,Sydney Cricket Ground,2010,02,Australia_West Indies_2010-02-23,Australia,West Indies,Australia,False,138
81,D Ramdin,DT Christian,N Deonarine,0,0,0,80,,1,3,6,6,-,12,0,,,bat,West Indies,1,Sydney Cricket Ground,2010,02,Australia_West Indies_2010-02-23,Australia,West Indies,Australia,False,138
82,N Deonarine,MG Johnson,D Ramdin,1,0,1,81,,15,8,6,1,-,13,0,,,bat,West Indies,1,Sydney Cricket Ground,2010,02,Australia_West Indies_2010-02-23,Australia,West Indies,Australia,False,138
83,D Ramdin,MG Johnson,N Deonarine,1,0,1,82,,2,4,6,2,-,13,0,,,bat,West Indies,1,Sydney Cricket Ground,2010,02,Australia_West Indies_2010-02-23,Australia,West Indies,Australia,False,138
84,N Deonarine,MG Johnson,D Ramdin,0,0,0,82,,15,9,6,3,-,13,0,,,bat,West Indies,1,Sydney Cricket Ground,2010,02,Australia_West Indies_2010-02-23,Australia,West Indies,Australia,False,138
85,N Deonarine,MG Johnson,D Ramdin,1,0,1,83,,16,10,6,4,-,13,0,,,bat,West Indies,1,Sydney Cricket Ground,2010,02,Australia_West Indies_2010-02-23,Australia,West Indies,Australia,False,138
86,D Ramdin,MG Johnson,N Deonarine,2,0,2,85,,4,5,6,5,-,13,0,,,bat,West Indies,1,Sydney Cricket Ground,2010,02,Australia_West Indies_2010-02-23,Australia,West Indies,Australia,False,138
87,D Ramdin,MG Johnson,N Deonarine,1,0,1,86,,5,6,6,6,-,13,0,,,bat,West Indies,1,Sydney Cricket Ground,2010,02,Australia_West Indies_2010-02-23,Australia,West Indies,Australia,False,138
88,D Ramdin,DT Christian,N Deonarine,0,0,0,86,,5,7,6,1,-,14,0,,,bat,West Indies,1,Sydney Cricket Ground,2010,02,Australia_West Indies_2010-02-23,Australia,West Indies,Australia,False,138
89,D Ramdin,DT Christian,N Deonarine,1,0,1,87,,6,8,6,2,-,14,0,,,bat,West Indies,1,Sydney Cricket Ground,2010,02,Australia_West Indies_2010-02-23,Australia,West Indies,Australia,False,138
90,N Deonarine,DT Christian,D Ramdin,1,0,1,88,,17,11,6,3,-,14,0,,,bat,West Indies,1,Sydney Cricket Ground,2010,02,Australia_West Indies_2010-02-23,Australia,West Indies,Australia,False,138
91,D Ramdin,DT Christian,N Deonarine,1,0,1,89,,7,9,6,4,-,14,0,,,bat,West Indies,1,Sydney Cricket Ground,2010,02,Australia_West Indies_2010-02-23,Australia,West Indies,Australia,False,138
92,N Deonarine,DT Christian,D Ramdin,0,0,0,89,,17,12,6,5,-,14,0,,,bat,West Indies,1,Sydney Cricket Ground,2010,02,Australia_West Indies_2010-02-23,Australia,West Indies,Australia,False,138
93,N Deonarine,DT Christian,D Ramdin,0,0,0,89,,17,13,6,6,-,14,0,,,bat,West Indies,1,Sydney Cricket Ground,2010,02,Australia_West Indies_2010-02-23,Australia,West Indies,Australia,False,138
94,D Ramdin,SR Watson,N Deonarine,1,0,1,90,,8,10,6,1,-,15,0,,,bat,West Indies,1,Sydney Cricket Ground,2010,02,Australia_West Indies_2010-02-23,Australia,West Indies,Australia,False,138
95,N Deonarine,SR Watson,D Ramdin,0,0,0,90,,17,14,6,2,-,15,0,,,bat,West Indies,1,Sydney Cricket Ground,2010,02,Australia_West Indies_2010-02-23,Australia,West Indies,Australia,False,138
96,N Deonarine,SR Watson,D Ramdin,0,1,1,91,,17,15,6,3,legbyes,15,0,,,bat,West Indies,1,Sydney Cricket Ground,2010,02,Australia_West Indies_2010-02-23,Australia,West Indies,Australia,False,138
97,D Ramdin,SR Watson,N Deonarine,1,0,1,92,,9,11,6,4,-,15,0,,,bat,West Indies,1,Sydney Cricket Ground,2010,02,Australia_West Indies_2010-02-23,Australia,West Indies,Australia,False,138
98,N Deonarine,SR Watson,D Ramdin,0,0,0,92,,17,16,6,5,-,15,0,,,bat,West Indies,1,Sydney Cricket Ground,2010,02,Australia_West Indies_2010-02-23,Australia,West Indies,Australia,False,138
99,N Deonarine,SR Watson,D Ramdin,1,0,1,93,,18,17,6,6,-,15,0,,,bat,West Indies,1,Sydney Cricket Ground,2010,02,Australia_West Indies_2010-02-23,Australia,West Indies,Australia,False,138
100,N Deonarine,SW Tait,D Ramdin,4,0,4,97,,22,18,6,1,-,16,0,,,bat,West Indies,1,Sydney Cricket Ground,2010,02,Australia_West Indies_2010-02-23,Australia,West Indies,Australia,False,138
101,N Deonarine,SW Tait,D Ramdin,1,0,1,98,,23,19,6,2,-,16,0,,,bat,West Indies,1,Sydney Cricket Ground,2010,02,Australia_West Indies_2010-02-23,Australia,West Indies,Australia,False,138
102,D Ramdin,SW Tait,N Deonarine,0,0,0,98,,9,12,7,3,-,16,caught,D Ramdin,DA Warner,bat,West Indies,1,Sydney Cricket Ground,2010,02,Australia_West Indies_2010-02-23,Australia,West Indies,Australia,False,138
103,DJG Sammy,SW Tait,N Deonarine,0,1,1,99,,0,1,7,4,wides,16,0,,,bat,West Indies,1,Sydney Cricket Ground,2010,02,Australia_West Indies_2010-02-23,Australia,West Indies,Australia,False,138
104,DJG Sammy,SW Tait,N Deonarine,1,0,1,100,,1,2,7,5,-,16,0,,,bat,West Indies,1,Sydney Cricket Ground,2010,02,Australia_West Indies_2010-02-23,Australia,West Indies,Australia,False,138
105,N Deonarine,SW Tait,DJG Sammy,0,0,0,100,,23,20,7,6,-,16,0,,,bat,West Indies,1,Sydney Cricket Ground,2010,02,Australia_West Indies_2010-02-23,Australia,West Indies,Australia,False,138
