,batter,bowler,non_striker,runs_by_bat,extra_runs,total,team_total,batter_runs,balls_faced,delivery,over,extra_type,wicket_type,player_out,fielder,toss_decision,toss_winner,innings,venue,date,batting_team,bowling_team
0,SR Watson,KMDN Kulasekara,DA Warner,1,0,1,1,1,1,1,1,-,0,,,field,Australia,2,Pallekele International Cricket Stadium,2011-08-06,Australia,Sri Lanka
1,DA Warner,KMDN Kulasekara,SR Watson,1,0,1,2,1,1,2,1,-,0,,,field,Australia,2,Pallekele International Cricket Stadium,2011-08-06,Australia,Sri Lanka
2,SR Watson,KMDN Kulasekara,DA Warner,0,0,0,2,1,2,3,1,-,0,,,field,Australia,2,Pallekele International Cricket Stadium,2011-08-06,Australia,Sri Lanka
3,SR Watson,KMDN Kulasekara,DA Warner,0,0,0,2,1,3,4,1,-,0,,,field,Australia,2,Pallekele International Cricket Stadium,2011-08-06,Australia,Sri Lanka
4,SR Watson,KMDN Kulasekara,DA Warner,1,0,1,3,2,4,5,1,-,0,,,field,Australia,2,Pallekele International Cricket Stadium,2011-08-06,Australia,Sri Lanka
5,DA Warner,KMDN Kulasekara,SR Watson,0,0,0,3,1,2,6,1,-,0,,,field,Australia,2,Pallekele International Cricket Stadium,2011-08-06,Australia,Sri Lanka
6,SR Watson,RAS Lakmal,DA Warner,1,0,1,4,3,5,1,2,-,0,,,field,Australia,2,Pallekele International Cricket Stadium,2011-08-06,Australia,Sri Lanka
7,DA Warner,RAS Lakmal,SR Watson,0,0,0,4,1,3,2,2,-,0,,,field,Australia,2,Pallekele International Cricket Stadium,2011-08-06,Australia,Sri Lanka
8,DA Warner,RAS Lakmal,SR Watson,0,1,1,5,1,4,3,2,wides,0,,,field,Australia,2,Pallekele International Cricket Stadium,2011-08-06,Australia,Sri Lanka
9,DA Warner,RAS Lakmal,SR Watson,1,0,1,6,2,5,4,2,-,0,,,field,Australia,2,Pallekele International Cricket Stadium,2011-08-06,Australia,Sri Lanka
10,SR Watson,RAS Lakmal,DA Warner,0,0,0,6,3,6,5,2,-,0,,,field,Australia,2,Pallekele International Cricket Stadium,2011-08-06,Australia,Sri Lanka
11,SR Watson,RAS Lakmal,DA Warner,1,0,1,7,4,7,6,2,-,0,,,field,Australia,2,Pallekele International Cricket Stadium,2011-08-06,Australia,Sri Lanka
12,DA Warner,RAS Lakmal,SR Watson,4,0,4,11,6,6,7,2,-,0,,,field,Australia,2,Pallekele International Cricket Stadium,2011-08-06,Australia,Sri Lanka
13,SR Watson,KMDN Kulasekara,DA Warner,6,0,6,17,10,8,1,3,-,0,,,field,Australia,2,Pallekele International Cricket Stadium,2011-08-06,Australia,Sri Lanka
14,SR Watson,KMDN Kulasekara,DA Warner,0,1,1,18,10,9,2,3,wides,0,,,field,Australia,2,Pallekele International Cricket Stadium,2011-08-06,Australia,Sri Lanka
15,SR Watson,KMDN Kulasekara,DA Warner,0,0,0,18,10,10,3,3,-,bowled,SR Watson,,field,Australia,2,Pallekele International Cricket Stadium,2011-08-06,Australia,Sri Lanka
16,SE Marsh,KMDN Kulasekara,DA Warner,1,0,1,19,1,1,4,3,-,0,,,field,Australia,2,Pallekele International Cricket Stadium,2011-08-06,Australia,Sri Lanka
17,DA Warner,KMDN Kulasekara,SE Marsh,4,0,4,23,10,7,5,3,-,0,,,field,Australia,2,Pallekele International Cricket Stadium,2011-08-06,Australia,Sri Lanka
18,DA Warner,KMDN Kulasekara,SE Marsh,4,0,4,27,14,8,6,3,-,0,,,field,Australia,2,Pallekele International Cricket Stadium,2011-08-06,Australia,Sri Lanka
19,DA Warner,KMDN Kulasekara,SE Marsh,0,0,0,27,14,9,7,3,-,0,,,field,Australia,2,Pallekele International Cricket Stadium,2011-08-06,Australia,Sri Lanka
20,SE Marsh,RAS Lakmal,DA Warner,0,0,0,27,1,2,1,4,-,0,,,field,Australia,2,Pallekele International Cricket Stadium,2011-08-06,Australia,Sri Lanka
21,SE Marsh,RAS Lakmal,DA Warner,0,0,0,27,1,3,2,4,-,0,,,field,Australia,2,Pallekele International Cricket Stadium,2011-08-06,Australia,Sri Lanka
22,SE Marsh,RAS Lakmal,DA Warner,1,0,1,28,2,4,3,4,-,0,,,field,Australia,2,Pallekele International Cricket Stadium,2011-08-06,Australia,Sri Lanka
23,DA Warner,RAS Lakmal,SE Marsh,6,0,6,34,20,10,4,4,-,0,,,field,Australia,2,Pallekele International Cricket Stadium,2011-08-06,Australia,Sri Lanka
24,DA Warner,RAS Lakmal,SE Marsh,0,1,1,35,20,11,5,4,legbyes,0,,,field,Australia,2,Pallekele International Cricket Stadium,2011-08-06,Australia,Sri Lanka
25,SE Marsh,RAS Lakmal,DA Warner,0,0,0,35,2,5,6,4,-,0,,,field,Australia,2,Pallekele International Cricket Stadium,2011-08-06,Australia,Sri Lanka
26,DA Warner,MDK Perera,SE Marsh,0,1,1,36,20,12,1,5,wides,0,,,field,Australia,2,Pallekele International Cricket Stadium,2011-08-06,Australia,Sri Lanka
27,DA Warner,MDK Perera,SE Marsh,1,0,1,37,21,13,2,5,-,0,,,field,Australia,2,Pallekele International Cricket Stadium,2011-08-06,Australia,Sri Lanka
28,SE Marsh,MDK Perera,DA Warner,2,0,2,39,4,6,3,5,-,0,,,field,Australia,2,Pallekele International Cricket Stadium,2011-08-06,Australia,Sri Lanka
29,SE Marsh,MDK Perera,DA Warner,0,0,0,39,4,7,4,5,-,lbw,SE Marsh,,field,Australia,2,Pallekele International Cricket Stadium,2011-08-06,Australia,Sri Lanka
30,DJ Hussey,MDK Perera,DA Warner,0,0,0,39,0,1,5,5,-,0,,,field,Australia,2,Pallekele International Cricket Stadium,2011-08-06,Australia,Sri Lanka
31,DJ Hussey,MDK Perera,DA Warner,1,0,1,40,1,2,6,5,-,0,,,field,Australia,2,Pallekele International Cricket Stadium,2011-08-06,Australia,Sri Lanka
32,DA Warner,MDK Perera,DJ Hussey,0,0,0,40,21,14,7,5,-,0,,,field,Australia,2,Pallekele International Cricket Stadium,2011-08-06,Australia,Sri Lanka
33,DJ Hussey,KTGD Prasad,DA Warner,4,0,4,44,5,3,1,6,-,0,,,field,Australia,2,Pallekele International Cricket Stadium,2011-08-06,Australia,Sri Lanka
34,DJ Hussey,KTGD Prasad,DA Warner,0,0,0,44,5,4,2,6,-,0,,,field,Australia,2,Pallekele International Cricket Stadium,2011-08-06,Australia,Sri Lanka
35,DJ Hussey,KTGD Prasad,DA Warner,0,0,0,44,5,5,3,6,-,0,,,field,Australia,2,Pallekele International Cricket Stadium,2011-08-06,Australia,Sri Lanka
36,DJ Hussey,KTGD Prasad,DA Warner,0,0,0,44,5,6,4,6,-,0,,,field,Australia,2,Pallekele International Cricket Stadium,2011-08-06,Australia,Sri Lanka
37,DJ Hussey,KTGD Prasad,DA Warner,1,0,1,45,6,7,5,6,-,0,,,field,Australia,2,Pallekele International Cricket Stadium,2011-08-06,Australia,Sri Lanka
38,DA Warner,KTGD Prasad,DJ Hussey,4,0,4,49,25,15,6,6,-,0,,,field,Australia,2,Pallekele International Cricket Stadium,2011-08-06,Australia,Sri Lanka
39,DJ Hussey,MDK Perera,DA Warner,0,0,0,49,6,8,1,7,-,bowled,DJ Hussey,,field,Australia,2,Pallekele International Cricket Stadium,2011-08-06,Australia,Sri Lanka
40,CL White,MDK Perera,DA Warner,1,0,1,50,1,1,2,7,-,0,,,field,Australia,2,Pallekele International Cricket Stadium,2011-08-06,Australia,Sri Lanka
41,DA Warner,MDK Perera,CL White,1,0,1,51,26,16,3,7,-,0,,,field,Australia,2,Pallekele International Cricket Stadium,2011-08-06,Australia,Sri Lanka
42,CL White,MDK Perera,DA Warner,0,0,0,51,1,2,4,7,-,0,,,field,Australia,2,Pallekele International Cricket Stadium,2011-08-06,Australia,Sri Lanka
43,CL White,MDK Perera,DA Warner,1,0,1,52,2,3,5,7,-,0,,,field,Australia,2,Pallekele International Cricket Stadium,2011-08-06,Australia,Sri Lanka
44,DA Warner,MDK Perera,CL White,1,0,1,53,27,17,6,7,-,0,,,field,Australia,2,Pallekele International Cricket Stadium,2011-08-06,Australia,Sri Lanka
45,DA Warner,KTGD Prasad,CL White,4,0,4,57,31,18,1,8,-,0,,,field,Australia,2,Pallekele International Cricket Stadium,2011-08-06,Australia,Sri Lanka
46,DA Warner,KTGD Prasad,CL White,1,0,1,58,32,19,2,8,-,0,,,field,Australia,2,Pallekele International Cricket Stadium,2011-08-06,Australia,Sri Lanka
47,CL White,KTGD Prasad,DA Warner,4,0,4,62,6,4,3,8,-,0,,,field,Australia,2,Pallekele International Cricket Stadium,2011-08-06,Australia,Sri Lanka
48,CL White,KTGD Prasad,DA Warner,0,0,0,62,6,5,4,8,-,0,,,field,Australia,2,Pallekele International Cricket Stadium,2011-08-06,Australia,Sri Lanka
49,CL White,KTGD Prasad,DA Warner,1,0,1,63,7,6,5,8,-,0,,,field,Australia,2,Pallekele International Cricket Stadium,2011-08-06,Australia,Sri Lanka
50,DA Warner,KTGD Prasad,CL White,0,0,0,63,32,20,6,8,-,0,,,field,Australia,2,Pallekele International Cricket Stadium,2011-08-06,Australia,Sri Lanka
51,CL White,MDK Perera,DA Warner,0,0,0,63,7,7,1,9,-,bowled,CL White,,field,Australia,2,Pallekele International Cricket Stadium,2011-08-06,Australia,Sri Lanka
52,SPD Smith,MDK Perera,DA Warner,1,0,1,64,1,1,2,9,-,0,,,field,Australia,2,Pallekele International Cricket Stadium,2011-08-06,Australia,Sri Lanka
53,DA Warner,MDK Perera,SPD Smith,0,0,0,64,32,21,3,9,-,0,,,field,Australia,2,Pallekele International Cricket Stadium,2011-08-06,Australia,Sri Lanka
54,DA Warner,MDK Perera,SPD Smith,1,0,1,65,33,22,4,9,-,0,,,field,Australia,2,Pallekele International Cricket Stadium,2011-08-06,Australia,Sri Lanka
55,SPD Smith,MDK Perera,DA Warner,0,0,0,65,1,2,5,9,-,0,,,field,Australia,2,Pallekele International Cricket Stadium,2011-08-06,Australia,Sri Lanka
56,SPD Smith,MDK Perera,DA Warner,1,0,1,66,2,3,6,9,-,0,,,field,Australia,2,Pallekele International Cricket Stadium,2011-08-06,Australia,Sri Lanka
57,SPD Smith,TM Dilshan,DA Warner,0,0,0,66,2,4,1,10,-,0,,,field,Australia,2,Pallekele International Cricket Stadium,2011-08-06,Australia,Sri Lanka
58,SPD Smith,TM Dilshan,DA Warner,0,0,0,66,2,5,2,10,-,0,,,field,Australia,2,Pallekele International Cricket Stadium,2011-08-06,Australia,Sri Lanka
59,SPD Smith,TM Dilshan,DA Warner,0,0,0,66,2,6,3,10,-,0,,,field,Australia,2,Pallekele International Cricket Stadium,2011-08-06,Australia,Sri Lanka
60,SPD Smith,TM Dilshan,DA Warner,1,0,1,67,3,7,4,10,-,0,,,field,Australia,2,Pallekele International Cricket Stadium,2011-08-06,Australia,Sri Lanka
61,DA Warner,TM Dilshan,SPD Smith,3,0,3,70,36,23,5,10,-,0,,,field,Australia,2,Pallekele International Cricket Stadium,2011-08-06,Australia,Sri Lanka
62,SPD Smith,TM Dilshan,DA Warner,1,0,1,71,4,8,6,10,-,0,,,field,Australia,2,Pallekele International Cricket Stadium,2011-08-06,Australia,Sri Lanka
63,SPD Smith,HMRKB Herath,DA Warner,0,0,0,71,4,9,1,11,-,0,,,field,Australia,2,Pallekele International Cricket Stadium,2011-08-06,Australia,Sri Lanka
64,SPD Smith,HMRKB Herath,DA Warner,1,0,1,72,5,10,2,11,-,0,,,field,Australia,2,Pallekele International Cricket Stadium,2011-08-06,Australia,Sri Lanka
65,DA Warner,HMRKB Herath,SPD Smith,1,0,1,73,37,24,3,11,-,0,,,field,Australia,2,Pallekele International Cricket Stadium,2011-08-06,Australia,Sri Lanka
66,SPD Smith,HMRKB Herath,DA Warner,1,0,1,74,6,11,4,11,-,0,,,field,Australia,2,Pallekele International Cricket Stadium,2011-08-06,Australia,Sri Lanka
67,DA Warner,HMRKB Herath,SPD Smith,1,0,1,75,38,25,5,11,-,0,,,field,Australia,2,Pallekele International Cricket Stadium,2011-08-06,Australia,Sri Lanka
68,SPD Smith,HMRKB Herath,DA Warner,1,0,1,76,7,12,6,11,-,0,,,field,Australia,2,Pallekele International Cricket Stadium,2011-08-06,Australia,Sri Lanka
69,SPD Smith,TM Dilshan,DA Warner,2,0,2,78,9,13,1,12,-,0,,,field,Australia,2,Pallekele International Cricket Stadium,2011-08-06,Australia,Sri Lanka
70,SPD Smith,TM Dilshan,DA Warner,2,0,2,80,11,14,2,12,-,0,,,field,Australia,2,Pallekele International Cricket Stadium,2011-08-06,Australia,Sri Lanka
71,SPD Smith,TM Dilshan,DA Warner,1,0,1,81,12,15,3,12,-,0,,,field,Australia,2,Pallekele International Cricket Stadium,2011-08-06,Australia,Sri Lanka
72,DA Warner,TM Dilshan,SPD Smith,6,0,6,87,44,26,4,12,-,0,,,field,Australia,2,Pallekele International Cricket Stadium,2011-08-06,Australia,Sri Lanka
73,DA Warner,TM Dilshan,SPD Smith,1,0,1,88,45,27,5,12,-,0,,,field,Australia,2,Pallekele International Cricket Stadium,2011-08-06,Australia,Sri Lanka
74,SPD Smith,TM Dilshan,DA Warner,0,0,0,88,12,16,6,12,-,0,,,field,Australia,2,Pallekele International Cricket Stadium,2011-08-06,Australia,Sri Lanka
75,DA Warner,HMRKB Herath,SPD Smith,1,0,1,89,46,28,1,13,-,0,,,field,Australia,2,Pallekele International Cricket Stadium,2011-08-06,Australia,Sri Lanka
76,SPD Smith,HMRKB Herath,DA Warner,0,0,0,89,12,17,2,13,-,stumped,SPD Smith,KC Sangakkara,field,Australia,2,Pallekele International Cricket Stadium,2011-08-06,Australia,Sri Lanka
77,BJ Haddin,HMRKB Herath,DA Warner,0,0,0,89,0,1,3,13,-,0,,,field,Australia,2,Pallekele International Cricket Stadium,2011-08-06,Australia,Sri Lanka
78,BJ Haddin,HMRKB Herath,DA Warner,1,0,1,90,1,2,4,13,-,0,,,field,Australia,2,Pallekele International Cricket Stadium,2011-08-06,Australia,Sri Lanka
79,DA Warner,HMRKB Herath,BJ Haddin,1,0,1,91,47,29,5,13,-,0,,,field,Australia,2,Pallekele International Cricket Stadium,2011-08-06,Australia,Sri Lanka
80,BJ Haddin,HMRKB Herath,DA Warner,1,0,1,92,2,3,6,13,-,0,,,field,Australia,2,Pallekele International Cricket Stadium,2011-08-06,Australia,Sri Lanka
81,BJ Haddin,TM Dilshan,DA Warner,1,0,1,93,3,4,1,14,-,0,,,field,Australia,2,Pallekele International Cricket Stadium,2011-08-06,Australia,Sri Lanka
82,DA Warner,TM Dilshan,BJ Haddin,1,0,1,94,48,30,2,14,-,0,,,field,Australia,2,Pallekele International Cricket Stadium,2011-08-06,Australia,Sri Lanka
83,BJ Haddin,TM Dilshan,DA Warner,0,0,0,94,3,5,3,14,-,0,,,field,Australia,2,Pallekele International Cricket Stadium,2011-08-06,Australia,Sri Lanka
84,BJ Haddin,TM Dilshan,DA Warner,0,0,0,94,3,6,4,14,-,0,,,field,Australia,2,Pallekele International Cricket Stadium,2011-08-06,Australia,Sri Lanka
85,BJ Haddin,TM Dilshan,DA Warner,3,0,3,97,6,7,5,14,-,0,,,field,Australia,2,Pallekele International Cricket Stadium,2011-08-06,Australia,Sri Lanka
86,DA Warner,TM Dilshan,BJ Haddin,4,0,4,101,52,31,6,14,-,0,,,field,Australia,2,Pallekele International Cricket Stadium,2011-08-06,Australia,Sri Lanka
87,BJ Haddin,HMRKB Herath,DA Warner,0,0,0,101,6,8,1,15,-,0,,,field,Australia,2,Pallekele International Cricket Stadium,2011-08-06,Australia,Sri Lanka
88,BJ Haddin,HMRKB Herath,DA Warner,1,0,1,102,7,9,2,15,-,0,,,field,Australia,2,Pallekele International Cricket Stadium,2011-08-06,Australia,Sri Lanka
89,DA Warner,HMRKB Herath,BJ Haddin,1,0,1,103,53,32,3,15,-,run out,BJ Haddin,AD Mathews;KC Sangakkara,field,Australia,2,Pallekele International Cricket Stadium,2011-08-06,Australia,Sri Lanka
90,MG Johnson,HMRKB Herath,DA Warner,0,0,0,103,0,1,4,15,-,0,,,field,Australia,2,Pallekele International Cricket Stadium,2011-08-06,Australia,Sri Lanka
91,MG Johnson,HMRKB Herath,DA Warner,0,0,0,103,0,2,5,15,-,0,,,field,Australia,2,Pallekele International Cricket Stadium,2011-08-06,Australia,Sri Lanka
92,MG Johnson,HMRKB Herath,DA Warner,0,0,0,103,0,3,6,15,-,0,,,field,Australia,2,Pallekele International Cricket Stadium,2011-08-06,Australia,Sri Lanka
93,DA Warner,KMDN Kulasekara,MG Johnson,0,1,1,104,53,33,1,16,wides,0,,,field,Australia,2,Pallekele International Cricket Stadium,2011-08-06,Australia,Sri Lanka
94,DA Warner,KMDN Kulasekara,MG Johnson,0,1,1,105,53,34,2,16,wides,0,,,field,Australia,2,Pallekele International Cricket Stadium,2011-08-06,Australia,Sri Lanka
95,DA Warner,KMDN Kulasekara,MG Johnson,0,0,0,105,53,35,3,16,-,caught,DA Warner,TM Dilshan,field,Australia,2,Pallekele International Cricket Stadium,2011-08-06,Australia,Sri Lanka
96,SNJ O'Keefe,KMDN Kulasekara,MG Johnson,1,0,1,106,1,1,4,16,-,0,,,field,Australia,2,Pallekele International Cricket Stadium,2011-08-06,Australia,Sri Lanka
97,MG Johnson,KMDN Kulasekara,SNJ O'Keefe,1,0,1,107,1,4,5,16,-,0,,,field,Australia,2,Pallekele International Cricket Stadium,2011-08-06,Australia,Sri Lanka
98,SNJ O'Keefe,KMDN Kulasekara,MG Johnson,0,0,0,107,1,2,6,16,-,0,,,field,Australia,2,Pallekele International Cricket Stadium,2011-08-06,Australia,Sri Lanka
99,SNJ O'Keefe,KMDN Kulasekara,MG Johnson,1,0,1,108,2,3,7,16,-,0,,,field,Australia,2,Pallekele International Cricket Stadium,2011-08-06,Australia,Sri Lanka
100,MG Johnson,KMDN Kulasekara,SNJ O'Keefe,0,0,0,108,1,5,8,16,-,0,,,field,Australia,2,Pallekele International Cricket Stadium,2011-08-06,Australia,Sri Lanka
101,SNJ O'Keefe,MDK Perera,MG Johnson,0,0,0,108,2,4,1,17,-,0,,,field,Australia,2,Pallekele International Cricket Stadium,2011-08-06,Australia,Sri Lanka
102,SNJ O'Keefe,MDK Perera,MG Johnson,0,0,0,108,2,5,2,17,-,0,,,field,Australia,2,Pallekele International Cricket Stadium,2011-08-06,Australia,Sri Lanka
103,SNJ O'Keefe,MDK Perera,MG Johnson,0,0,0,108,2,6,3,17,-,0,,,field,Australia,2,Pallekele International Cricket Stadium,2011-08-06,Australia,Sri Lanka
104,SNJ O'Keefe,MDK Perera,MG Johnson,6,0,6,114,8,7,4,17,-,0,,,field,Australia,2,Pallekele International Cricket Stadium,2011-08-06,Australia,Sri Lanka
105,SNJ O'Keefe,MDK Perera,MG Johnson,4,0,4,118,12,8,5,17,-,0,,,field,Australia,2,Pallekele International Cricket Stadium,2011-08-06,Australia,Sri Lanka
106,SNJ O'Keefe,MDK Perera,MG Johnson,4,0,4,122,16,9,6,17,-,0,,,field,Australia,2,Pallekele International Cricket Stadium,2011-08-06,Australia,Sri Lanka
107,MG Johnson,KMDN Kulasekara,SNJ O'Keefe,2,0,2,124,3,6,1,18,-,0,,,field,Australia,2,Pallekele International Cricket Stadium,2011-08-06,Australia,Sri Lanka
108,MG Johnson,KMDN Kulasekara,SNJ O'Keefe,0,0,0,124,3,7,2,18,-,0,,,field,Australia,2,Pallekele International Cricket Stadium,2011-08-06,Australia,Sri Lanka
109,MG Johnson,KMDN Kulasekara,SNJ O'Keefe,2,0,2,126,5,8,3,18,-,0,,,field,Australia,2,Pallekele International Cricket Stadium,2011-08-06,Australia,Sri Lanka
110,MG Johnson,KMDN Kulasekara,SNJ O'Keefe,6,0,6,132,11,9,4,18,-,0,,,field,Australia,2,Pallekele International Cricket Stadium,2011-08-06,Australia,Sri Lanka
111,MG Johnson,KMDN Kulasekara,SNJ O'Keefe,1,0,1,133,12,10,5,18,-,0,,,field,Australia,2,Pallekele International Cricket Stadium,2011-08-06,Australia,Sri Lanka
112,SNJ O'Keefe,KMDN Kulasekara,MG Johnson,4,0,4,137,20,10,6,18,-,0,,,field,Australia,2,Pallekele International Cricket Stadium,2011-08-06,Australia,Sri Lanka
113,MG Johnson,RAS Lakmal,SNJ O'Keefe,4,0,4,141,16,11,1,19,-,0,,,field,Australia,2,Pallekele International Cricket Stadium,2011-08-06,Australia,Sri Lanka
114,MG Johnson,RAS Lakmal,SNJ O'Keefe,0,0,0,141,16,12,2,19,-,0,,,field,Australia,2,Pallekele International Cricket Stadium,2011-08-06,Australia,Sri Lanka
115,MG Johnson,RAS Lakmal,SNJ O'Keefe,1,0,1,142,17,13,3,19,-,0,,,field,Australia,2,Pallekele International Cricket Stadium,2011-08-06,Australia,Sri Lanka
116,SNJ O'Keefe,RAS Lakmal,MG Johnson,2,0,2,144,22,11,4,19,-,0,,,field,Australia,2,Pallekele International Cricket Stadium,2011-08-06,Australia,Sri Lanka
117,SNJ O'Keefe,RAS Lakmal,MG Johnson,0,0,0,144,22,12,5,19,-,bowled,SNJ O'Keefe,,field,Australia,2,Pallekele International Cricket Stadium,2011-08-06,Australia,Sri Lanka
118,JW Hastings,RAS Lakmal,MG Johnson,1,0,1,145,1,1,6,19,-,0,,,field,Australia,2,Pallekele International Cricket Stadium,2011-08-06,Australia,Sri Lanka
119,JW Hastings,KTGD Prasad,MG Johnson,2,0,2,147,3,2,1,20,-,0,,,field,Australia,2,Pallekele International Cricket Stadium,2011-08-06,Australia,Sri Lanka
120,JW Hastings,KTGD Prasad,MG Johnson,5,0,5,152,8,3,2,20,-,0,,,field,Australia,2,Pallekele International Cricket Stadium,2011-08-06,Australia,Sri Lanka
121,MG Johnson,KTGD Prasad,JW Hastings,2,0,2,154,19,14,3,20,-,0,,,field,Australia,2,Pallekele International Cricket Stadium,2011-08-06,Australia,Sri Lanka
122,MG Johnson,KTGD Prasad,JW Hastings,2,0,2,156,21,15,4,20,-,0,,,field,Australia,2,Pallekele International Cricket Stadium,2011-08-06,Australia,Sri Lanka
123,MG Johnson,KTGD Prasad,JW Hastings,1,0,1,157,22,16,5,20,-,0,,,field,Australia,2,Pallekele International Cricket Stadium,2011-08-06,Australia,Sri Lanka
124,JW Hastings,KTGD Prasad,MG Johnson,6,0,6,163,14,4,6,20,-,0,,,field,Australia,2,Pallekele International Cricket Stadium,2011-08-06,Australia,Sri Lanka
