,batter,bowler,non_striker,runs_by_bat,extra_runs,total_runs_delivery,current_team_total,runs_remain,batter_runs,balls_faced,wickets_fallen,delivery,over,extra_type,wicket_type,player_out,fielder,toss_decision,toss_winner,innings,venue,year,month,match_id,winning_team,batting_team,bowling_team,won,final_team_total
0,H Masakadza,KD Mills,S Matsikenyeri,0,0,0,0,,0,1,0,1,0,-,0,,,bat,Zimbabwe,1,Seddon Park,2012,02,New Zealand_Zimbabwe_2012-02-14,New Zealand,Zimbabwe,New Zealand,False,200
1,H Masakadza,KD Mills,S Matsikenyeri,2,0,2,2,,2,2,0,2,0,-,0,,,bat,Zimbabwe,1,Seddon Park,2012,02,New Zealand_Zimbabwe_2012-02-14,New Zealand,Zimbabwe,New Zealand,False,200
2,H Masakadza,KD Mills,S Matsikenyeri,4,0,4,6,,6,3,0,3,0,-,0,,,bat,Zimbabwe,1,Seddon Park,2012,02,New Zealand_Zimbabwe_2012-02-14,New Zealand,Zimbabwe,New Zealand,False,200
3,H Masakadza,KD Mills,S Matsikenyeri,0,0,0,6,,6,4,0,4,0,-,0,,,bat,Zimbabwe,1,Seddon Park,2012,02,New Zealand_Zimbabwe_2012-02-14,New Zealand,Zimbabwe,New Zealand,False,200
4,H Masakadza,KD Mills,S Matsikenyeri,1,0,1,7,,7,5,0,5,0,-,0,,,bat,Zimbabwe,1,Seddon Park,2012,02,New Zealand_Zimbabwe_2012-02-14,New Zealand,Zimbabwe,New Zealand,False,200
5,S Matsikenyeri,KD Mills,H Masakadza,0,0,0,7,,0,1,0,6,0,-,0,,,bat,Zimbabwe,1,Seddon Park,2012,02,New Zealand_Zimbabwe_2012-02-14,New Zealand,Zimbabwe,New Zealand,False,200
6,H Masakadza,MD Bates,S Matsikenyeri,0,0,0,7,,7,6,0,1,1,-,0,,,bat,Zimbabwe,1,Seddon Park,2012,02,New Zealand_Zimbabwe_2012-02-14,New Zealand,Zimbabwe,New Zealand,False,200
7,H Masakadza,MD Bates,S Matsikenyeri,0,0,0,7,,7,7,0,2,1,-,0,,,bat,Zimbabwe,1,Seddon Park,2012,02,New Zealand_Zimbabwe_2012-02-14,New Zealand,Zimbabwe,New Zealand,False,200
8,H Masakadza,MD Bates,S Matsikenyeri,1,0,1,8,,8,8,0,3,1,-,0,,,bat,Zimbabwe,1,Seddon Park,2012,02,New Zealand_Zimbabwe_2012-02-14,New Zealand,Zimbabwe,New Zealand,False,200
9,S Matsikenyeri,MD Bates,H Masakadza,0,0,0,8,,0,2,0,4,1,-,0,,,bat,Zimbabwe,1,Seddon Park,2012,02,New Zealand_Zimbabwe_2012-02-14,New Zealand,Zimbabwe,New Zealand,False,200
10,S Matsikenyeri,MD Bates,H Masakadza,0,1,1,9,,0,3,0,5,1,wides,0,,,bat,Zimbabwe,1,Seddon Park,2012,02,New Zealand_Zimbabwe_2012-02-14,New Zealand,Zimbabwe,New Zealand,False,200
11,S Matsikenyeri,MD Bates,H Masakadza,1,0,1,10,,1,4,0,6,1,-,0,,,bat,Zimbabwe,1,Seddon Park,2012,02,New Zealand_Zimbabwe_2012-02-14,New Zealand,Zimbabwe,New Zealand,False,200
12,H Masakadza,MD Bates,S Matsikenyeri,0,0,0,10,,8,9,0,7,1,-,0,,,bat,Zimbabwe,1,Seddon Park,2012,02,New Zealand_Zimbabwe_2012-02-14,New Zealand,Zimbabwe,New Zealand,False,200
13,S Matsikenyeri,KD Mills,H Masakadza,1,0,1,11,,2,5,0,1,2,-,0,,,bat,Zimbabwe,1,Seddon Park,2012,02,New Zealand_Zimbabwe_2012-02-14,New Zealand,Zimbabwe,New Zealand,False,200
14,H Masakadza,KD Mills,S Matsikenyeri,0,0,0,11,,8,10,0,2,2,-,0,,,bat,Zimbabwe,1,Seddon Park,2012,02,New Zealand_Zimbabwe_2012-02-14,New Zealand,Zimbabwe,New Zealand,False,200
15,H Masakadza,KD Mills,S Matsikenyeri,4,0,4,15,,12,11,0,3,2,-,0,,,bat,Zimbabwe,1,Seddon Park,2012,02,New Zealand_Zimbabwe_2012-02-14,New Zealand,Zimbabwe,New Zealand,False,200
16,H Masakadza,KD Mills,S Matsikenyeri,6,0,6,21,,18,12,0,4,2,-,0,,,bat,Zimbabwe,1,Seddon Park,2012,02,New Zealand_Zimbabwe_2012-02-14,New Zealand,Zimbabwe,New Zealand,False,200
17,H Masakadza,KD Mills,S Matsikenyeri,3,0,3,24,,21,13,0,5,2,-,0,,,bat,Zimbabwe,1,Seddon Park,2012,02,New Zealand_Zimbabwe_2012-02-14,New Zealand,Zimbabwe,New Zealand,False,200
18,S Matsikenyeri,KD Mills,H Masakadza,0,0,0,24,,2,6,0,6,2,-,0,,,bat,Zimbabwe,1,Seddon Park,2012,02,New Zealand_Zimbabwe_2012-02-14,New Zealand,Zimbabwe,New Zealand,False,200
19,H Masakadza,MD Bates,S Matsikenyeri,1,0,1,25,,22,14,0,1,3,-,0,,,bat,Zimbabwe,1,Seddon Park,2012,02,New Zealand_Zimbabwe_2012-02-14,New Zealand,Zimbabwe,New Zealand,False,200
20,S Matsikenyeri,MD Bates,H Masakadza,6,0,6,31,,8,7,0,2,3,-,0,,,bat,Zimbabwe,1,Seddon Park,2012,02,New Zealand_Zimbabwe_2012-02-14,New Zealand,Zimbabwe,New Zealand,False,200
21,S Matsikenyeri,MD Bates,H Masakadza,6,0,6,37,,14,8,0,3,3,-,0,,,bat,Zimbabwe,1,Seddon Park,2012,02,New Zealand_Zimbabwe_2012-02-14,New Zealand,Zimbabwe,New Zealand,False,200
22,S Matsikenyeri,MD Bates,H Masakadza,1,0,1,38,,15,9,0,4,3,-,0,,,bat,Zimbabwe,1,Seddon Park,2012,02,New Zealand_Zimbabwe_2012-02-14,New Zealand,Zimbabwe,New Zealand,False,200
23,H Masakadza,MD Bates,S Matsikenyeri,1,0,1,39,,23,15,0,5,3,-,0,,,bat,Zimbabwe,1,Seddon Park,2012,02,New Zealand_Zimbabwe_2012-02-14,New Zealand,Zimbabwe,New Zealand,False,200
24,S Matsikenyeri,MD Bates,H Masakadza,1,0,1,40,,16,10,0,6,3,-,0,,,bat,Zimbabwe,1,Seddon Park,2012,02,New Zealand_Zimbabwe_2012-02-14,New Zealand,Zimbabwe,New Zealand,False,200
25,S Matsikenyeri,TG Southee,H Masakadza,4,0,4,44,,20,11,0,1,4,-,0,,,bat,Zimbabwe,1,Seddon Park,2012,02,New Zealand_Zimbabwe_2012-02-14,New Zealand,Zimbabwe,New Zealand,False,200
26,S Matsikenyeri,TG Southee,H Masakadza,0,0,0,44,,20,12,0,2,4,-,0,,,bat,Zimbabwe,1,Seddon Park,2012,02,New Zealand_Zimbabwe_2012-02-14,New Zealand,Zimbabwe,New Zealand,False,200
27,S Matsikenyeri,TG Southee,H Masakadza,1,0,1,45,,21,13,0,3,4,-,0,,,bat,Zimbabwe,1,Seddon Park,2012,02,New Zealand_Zimbabwe_2012-02-14,New Zealand,Zimbabwe,New Zealand,False,200
28,H Masakadza,TG Southee,S Matsikenyeri,4,0,4,49,,27,16,0,4,4,-,0,,,bat,Zimbabwe,1,Seddon Park,2012,02,New Zealand_Zimbabwe_2012-02-14,New Zealand,Zimbabwe,New Zealand,False,200
29,H Masakadza,TG Southee,S Matsikenyeri,1,0,1,50,,28,17,0,5,4,-,0,,,bat,Zimbabwe,1,Seddon Park,2012,02,New Zealand_Zimbabwe_2012-02-14,New Zealand,Zimbabwe,New Zealand,False,200
30,S Matsikenyeri,TG Southee,H Masakadza,0,0,0,50,,21,14,0,6,4,-,0,,,bat,Zimbabwe,1,Seddon Park,2012,02,New Zealand_Zimbabwe_2012-02-14,New Zealand,Zimbabwe,New Zealand,False,200
31,H Masakadza,NL McCullum,S Matsikenyeri,1,0,1,51,,29,18,0,1,5,-,0,,,bat,Zimbabwe,1,Seddon Park,2012,02,New Zealand_Zimbabwe_2012-02-14,New Zealand,Zimbabwe,New Zealand,False,200
32,S Matsikenyeri,NL McCullum,H Masakadza,1,0,1,52,,22,15,0,2,5,-,0,,,bat,Zimbabwe,1,Seddon Park,2012,02,New Zealand_Zimbabwe_2012-02-14,New Zealand,Zimbabwe,New Zealand,False,200
33,H Masakadza,NL McCullum,S Matsikenyeri,6,0,6,58,,35,19,0,3,5,-,0,,,bat,Zimbabwe,1,Seddon Park,2012,02,New Zealand_Zimbabwe_2012-02-14,New Zealand,Zimbabwe,New Zealand,False,200
34,H Masakadza,NL McCullum,S Matsikenyeri,0,0,0,58,,35,20,0,4,5,-,0,,,bat,Zimbabwe,1,Seddon Park,2012,02,New Zealand_Zimbabwe_2012-02-14,New Zealand,Zimbabwe,New Zealand,False,200
35,H Masakadza,NL McCullum,S Matsikenyeri,6,0,6,64,,41,21,0,5,5,-,0,,,bat,Zimbabwe,1,Seddon Park,2012,02,New Zealand_Zimbabwe_2012-02-14,New Zealand,Zimbabwe,New Zealand,False,200
36,H Masakadza,NL McCullum,S Matsikenyeri,1,0,1,65,,42,22,0,6,5,-,0,,,bat,Zimbabwe,1,Seddon Park,2012,02,New Zealand_Zimbabwe_2012-02-14,New Zealand,Zimbabwe,New Zealand,False,200
37,H Masakadza,RM Hira,S Matsikenyeri,1,0,1,66,,43,23,0,1,6,-,0,,,bat,Zimbabwe,1,Seddon Park,2012,02,New Zealand_Zimbabwe_2012-02-14,New Zealand,Zimbabwe,New Zealand,False,200
38,S Matsikenyeri,RM Hira,H Masakadza,4,0,4,70,,26,16,0,2,6,-,0,,,bat,Zimbabwe,1,Seddon Park,2012,02,New Zealand_Zimbabwe_2012-02-14,New Zealand,Zimbabwe,New Zealand,False,200
39,S Matsikenyeri,RM Hira,H Masakadza,6,0,6,76,,32,17,0,3,6,-,0,,,bat,Zimbabwe,1,Seddon Park,2012,02,New Zealand_Zimbabwe_2012-02-14,New Zealand,Zimbabwe,New Zealand,False,200
40,S Matsikenyeri,RM Hira,H Masakadza,0,0,0,76,,32,18,0,4,6,-,0,,,bat,Zimbabwe,1,Seddon Park,2012,02,New Zealand_Zimbabwe_2012-02-14,New Zealand,Zimbabwe,New Zealand,False,200
41,S Matsikenyeri,RM Hira,H Masakadza,0,0,0,76,,32,19,0,5,6,-,0,,,bat,Zimbabwe,1,Seddon Park,2012,02,New Zealand_Zimbabwe_2012-02-14,New Zealand,Zimbabwe,New Zealand,False,200
42,S Matsikenyeri,RM Hira,H Masakadza,0,0,0,76,,32,20,1,6,6,-,caught,S Matsikenyeri,TG Southee,bat,Zimbabwe,1,Seddon Park,2012,02,New Zealand_Zimbabwe_2012-02-14,New Zealand,Zimbabwe,New Zealand,False,200
43,BRM Taylor,AM Ellis,H Masakadza,1,0,1,77,,1,1,1,1,7,-,0,,,bat,Zimbabwe,1,Seddon Park,2012,02,New Zealand_Zimbabwe_2012-02-14,New Zealand,Zimbabwe,New Zealand,False,200
44,H Masakadza,AM Ellis,BRM Taylor,0,0,0,77,,43,24,1,2,7,-,0,,,bat,Zimbabwe,1,Seddon Park,2012,02,New Zealand_Zimbabwe_2012-02-14,New Zealand,Zimbabwe,New Zealand,False,200
45,H Masakadza,AM Ellis,BRM Taylor,2,0,2,79,,45,25,1,3,7,-,0,,,bat,Zimbabwe,1,Seddon Park,2012,02,New Zealand_Zimbabwe_2012-02-14,New Zealand,Zimbabwe,New Zealand,False,200
46,H Masakadza,AM Ellis,BRM Taylor,6,0,6,85,,51,26,1,4,7,-,0,,,bat,Zimbabwe,1,Seddon Park,2012,02,New Zealand_Zimbabwe_2012-02-14,New Zealand,Zimbabwe,New Zealand,False,200
47,H Masakadza,AM Ellis,BRM Taylor,1,0,1,86,,52,27,1,5,7,-,0,,,bat,Zimbabwe,1,Seddon Park,2012,02,New Zealand_Zimbabwe_2012-02-14,New Zealand,Zimbabwe,New Zealand,False,200
48,BRM Taylor,AM Ellis,H Masakadza,0,0,0,86,,1,2,1,6,7,-,0,,,bat,Zimbabwe,1,Seddon Park,2012,02,New Zealand_Zimbabwe_2012-02-14,New Zealand,Zimbabwe,New Zealand,False,200
49,H Masakadza,TG Southee,BRM Taylor,0,0,0,86,,52,28,1,1,8,-,0,,,bat,Zimbabwe,1,Seddon Park,2012,02,New Zealand_Zimbabwe_2012-02-14,New Zealand,Zimbabwe,New Zealand,False,200
50,H Masakadza,TG Southee,BRM Taylor,1,0,1,87,,53,29,1,2,8,-,0,,,bat,Zimbabwe,1,Seddon Park,2012,02,New Zealand_Zimbabwe_2012-02-14,New Zealand,Zimbabwe,New Zealand,False,200
51,BRM Taylor,TG Southee,H Masakadza,0,0,0,87,,1,3,1,3,8,-,0,,,bat,Zimbabwe,1,Seddon Park,2012,02,New Zealand_Zimbabwe_2012-02-14,New Zealand,Zimbabwe,New Zealand,False,200
52,BRM Taylor,TG Southee,H Masakadza,1,0,1,88,,2,4,1,4,8,-,0,,,bat,Zimbabwe,1,Seddon Park,2012,02,New Zealand_Zimbabwe_2012-02-14,New Zealand,Zimbabwe,New Zealand,False,200
53,H Masakadza,TG Southee,BRM Taylor,0,1,1,89,,53,30,1,5,8,byes,0,,,bat,Zimbabwe,1,Seddon Park,2012,02,New Zealand_Zimbabwe_2012-02-14,New Zealand,Zimbabwe,New Zealand,False,200
54,BRM Taylor,TG Southee,H Masakadza,1,0,1,90,,3,5,1,6,8,-,0,,,bat,Zimbabwe,1,Seddon Park,2012,02,New Zealand_Zimbabwe_2012-02-14,New Zealand,Zimbabwe,New Zealand,False,200
55,BRM Taylor,RM Hira,H Masakadza,4,0,4,94,,7,6,1,1,9,-,0,,,bat,Zimbabwe,1,Seddon Park,2012,02,New Zealand_Zimbabwe_2012-02-14,New Zealand,Zimbabwe,New Zealand,False,200
56,BRM Taylor,RM Hira,H Masakadza,1,0,1,95,,8,7,1,2,9,-,0,,,bat,Zimbabwe,1,Seddon Park,2012,02,New Zealand_Zimbabwe_2012-02-14,New Zealand,Zimbabwe,New Zealand,False,200
57,H Masakadza,RM Hira,BRM Taylor,1,0,1,96,,54,31,1,3,9,-,0,,,bat,Zimbabwe,1,Seddon Park,2012,02,New Zealand_Zimbabwe_2012-02-14,New Zealand,Zimbabwe,New Zealand,False,200
58,BRM Taylor,RM Hira,H Masakadza,1,0,1,97,,9,8,1,4,9,-,0,,,bat,Zimbabwe,1,Seddon Park,2012,02,New Zealand_Zimbabwe_2012-02-14,New Zealand,Zimbabwe,New Zealand,False,200
59,H Masakadza,RM Hira,BRM Taylor,0,0,0,97,,54,32,1,5,9,-,0,,,bat,Zimbabwe,1,Seddon Park,2012,02,New Zealand_Zimbabwe_2012-02-14,New Zealand,Zimbabwe,New Zealand,False,200
60,H Masakadza,RM Hira,BRM Taylor,1,0,1,98,,55,33,1,6,9,-,0,,,bat,Zimbabwe,1,Seddon Park,2012,02,New Zealand_Zimbabwe_2012-02-14,New Zealand,Zimbabwe,New Zealand,False,200
61,H Masakadza,KS Williamson,BRM Taylor,1,0,1,99,,56,34,1,1,10,-,0,,,bat,Zimbabwe,1,Seddon Park,2012,02,New Zealand_Zimbabwe_2012-02-14,New Zealand,Zimbabwe,New Zealand,False,200
62,BRM Taylor,KS Williamson,H Masakadza,2,0,2,101,,11,9,1,2,10,-,0,,,bat,Zimbabwe,1,Seddon Park,2012,02,New Zealand_Zimbabwe_2012-02-14,New Zealand,Zimbabwe,New Zealand,False,200
63,BRM Taylor,KS Williamson,H Masakadza,1,0,1,102,,12,10,1,3,10,-,0,,,bat,Zimbabwe,1,Seddon Park,2012,02,New Zealand_Zimbabwe_2012-02-14,New Zealand,Zimbabwe,New Zealand,False,200
64,H Masakadza,KS Williamson,BRM Taylor,1,0,1,103,,57,35,1,4,10,-,0,,,bat,Zimbabwe,1,Seddon Park,2012,02,New Zealand_Zimbabwe_2012-02-14,New Zealand,Zimbabwe,New Zealand,False,200
65,BRM Taylor,KS Williamson,H Masakadza,1,0,1,104,,13,11,1,5,10,-,0,,,bat,Zimbabwe,1,Seddon Park,2012,02,New Zealand_Zimbabwe_2012-02-14,New Zealand,Zimbabwe,New Zealand,False,200
66,H Masakadza,KS Williamson,BRM Taylor,0,0,0,104,,57,36,1,6,10,-,0,,,bat,Zimbabwe,1,Seddon Park,2012,02,New Zealand_Zimbabwe_2012-02-14,New Zealand,Zimbabwe,New Zealand,False,200
67,BRM Taylor,RM Hira,H Masakadza,0,0,0,104,,13,12,1,1,11,-,0,,,bat,Zimbabwe,1,Seddon Park,2012,02,New Zealand_Zimbabwe_2012-02-14,New Zealand,Zimbabwe,New Zealand,False,200
68,BRM Taylor,RM Hira,H Masakadza,6,0,6,110,,19,13,1,2,11,-,0,,,bat,Zimbabwe,1,Seddon Park,2012,02,New Zealand_Zimbabwe_2012-02-14,New Zealand,Zimbabwe,New Zealand,False,200
69,BRM Taylor,RM Hira,H Masakadza,4,0,4,114,,23,14,1,3,11,-,0,,,bat,Zimbabwe,1,Seddon Park,2012,02,New Zealand_Zimbabwe_2012-02-14,New Zealand,Zimbabwe,New Zealand,False,200
70,BRM Taylor,RM Hira,H Masakadza,0,0,0,114,,23,15,1,4,11,-,0,,,bat,Zimbabwe,1,Seddon Park,2012,02,New Zealand_Zimbabwe_2012-02-14,New Zealand,Zimbabwe,New Zealand,False,200
71,BRM Taylor,RM Hira,H Masakadza,1,0,1,115,,24,16,1,5,11,-,0,,,bat,Zimbabwe,1,Seddon Park,2012,02,New Zealand_Zimbabwe_2012-02-14,New Zealand,Zimbabwe,New Zealand,False,200
72,H Masakadza,RM Hira,BRM Taylor,1,0,1,116,,58,37,1,6,11,-,0,,,bat,Zimbabwe,1,Seddon Park,2012,02,New Zealand_Zimbabwe_2012-02-14,New Zealand,Zimbabwe,New Zealand,False,200
73,H Masakadza,RJ Nicol,BRM Taylor,2,0,2,118,,60,38,1,1,12,-,0,,,bat,Zimbabwe,1,Seddon Park,2012,02,New Zealand_Zimbabwe_2012-02-14,New Zealand,Zimbabwe,New Zealand,False,200
74,H Masakadza,RJ Nicol,BRM Taylor,1,0,1,119,,61,39,1,2,12,-,0,,,bat,Zimbabwe,1,Seddon Park,2012,02,New Zealand_Zimbabwe_2012-02-14,New Zealand,Zimbabwe,New Zealand,False,200
75,BRM Taylor,RJ Nicol,H Masakadza,1,0,1,120,,25,17,1,3,12,-,0,,,bat,Zimbabwe,1,Seddon Park,2012,02,New Zealand_Zimbabwe_2012-02-14,New Zealand,Zimbabwe,New Zealand,False,200
76,H Masakadza,RJ Nicol,BRM Taylor,0,0,0,120,,61,40,1,4,12,-,0,,,bat,Zimbabwe,1,Seddon Park,2012,02,New Zealand_Zimbabwe_2012-02-14,New Zealand,Zimbabwe,New Zealand,False,200
77,H Masakadza,RJ Nicol,BRM Taylor,1,0,1,121,,62,41,1,5,12,-,0,,,bat,Zimbabwe,1,Seddon Park,2012,02,New Zealand_Zimbabwe_2012-02-14,New Zealand,Zimbabwe,New Zealand,False,200
78,BRM Taylor,RJ Nicol,H Masakadza,0,0,0,121,,25,18,1,6,12,-,0,,,bat,Zimbabwe,1,Seddon Park,2012,02,New Zealand_Zimbabwe_2012-02-14,New Zealand,Zimbabwe,New Zealand,False,200
79,H Masakadza,MD Bates,BRM Taylor,0,0,0,121,,62,42,2,1,13,-,caught,H Masakadza,C de Grandhomme,bat,Zimbabwe,1,Seddon Park,2012,02,New Zealand_Zimbabwe_2012-02-14,New Zealand,Zimbabwe,New Zealand,False,200
80,BRM Taylor,MD Bates,E Chigumbura,1,0,1,122,,26,19,2,2,13,-,0,,,bat,Zimbabwe,1,Seddon Park,2012,02,New Zealand_Zimbabwe_2012-02-14,New Zealand,Zimbabwe,New Zealand,False,200
81,E Chigumbura,MD Bates,BRM Taylor,1,0,1,123,,1,1,2,3,13,-,0,,,bat,Zimbabwe,1,Seddon Park,2012,02,New Zealand_Zimbabwe_2012-02-14,New Zealand,Zimbabwe,New Zealand,False,200
82,BRM Taylor,MD Bates,E Chigumbura,1,0,1,124,,27,20,2,4,13,-,0,,,bat,Zimbabwe,1,Seddon Park,2012,02,New Zealand_Zimbabwe_2012-02-14,New Zealand,Zimbabwe,New Zealand,False,200
83,E Chigumbura,MD Bates,BRM Taylor,4,0,4,128,,5,2,2,5,13,-,0,,,bat,Zimbabwe,1,Seddon Park,2012,02,New Zealand_Zimbabwe_2012-02-14,New Zealand,Zimbabwe,New Zealand,False,200
84,E Chigumbura,MD Bates,BRM Taylor,4,0,4,132,,9,3,2,6,13,-,0,,,bat,Zimbabwe,1,Seddon Park,2012,02,New Zealand_Zimbabwe_2012-02-14,New Zealand,Zimbabwe,New Zealand,False,200
85,BRM Taylor,KS Williamson,E Chigumbura,0,0,0,132,,27,21,2,1,14,-,0,,,bat,Zimbabwe,1,Seddon Park,2012,02,New Zealand_Zimbabwe_2012-02-14,New Zealand,Zimbabwe,New Zealand,False,200
86,BRM Taylor,KS Williamson,E Chigumbura,1,0,1,133,,28,22,2,2,14,-,0,,,bat,Zimbabwe,1,Seddon Park,2012,02,New Zealand_Zimbabwe_2012-02-14,New Zealand,Zimbabwe,New Zealand,False,200
87,E Chigumbura,KS Williamson,BRM Taylor,1,0,1,134,,10,4,2,3,14,-,0,,,bat,Zimbabwe,1,Seddon Park,2012,02,New Zealand_Zimbabwe_2012-02-14,New Zealand,Zimbabwe,New Zealand,False,200
88,BRM Taylor,KS Williamson,E Chigumbura,2,0,2,136,,30,23,2,4,14,-,0,,,bat,Zimbabwe,1,Seddon Park,2012,02,New Zealand_Zimbabwe_2012-02-14,New Zealand,Zimbabwe,New Zealand,False,200
89,BRM Taylor,KS Williamson,E Chigumbura,2,0,2,138,,32,24,2,5,14,-,0,,,bat,Zimbabwe,1,Seddon Park,2012,02,New Zealand_Zimbabwe_2012-02-14,New Zealand,Zimbabwe,New Zealand,False,200
90,BRM Taylor,KS Williamson,E Chigumbura,4,0,4,142,,36,25,2,6,14,-,0,,,bat,Zimbabwe,1,Seddon Park,2012,02,New Zealand_Zimbabwe_2012-02-14,New Zealand,Zimbabwe,New Zealand,False,200
91,E Chigumbura,TG Southee,BRM Taylor,1,0,1,143,,11,5,2,1,15,-,0,,,bat,Zimbabwe,1,Seddon Park,2012,02,New Zealand_Zimbabwe_2012-02-14,New Zealand,Zimbabwe,New Zealand,False,200
92,BRM Taylor,TG Southee,E Chigumbura,0,0,0,143,,36,26,2,2,15,-,0,,,bat,Zimbabwe,1,Seddon Park,2012,02,New Zealand_Zimbabwe_2012-02-14,New Zealand,Zimbabwe,New Zealand,False,200
93,BRM Taylor,TG Southee,E Chigumbura,1,0,1,144,,37,27,2,3,15,-,0,,,bat,Zimbabwe,1,Seddon Park,2012,02,New Zealand_Zimbabwe_2012-02-14,New Zealand,Zimbabwe,New Zealand,False,200
94,E Chigumbura,TG Southee,BRM Taylor,1,0,1,145,,12,6,2,4,15,-,0,,,bat,Zimbabwe,1,Seddon Park,2012,02,New Zealand_Zimbabwe_2012-02-14,New Zealand,Zimbabwe,New Zealand,False,200
95,BRM Taylor,TG Southee,E Chigumbura,2,0,2,147,,39,28,2,5,15,-,0,,,bat,Zimbabwe,1,Seddon Park,2012,02,New Zealand_Zimbabwe_2012-02-14,New Zealand,Zimbabwe,New Zealand,False,200
96,BRM Taylor,TG Southee,E Chigumbura,6,0,6,153,,45,29,2,6,15,-,0,,,bat,Zimbabwe,1,Seddon Park,2012,02,New Zealand_Zimbabwe_2012-02-14,New Zealand,Zimbabwe,New Zealand,False,200
97,E Chigumbura,KD Mills,BRM Taylor,0,0,0,153,,12,7,2,1,16,-,0,,,bat,Zimbabwe,1,Seddon Park,2012,02,New Zealand_Zimbabwe_2012-02-14,New Zealand,Zimbabwe,New Zealand,False,200
98,E Chigumbura,KD Mills,BRM Taylor,4,0,4,157,,16,8,2,2,16,-,0,,,bat,Zimbabwe,1,Seddon Park,2012,02,New Zealand_Zimbabwe_2012-02-14,New Zealand,Zimbabwe,New Zealand,False,200
99,E Chigumbura,KD Mills,BRM Taylor,4,0,4,161,,20,9,2,3,16,-,0,,,bat,Zimbabwe,1,Seddon Park,2012,02,New Zealand_Zimbabwe_2012-02-14,New Zealand,Zimbabwe,New Zealand,False,200
100,E Chigumbura,KD Mills,BRM Taylor,1,0,1,162,,21,10,2,4,16,-,0,,,bat,Zimbabwe,1,Seddon Park,2012,02,New Zealand_Zimbabwe_2012-02-14,New Zealand,Zimbabwe,New Zealand,False,200
101,BRM Taylor,KD Mills,E Chigumbura,1,0,1,163,,46,30,2,5,16,-,0,,,bat,Zimbabwe,1,Seddon Park,2012,02,New Zealand_Zimbabwe_2012-02-14,New Zealand,Zimbabwe,New Zealand,False,200
102,E Chigumbura,KD Mills,BRM Taylor,4,0,4,167,,25,11,2,6,16,-,0,,,bat,Zimbabwe,1,Seddon Park,2012,02,New Zealand_Zimbabwe_2012-02-14,New Zealand,Zimbabwe,New Zealand,False,200
103,BRM Taylor,MD Bates,E Chigumbura,6,0,6,173,,52,31,2,1,17,-,0,,,bat,Zimbabwe,1,Seddon Park,2012,02,New Zealand_Zimbabwe_2012-02-14,New Zealand,Zimbabwe,New Zealand,False,200
104,BRM Taylor,MD Bates,E Chigumbura,4,0,4,177,,56,32,2,2,17,-,0,,,bat,Zimbabwe,1,Seddon Park,2012,02,New Zealand_Zimbabwe_2012-02-14,New Zealand,Zimbabwe,New Zealand,False,200
105,BRM Taylor,MD Bates,E Chigumbura,1,0,1,178,,57,33,2,3,17,-,0,,,bat,Zimbabwe,1,Seddon Park,2012,02,New Zealand_Zimbabwe_2012-02-14,New Zealand,Zimbabwe,New Zealand,False,200
106,E Chigumbura,MD Bates,BRM Taylor,1,0,1,179,,26,12,2,4,17,-,0,,,bat,Zimbabwe,1,Seddon Park,2012,02,New Zealand_Zimbabwe_2012-02-14,New Zealand,Zimbabwe,New Zealand,False,200
107,BRM Taylor,MD Bates,E Chigumbura,2,0,2,181,,59,34,2,5,17,-,0,,,bat,Zimbabwe,1,Seddon Park,2012,02,New Zealand_Zimbabwe_2012-02-14,New Zealand,Zimbabwe,New Zealand,False,200
108,BRM Taylor,MD Bates,E Chigumbura,3,0,3,184,,62,35,2,6,17,-,0,,,bat,Zimbabwe,1,Seddon Park,2012,02,New Zealand_Zimbabwe_2012-02-14,New Zealand,Zimbabwe,New Zealand,False,200
109,BRM Taylor,TG Southee,E Chigumbura,1,0,1,185,,63,36,2,1,18,-,0,,,bat,Zimbabwe,1,Seddon Park,2012,02,New Zealand_Zimbabwe_2012-02-14,New Zealand,Zimbabwe,New Zealand,False,200
110,E Chigumbura,TG Southee,BRM Taylor,1,0,1,186,,27,13,2,2,18,-,0,,,bat,Zimbabwe,1,Seddon Park,2012,02,New Zealand_Zimbabwe_2012-02-14,New Zealand,Zimbabwe,New Zealand,False,200
111,BRM Taylor,TG Southee,E Chigumbura,4,0,4,190,,67,37,2,3,18,-,0,,,bat,Zimbabwe,1,Seddon Park,2012,02,New Zealand_Zimbabwe_2012-02-14,New Zealand,Zimbabwe,New Zealand,False,200
112,BRM Taylor,TG Southee,E Chigumbura,0,0,0,190,,67,38,2,4,18,-,0,,,bat,Zimbabwe,1,Seddon Park,2012,02,New Zealand_Zimbabwe_2012-02-14,New Zealand,Zimbabwe,New Zealand,False,200
113,BRM Taylor,TG Southee,E Chigumbura,4,0,4,194,,71,39,2,5,18,-,0,,,bat,Zimbabwe,1,Seddon Park,2012,02,New Zealand_Zimbabwe_2012-02-14,New Zealand,Zimbabwe,New Zealand,False,200
114,BRM Taylor,TG Southee,E Chigumbura,1,0,1,195,,72,40,2,6,18,-,0,,,bat,Zimbabwe,1,Seddon Park,2012,02,New Zealand_Zimbabwe_2012-02-14,New Zealand,Zimbabwe,New Zealand,False,200
115,BRM Taylor,KD Mills,E Chigumbura,1,0,1,196,,73,41,2,1,19,-,0,,,bat,Zimbabwe,1,Seddon Park,2012,02,New Zealand_Zimbabwe_2012-02-14,New Zealand,Zimbabwe,New Zealand,False,200
116,E Chigumbura,KD Mills,BRM Taylor,0,0,0,196,,27,14,2,2,19,-,0,,,bat,Zimbabwe,1,Seddon Park,2012,02,New Zealand_Zimbabwe_2012-02-14,New Zealand,Zimbabwe,New Zealand,False,200
117,E Chigumbura,KD Mills,BRM Taylor,1,0,1,197,,28,15,2,3,19,-,0,,,bat,Zimbabwe,1,Seddon Park,2012,02,New Zealand_Zimbabwe_2012-02-14,New Zealand,Zimbabwe,New Zealand,False,200
118,BRM Taylor,KD Mills,E Chigumbura,1,0,1,198,,74,42,2,4,19,-,0,,,bat,Zimbabwe,1,Seddon Park,2012,02,New Zealand_Zimbabwe_2012-02-14,New Zealand,Zimbabwe,New Zealand,False,200
119,E Chigumbura,KD Mills,BRM Taylor,1,0,1,199,,29,16,2,5,19,-,0,,,bat,Zimbabwe,1,Seddon Park,2012,02,New Zealand_Zimbabwe_2012-02-14,New Zealand,Zimbabwe,New Zealand,False,200
120,BRM Taylor,KD Mills,E Chigumbura,1,0,1,200,,75,43,2,6,19,-,0,,,bat,Zimbabwe,1,Seddon Park,2012,02,New Zealand_Zimbabwe_2012-02-14,New Zealand,Zimbabwe,New Zealand,False,200
