,batter,bowler,non_striker,runs_by_bat,extra_runs,total_runs_delivery,current_team_total,runs_remain,batter_runs,balls_faced,wickets_fallen,delivery,extra_type,over,wicket_type,player_out,fielder,toss_decision,toss_winner,innings,venue,year,month,match_id,winning_team,batting_team,bowling_team,won,final_team_total
0,BB McCullum,CB Mpofu,MJ Guptill,0,0,0,0,,0,1,0,1,-,0,0,,,field,Zimbabwe,1,Harare Sports Club,2011,10,Zimbabwe_New Zealand_2011-10-17,New Zealand,New Zealand,Zimbabwe,True,187
1,BB McCullum,CB Mpofu,MJ Guptill,0,0,0,0,,0,2,0,2,-,0,0,,,field,Zimbabwe,1,Harare Sports Club,2011,10,Zimbabwe_New Zealand_2011-10-17,New Zealand,New Zealand,Zimbabwe,True,187
2,BB McCullum,CB Mpofu,MJ Guptill,2,0,2,2,,2,3,0,3,-,0,0,,,field,Zimbabwe,1,Harare Sports Club,2011,10,Zimbabwe_New Zealand_2011-10-17,New Zealand,New Zealand,Zimbabwe,True,187
3,BB McCullum,CB Mpofu,MJ Guptill,0,0,0,2,,2,4,0,4,-,0,0,,,field,Zimbabwe,1,Harare Sports Club,2011,10,Zimbabwe_New Zealand_2011-10-17,New Zealand,New Zealand,Zimbabwe,True,187
4,BB McCullum,CB Mpofu,MJ Guptill,0,1,1,3,,2,5,0,5,legbyes,0,0,,,field,Zimbabwe,1,Harare Sports Club,2011,10,Zimbabwe_New Zealand_2011-10-17,New Zealand,New Zealand,Zimbabwe,True,187
5,MJ Guptill,CB Mpofu,BB McCullum,0,5,5,8,,0,1,0,6,wides,0,0,,,field,Zimbabwe,1,Harare Sports Club,2011,10,Zimbabwe_New Zealand_2011-10-17,New Zealand,New Zealand,Zimbabwe,True,187
6,MJ Guptill,CB Mpofu,BB McCullum,0,0,0,8,,0,2,0,7,-,0,0,,,field,Zimbabwe,1,Harare Sports Club,2011,10,Zimbabwe_New Zealand_2011-10-17,New Zealand,New Zealand,Zimbabwe,True,187
7,BB McCullum,KM Jarvis,MJ Guptill,0,1,1,9,,2,6,0,1,legbyes,1,0,,,field,Zimbabwe,1,Harare Sports Club,2011,10,Zimbabwe_New Zealand_2011-10-17,New Zealand,New Zealand,Zimbabwe,True,187
8,MJ Guptill,KM Jarvis,BB McCullum,0,0,0,9,,0,3,0,2,-,1,0,,,field,Zimbabwe,1,Harare Sports Club,2011,10,Zimbabwe_New Zealand_2011-10-17,New Zealand,New Zealand,Zimbabwe,True,187
9,MJ Guptill,KM Jarvis,BB McCullum,1,0,1,10,,1,4,0,3,-,1,0,,,field,Zimbabwe,1,Harare Sports Club,2011,10,Zimbabwe_New Zealand_2011-10-17,New Zealand,New Zealand,Zimbabwe,True,187
10,BB McCullum,KM Jarvis,MJ Guptill,0,0,0,10,,2,7,0,4,-,1,0,,,field,Zimbabwe,1,Harare Sports Club,2011,10,Zimbabwe_New Zealand_2011-10-17,New Zealand,New Zealand,Zimbabwe,True,187
11,BB McCullum,KM Jarvis,MJ Guptill,6,0,6,16,,8,8,0,5,-,1,0,,,field,Zimbabwe,1,Harare Sports Club,2011,10,Zimbabwe_New Zealand_2011-10-17,New Zealand,New Zealand,Zimbabwe,True,187
12,BB McCullum,KM Jarvis,MJ Guptill,1,0,1,17,,9,9,0,6,-,1,0,,,field,Zimbabwe,1,Harare Sports Club,2011,10,Zimbabwe_New Zealand_2011-10-17,New Zealand,New Zealand,Zimbabwe,True,187
13,BB McCullum,CB Mpofu,MJ Guptill,0,1,1,18,,9,10,0,1,legbyes,2,0,,,field,Zimbabwe,1,Harare Sports Club,2011,10,Zimbabwe_New Zealand_2011-10-17,New Zealand,New Zealand,Zimbabwe,True,187
14,MJ Guptill,CB Mpofu,BB McCullum,0,0,0,18,,1,5,0,2,-,2,0,,,field,Zimbabwe,1,Harare Sports Club,2011,10,Zimbabwe_New Zealand_2011-10-17,New Zealand,New Zealand,Zimbabwe,True,187
15,MJ Guptill,CB Mpofu,BB McCullum,0,1,1,19,,1,6,0,3,wides,2,0,,,field,Zimbabwe,1,Harare Sports Club,2011,10,Zimbabwe_New Zealand_2011-10-17,New Zealand,New Zealand,Zimbabwe,True,187
16,MJ Guptill,CB Mpofu,BB McCullum,1,0,1,20,,2,7,0,4,-,2,0,,,field,Zimbabwe,1,Harare Sports Club,2011,10,Zimbabwe_New Zealand_2011-10-17,New Zealand,New Zealand,Zimbabwe,True,187
17,BB McCullum,CB Mpofu,MJ Guptill,6,0,6,26,,15,11,0,5,-,2,0,,,field,Zimbabwe,1,Harare Sports Club,2011,10,Zimbabwe_New Zealand_2011-10-17,New Zealand,New Zealand,Zimbabwe,True,187
18,BB McCullum,CB Mpofu,MJ Guptill,0,0,0,26,,15,12,0,6,-,2,0,,,field,Zimbabwe,1,Harare Sports Club,2011,10,Zimbabwe_New Zealand_2011-10-17,New Zealand,New Zealand,Zimbabwe,True,187
19,BB McCullum,CB Mpofu,MJ Guptill,0,1,1,27,,15,13,0,7,wides,2,0,,,field,Zimbabwe,1,Harare Sports Club,2011,10,Zimbabwe_New Zealand_2011-10-17,New Zealand,New Zealand,Zimbabwe,True,187
20,BB McCullum,CB Mpofu,MJ Guptill,1,0,1,28,,16,14,0,8,-,2,0,,,field,Zimbabwe,1,Harare Sports Club,2011,10,Zimbabwe_New Zealand_2011-10-17,New Zealand,New Zealand,Zimbabwe,True,187
21,BB McCullum,KM Jarvis,MJ Guptill,1,0,1,29,,17,15,0,1,-,3,0,,,field,Zimbabwe,1,Harare Sports Club,2011,10,Zimbabwe_New Zealand_2011-10-17,New Zealand,New Zealand,Zimbabwe,True,187
22,MJ Guptill,KM Jarvis,BB McCullum,0,1,1,30,,2,8,0,2,noballs,3,0,,,field,Zimbabwe,1,Harare Sports Club,2011,10,Zimbabwe_New Zealand_2011-10-17,New Zealand,New Zealand,Zimbabwe,True,187
23,MJ Guptill,KM Jarvis,BB McCullum,4,0,4,34,,6,9,0,3,-,3,0,,,field,Zimbabwe,1,Harare Sports Club,2011,10,Zimbabwe_New Zealand_2011-10-17,New Zealand,New Zealand,Zimbabwe,True,187
24,MJ Guptill,KM Jarvis,BB McCullum,4,0,4,38,,10,10,0,4,-,3,0,,,field,Zimbabwe,1,Harare Sports Club,2011,10,Zimbabwe_New Zealand_2011-10-17,New Zealand,New Zealand,Zimbabwe,True,187
25,MJ Guptill,KM Jarvis,BB McCullum,1,0,1,39,,11,11,0,5,-,3,0,,,field,Zimbabwe,1,Harare Sports Club,2011,10,Zimbabwe_New Zealand_2011-10-17,New Zealand,New Zealand,Zimbabwe,True,187
26,BB McCullum,KM Jarvis,MJ Guptill,0,0,0,39,,17,16,0,6,-,3,0,,,field,Zimbabwe,1,Harare Sports Club,2011,10,Zimbabwe_New Zealand_2011-10-17,New Zealand,New Zealand,Zimbabwe,True,187
27,BB McCullum,KM Jarvis,MJ Guptill,0,1,1,40,,17,17,0,7,legbyes,3,0,,,field,Zimbabwe,1,Harare Sports Club,2011,10,Zimbabwe_New Zealand_2011-10-17,New Zealand,New Zealand,Zimbabwe,True,187
28,BB McCullum,RW Price,MJ Guptill,1,0,1,41,,18,18,0,1,-,4,0,,,field,Zimbabwe,1,Harare Sports Club,2011,10,Zimbabwe_New Zealand_2011-10-17,New Zealand,New Zealand,Zimbabwe,True,187
29,MJ Guptill,RW Price,BB McCullum,0,1,1,42,,11,12,0,2,wides,4,0,,,field,Zimbabwe,1,Harare Sports Club,2011,10,Zimbabwe_New Zealand_2011-10-17,New Zealand,New Zealand,Zimbabwe,True,187
30,MJ Guptill,RW Price,BB McCullum,0,0,0,42,,11,13,0,3,-,4,0,,,field,Zimbabwe,1,Harare Sports Club,2011,10,Zimbabwe_New Zealand_2011-10-17,New Zealand,New Zealand,Zimbabwe,True,187
31,MJ Guptill,RW Price,BB McCullum,1,0,1,43,,12,14,0,4,-,4,0,,,field,Zimbabwe,1,Harare Sports Club,2011,10,Zimbabwe_New Zealand_2011-10-17,New Zealand,New Zealand,Zimbabwe,True,187
32,BB McCullum,RW Price,MJ Guptill,3,0,3,46,,21,19,0,5,-,4,0,,,field,Zimbabwe,1,Harare Sports Club,2011,10,Zimbabwe_New Zealand_2011-10-17,New Zealand,New Zealand,Zimbabwe,True,187
33,MJ Guptill,RW Price,BB McCullum,0,0,0,46,,12,15,0,6,-,4,0,,,field,Zimbabwe,1,Harare Sports Club,2011,10,Zimbabwe_New Zealand_2011-10-17,New Zealand,New Zealand,Zimbabwe,True,187
34,MJ Guptill,RW Price,BB McCullum,1,0,1,47,,13,16,0,7,-,4,0,,,field,Zimbabwe,1,Harare Sports Club,2011,10,Zimbabwe_New Zealand_2011-10-17,New Zealand,New Zealand,Zimbabwe,True,187
35,MJ Guptill,E Chigumbura,BB McCullum,4,0,4,51,,17,17,0,1,-,5,0,,,field,Zimbabwe,1,Harare Sports Club,2011,10,Zimbabwe_New Zealand_2011-10-17,New Zealand,New Zealand,Zimbabwe,True,187
36,MJ Guptill,E Chigumbura,BB McCullum,0,0,0,51,,17,18,0,2,-,5,0,,,field,Zimbabwe,1,Harare Sports Club,2011,10,Zimbabwe_New Zealand_2011-10-17,New Zealand,New Zealand,Zimbabwe,True,187
37,MJ Guptill,E Chigumbura,BB McCullum,0,0,0,51,,17,19,0,3,-,5,0,,,field,Zimbabwe,1,Harare Sports Club,2011,10,Zimbabwe_New Zealand_2011-10-17,New Zealand,New Zealand,Zimbabwe,True,187
38,MJ Guptill,E Chigumbura,BB McCullum,0,0,0,51,,17,20,0,4,-,5,0,,,field,Zimbabwe,1,Harare Sports Club,2011,10,Zimbabwe_New Zealand_2011-10-17,New Zealand,New Zealand,Zimbabwe,True,187
39,MJ Guptill,E Chigumbura,BB McCullum,1,0,1,52,,18,21,0,5,-,5,0,,,field,Zimbabwe,1,Harare Sports Club,2011,10,Zimbabwe_New Zealand_2011-10-17,New Zealand,New Zealand,Zimbabwe,True,187
40,BB McCullum,E Chigumbura,MJ Guptill,1,0,1,53,,22,20,0,6,-,5,0,,,field,Zimbabwe,1,Harare Sports Club,2011,10,Zimbabwe_New Zealand_2011-10-17,New Zealand,New Zealand,Zimbabwe,True,187
41,BB McCullum,P Utseya,MJ Guptill,0,0,0,53,,22,21,0,1,-,6,0,,,field,Zimbabwe,1,Harare Sports Club,2011,10,Zimbabwe_New Zealand_2011-10-17,New Zealand,New Zealand,Zimbabwe,True,187
42,BB McCullum,P Utseya,MJ Guptill,0,0,0,53,,22,22,0,2,-,6,0,,,field,Zimbabwe,1,Harare Sports Club,2011,10,Zimbabwe_New Zealand_2011-10-17,New Zealand,New Zealand,Zimbabwe,True,187
43,BB McCullum,P Utseya,MJ Guptill,2,0,2,55,,24,23,0,3,-,6,0,,,field,Zimbabwe,1,Harare Sports Club,2011,10,Zimbabwe_New Zealand_2011-10-17,New Zealand,New Zealand,Zimbabwe,True,187
44,BB McCullum,P Utseya,MJ Guptill,6,0,6,61,,30,24,0,4,-,6,0,,,field,Zimbabwe,1,Harare Sports Club,2011,10,Zimbabwe_New Zealand_2011-10-17,New Zealand,New Zealand,Zimbabwe,True,187
45,BB McCullum,P Utseya,MJ Guptill,1,0,1,62,,31,25,0,5,-,6,0,,,field,Zimbabwe,1,Harare Sports Club,2011,10,Zimbabwe_New Zealand_2011-10-17,New Zealand,New Zealand,Zimbabwe,True,187
46,MJ Guptill,P Utseya,BB McCullum,1,0,1,63,,19,22,0,6,-,6,0,,,field,Zimbabwe,1,Harare Sports Club,2011,10,Zimbabwe_New Zealand_2011-10-17,New Zealand,New Zealand,Zimbabwe,True,187
47,MJ Guptill,RW Price,BB McCullum,0,0,0,63,,19,23,0,1,-,7,0,,,field,Zimbabwe,1,Harare Sports Club,2011,10,Zimbabwe_New Zealand_2011-10-17,New Zealand,New Zealand,Zimbabwe,True,187
48,MJ Guptill,RW Price,BB McCullum,0,0,0,63,,19,24,0,2,-,7,0,,,field,Zimbabwe,1,Harare Sports Club,2011,10,Zimbabwe_New Zealand_2011-10-17,New Zealand,New Zealand,Zimbabwe,True,187
49,MJ Guptill,RW Price,BB McCullum,1,0,1,64,,20,25,0,3,-,7,0,,,field,Zimbabwe,1,Harare Sports Club,2011,10,Zimbabwe_New Zealand_2011-10-17,New Zealand,New Zealand,Zimbabwe,True,187
50,BB McCullum,RW Price,MJ Guptill,4,0,4,68,,35,26,0,4,-,7,0,,,field,Zimbabwe,1,Harare Sports Club,2011,10,Zimbabwe_New Zealand_2011-10-17,New Zealand,New Zealand,Zimbabwe,True,187
51,BB McCullum,RW Price,MJ Guptill,1,0,1,69,,36,27,0,5,-,7,0,,,field,Zimbabwe,1,Harare Sports Club,2011,10,Zimbabwe_New Zealand_2011-10-17,New Zealand,New Zealand,Zimbabwe,True,187
52,MJ Guptill,RW Price,BB McCullum,0,1,1,70,,20,26,0,6,legbyes,7,0,,,field,Zimbabwe,1,Harare Sports Club,2011,10,Zimbabwe_New Zealand_2011-10-17,New Zealand,New Zealand,Zimbabwe,True,187
53,MJ Guptill,P Utseya,BB McCullum,6,0,6,76,,26,27,0,1,-,8,0,,,field,Zimbabwe,1,Harare Sports Club,2011,10,Zimbabwe_New Zealand_2011-10-17,New Zealand,New Zealand,Zimbabwe,True,187
54,MJ Guptill,P Utseya,BB McCullum,1,0,1,77,,27,28,0,2,-,8,0,,,field,Zimbabwe,1,Harare Sports Club,2011,10,Zimbabwe_New Zealand_2011-10-17,New Zealand,New Zealand,Zimbabwe,True,187
55,BB McCullum,P Utseya,MJ Guptill,1,0,1,78,,37,28,0,3,-,8,0,,,field,Zimbabwe,1,Harare Sports Club,2011,10,Zimbabwe_New Zealand_2011-10-17,New Zealand,New Zealand,Zimbabwe,True,187
56,MJ Guptill,P Utseya,BB McCullum,3,0,3,81,,30,29,0,4,-,8,0,,,field,Zimbabwe,1,Harare Sports Club,2011,10,Zimbabwe_New Zealand_2011-10-17,New Zealand,New Zealand,Zimbabwe,True,187
57,BB McCullum,P Utseya,MJ Guptill,6,1,7,88,,43,29,0,5,noballs,8,0,,,field,Zimbabwe,1,Harare Sports Club,2011,10,Zimbabwe_New Zealand_2011-10-17,New Zealand,New Zealand,Zimbabwe,True,187
58,BB McCullum,P Utseya,MJ Guptill,0,0,0,88,,43,30,0,6,-,8,0,,,field,Zimbabwe,1,Harare Sports Club,2011,10,Zimbabwe_New Zealand_2011-10-17,New Zealand,New Zealand,Zimbabwe,True,187
59,BB McCullum,P Utseya,MJ Guptill,6,0,6,94,,49,31,0,7,-,8,0,,,field,Zimbabwe,1,Harare Sports Club,2011,10,Zimbabwe_New Zealand_2011-10-17,New Zealand,New Zealand,Zimbabwe,True,187
60,MJ Guptill,E Chigumbura,BB McCullum,1,0,1,95,,31,30,0,1,-,9,0,,,field,Zimbabwe,1,Harare Sports Club,2011,10,Zimbabwe_New Zealand_2011-10-17,New Zealand,New Zealand,Zimbabwe,True,187
61,BB McCullum,E Chigumbura,MJ Guptill,1,0,1,96,,50,32,0,2,-,9,0,,,field,Zimbabwe,1,Harare Sports Club,2011,10,Zimbabwe_New Zealand_2011-10-17,New Zealand,New Zealand,Zimbabwe,True,187
62,MJ Guptill,E Chigumbura,BB McCullum,0,1,1,97,,31,31,0,3,wides,9,0,,,field,Zimbabwe,1,Harare Sports Club,2011,10,Zimbabwe_New Zealand_2011-10-17,New Zealand,New Zealand,Zimbabwe,True,187
63,MJ Guptill,E Chigumbura,BB McCullum,2,0,2,99,,33,32,0,4,-,9,0,,,field,Zimbabwe,1,Harare Sports Club,2011,10,Zimbabwe_New Zealand_2011-10-17,New Zealand,New Zealand,Zimbabwe,True,187
64,MJ Guptill,E Chigumbura,BB McCullum,4,0,4,103,,37,33,0,5,-,9,0,,,field,Zimbabwe,1,Harare Sports Club,2011,10,Zimbabwe_New Zealand_2011-10-17,New Zealand,New Zealand,Zimbabwe,True,187
65,MJ Guptill,E Chigumbura,BB McCullum,0,0,0,103,,37,34,0,6,-,9,0,,,field,Zimbabwe,1,Harare Sports Club,2011,10,Zimbabwe_New Zealand_2011-10-17,New Zealand,New Zealand,Zimbabwe,True,187
66,MJ Guptill,E Chigumbura,BB McCullum,2,0,2,105,,39,35,0,7,-,9,0,,,field,Zimbabwe,1,Harare Sports Club,2011,10,Zimbabwe_New Zealand_2011-10-17,New Zealand,New Zealand,Zimbabwe,True,187
67,BB McCullum,RW Price,MJ Guptill,2,0,2,107,,52,33,0,1,-,10,0,,,field,Zimbabwe,1,Harare Sports Club,2011,10,Zimbabwe_New Zealand_2011-10-17,New Zealand,New Zealand,Zimbabwe,True,187
68,BB McCullum,RW Price,MJ Guptill,6,0,6,113,,58,34,0,2,-,10,0,,,field,Zimbabwe,1,Harare Sports Club,2011,10,Zimbabwe_New Zealand_2011-10-17,New Zealand,New Zealand,Zimbabwe,True,187
69,BB McCullum,RW Price,MJ Guptill,1,0,1,114,,59,35,0,3,-,10,0,,,field,Zimbabwe,1,Harare Sports Club,2011,10,Zimbabwe_New Zealand_2011-10-17,New Zealand,New Zealand,Zimbabwe,True,187
70,MJ Guptill,RW Price,BB McCullum,1,0,1,115,,40,36,0,4,-,10,0,,,field,Zimbabwe,1,Harare Sports Club,2011,10,Zimbabwe_New Zealand_2011-10-17,New Zealand,New Zealand,Zimbabwe,True,187
71,BB McCullum,RW Price,MJ Guptill,4,0,4,119,,63,36,0,5,-,10,0,,,field,Zimbabwe,1,Harare Sports Club,2011,10,Zimbabwe_New Zealand_2011-10-17,New Zealand,New Zealand,Zimbabwe,True,187
72,BB McCullum,RW Price,MJ Guptill,1,0,1,120,,64,37,0,6,-,10,0,,,field,Zimbabwe,1,Harare Sports Club,2011,10,Zimbabwe_New Zealand_2011-10-17,New Zealand,New Zealand,Zimbabwe,True,187
73,BB McCullum,KM Jarvis,MJ Guptill,0,0,0,120,,64,38,1,1,-,11,bowled,BB McCullum,,field,Zimbabwe,1,Harare Sports Club,2011,10,Zimbabwe_New Zealand_2011-10-17,New Zealand,New Zealand,Zimbabwe,True,187
74,JD Ryder,KM Jarvis,MJ Guptill,1,0,1,121,,1,1,1,2,-,11,0,,,field,Zimbabwe,1,Harare Sports Club,2011,10,Zimbabwe_New Zealand_2011-10-17,New Zealand,New Zealand,Zimbabwe,True,187
75,MJ Guptill,KM Jarvis,JD Ryder,2,0,2,123,,42,37,1,3,-,11,0,,,field,Zimbabwe,1,Harare Sports Club,2011,10,Zimbabwe_New Zealand_2011-10-17,New Zealand,New Zealand,Zimbabwe,True,187
76,MJ Guptill,KM Jarvis,JD Ryder,1,0,1,124,,43,38,1,4,-,11,0,,,field,Zimbabwe,1,Harare Sports Club,2011,10,Zimbabwe_New Zealand_2011-10-17,New Zealand,New Zealand,Zimbabwe,True,187
77,JD Ryder,KM Jarvis,MJ Guptill,1,0,1,125,,2,2,1,5,-,11,0,,,field,Zimbabwe,1,Harare Sports Club,2011,10,Zimbabwe_New Zealand_2011-10-17,New Zealand,New Zealand,Zimbabwe,True,187
78,MJ Guptill,KM Jarvis,JD Ryder,2,0,2,127,,45,39,1,6,-,11,0,,,field,Zimbabwe,1,Harare Sports Club,2011,10,Zimbabwe_New Zealand_2011-10-17,New Zealand,New Zealand,Zimbabwe,True,187
79,JD Ryder,P Utseya,MJ Guptill,1,0,1,128,,3,3,1,1,-,12,0,,,field,Zimbabwe,1,Harare Sports Club,2011,10,Zimbabwe_New Zealand_2011-10-17,New Zealand,New Zealand,Zimbabwe,True,187
80,MJ Guptill,P Utseya,JD Ryder,1,0,1,129,,46,40,1,2,-,12,0,,,field,Zimbabwe,1,Harare Sports Club,2011,10,Zimbabwe_New Zealand_2011-10-17,New Zealand,New Zealand,Zimbabwe,True,187
81,JD Ryder,P Utseya,MJ Guptill,0,0,0,129,,3,4,1,3,-,12,0,,,field,Zimbabwe,1,Harare Sports Club,2011,10,Zimbabwe_New Zealand_2011-10-17,New Zealand,New Zealand,Zimbabwe,True,187
82,JD Ryder,P Utseya,MJ Guptill,4,0,4,133,,7,5,1,4,-,12,0,,,field,Zimbabwe,1,Harare Sports Club,2011,10,Zimbabwe_New Zealand_2011-10-17,New Zealand,New Zealand,Zimbabwe,True,187
83,JD Ryder,P Utseya,MJ Guptill,1,0,1,134,,8,6,1,5,-,12,0,,,field,Zimbabwe,1,Harare Sports Club,2011,10,Zimbabwe_New Zealand_2011-10-17,New Zealand,New Zealand,Zimbabwe,True,187
84,MJ Guptill,P Utseya,JD Ryder,4,0,4,138,,50,41,1,6,-,12,0,,,field,Zimbabwe,1,Harare Sports Club,2011,10,Zimbabwe_New Zealand_2011-10-17,New Zealand,New Zealand,Zimbabwe,True,187
85,JD Ryder,RW Price,MJ Guptill,0,0,0,138,,8,7,1,1,-,13,0,,,field,Zimbabwe,1,Harare Sports Club,2011,10,Zimbabwe_New Zealand_2011-10-17,New Zealand,New Zealand,Zimbabwe,True,187
86,JD Ryder,RW Price,MJ Guptill,4,0,4,142,,12,8,1,2,-,13,0,,,field,Zimbabwe,1,Harare Sports Club,2011,10,Zimbabwe_New Zealand_2011-10-17,New Zealand,New Zealand,Zimbabwe,True,187
87,JD Ryder,RW Price,MJ Guptill,1,0,1,143,,13,9,1,3,-,13,0,,,field,Zimbabwe,1,Harare Sports Club,2011,10,Zimbabwe_New Zealand_2011-10-17,New Zealand,New Zealand,Zimbabwe,True,187
88,MJ Guptill,RW Price,JD Ryder,0,0,0,143,,50,42,1,4,-,13,0,,,field,Zimbabwe,1,Harare Sports Club,2011,10,Zimbabwe_New Zealand_2011-10-17,New Zealand,New Zealand,Zimbabwe,True,187
89,MJ Guptill,RW Price,JD Ryder,0,1,1,144,,50,43,1,5,legbyes,13,0,,,field,Zimbabwe,1,Harare Sports Club,2011,10,Zimbabwe_New Zealand_2011-10-17,New Zealand,New Zealand,Zimbabwe,True,187
90,JD Ryder,RW Price,MJ Guptill,1,0,1,145,,14,10,1,6,-,13,0,,,field,Zimbabwe,1,Harare Sports Club,2011,10,Zimbabwe_New Zealand_2011-10-17,New Zealand,New Zealand,Zimbabwe,True,187
91,JD Ryder,CJ Chibhabha,MJ Guptill,2,0,2,147,,16,11,1,1,-,14,0,,,field,Zimbabwe,1,Harare Sports Club,2011,10,Zimbabwe_New Zealand_2011-10-17,New Zealand,New Zealand,Zimbabwe,True,187
92,JD Ryder,CJ Chibhabha,MJ Guptill,1,0,1,148,,17,12,1,2,-,14,0,,,field,Zimbabwe,1,Harare Sports Club,2011,10,Zimbabwe_New Zealand_2011-10-17,New Zealand,New Zealand,Zimbabwe,True,187
93,MJ Guptill,CJ Chibhabha,JD Ryder,1,0,1,149,,51,44,1,3,-,14,0,,,field,Zimbabwe,1,Harare Sports Club,2011,10,Zimbabwe_New Zealand_2011-10-17,New Zealand,New Zealand,Zimbabwe,True,187
94,JD Ryder,CJ Chibhabha,MJ Guptill,1,0,1,150,,18,13,1,4,-,14,0,,,field,Zimbabwe,1,Harare Sports Club,2011,10,Zimbabwe_New Zealand_2011-10-17,New Zealand,New Zealand,Zimbabwe,True,187
95,MJ Guptill,CJ Chibhabha,JD Ryder,0,0,0,150,,51,45,1,5,-,14,0,,,field,Zimbabwe,1,Harare Sports Club,2011,10,Zimbabwe_New Zealand_2011-10-17,New Zealand,New Zealand,Zimbabwe,True,187
96,MJ Guptill,CJ Chibhabha,JD Ryder,4,0,4,154,,55,46,1,6,-,14,0,,,field,Zimbabwe,1,Harare Sports Club,2011,10,Zimbabwe_New Zealand_2011-10-17,New Zealand,New Zealand,Zimbabwe,True,187
97,JD Ryder,CB Mpofu,MJ Guptill,0,0,0,154,,18,14,1,1,-,15,0,,,field,Zimbabwe,1,Harare Sports Club,2011,10,Zimbabwe_New Zealand_2011-10-17,New Zealand,New Zealand,Zimbabwe,True,187
98,JD Ryder,CB Mpofu,MJ Guptill,4,0,4,158,,22,15,1,2,-,15,0,,,field,Zimbabwe,1,Harare Sports Club,2011,10,Zimbabwe_New Zealand_2011-10-17,New Zealand,New Zealand,Zimbabwe,True,187
99,JD Ryder,CB Mpofu,MJ Guptill,1,0,1,159,,23,16,1,3,-,15,0,,,field,Zimbabwe,1,Harare Sports Club,2011,10,Zimbabwe_New Zealand_2011-10-17,New Zealand,New Zealand,Zimbabwe,True,187
100,MJ Guptill,CB Mpofu,JD Ryder,2,0,2,161,,57,47,1,4,-,15,0,,,field,Zimbabwe,1,Harare Sports Club,2011,10,Zimbabwe_New Zealand_2011-10-17,New Zealand,New Zealand,Zimbabwe,True,187
101,MJ Guptill,CB Mpofu,JD Ryder,6,0,6,167,,63,48,1,5,-,15,0,,,field,Zimbabwe,1,Harare Sports Club,2011,10,Zimbabwe_New Zealand_2011-10-17,New Zealand,New Zealand,Zimbabwe,True,187
102,MJ Guptill,CB Mpofu,JD Ryder,4,0,4,171,,67,49,1,6,-,15,0,,,field,Zimbabwe,1,Harare Sports Club,2011,10,Zimbabwe_New Zealand_2011-10-17,New Zealand,New Zealand,Zimbabwe,True,187
103,JD Ryder,KM Jarvis,MJ Guptill,1,0,1,172,,24,17,1,1,-,16,0,,,field,Zimbabwe,1,Harare Sports Club,2011,10,Zimbabwe_New Zealand_2011-10-17,New Zealand,New Zealand,Zimbabwe,True,187
104,MJ Guptill,KM Jarvis,JD Ryder,0,0,0,172,,67,50,2,2,-,16,caught,MJ Guptill,CJ Chibhabha,field,Zimbabwe,1,Harare Sports Club,2011,10,Zimbabwe_New Zealand_2011-10-17,New Zealand,New Zealand,Zimbabwe,True,187
105,JD Ryder,KM Jarvis,LRPL Taylor,1,0,1,173,,25,18,2,3,-,16,0,,,field,Zimbabwe,1,Harare Sports Club,2011,10,Zimbabwe_New Zealand_2011-10-17,New Zealand,New Zealand,Zimbabwe,True,187
106,LRPL Taylor,KM Jarvis,JD Ryder,1,0,1,174,,1,1,2,4,-,16,0,,,field,Zimbabwe,1,Harare Sports Club,2011,10,Zimbabwe_New Zealand_2011-10-17,New Zealand,New Zealand,Zimbabwe,True,187
107,JD Ryder,KM Jarvis,LRPL Taylor,1,1,2,176,,26,19,2,5,noballs,16,0,,,field,Zimbabwe,1,Harare Sports Club,2011,10,Zimbabwe_New Zealand_2011-10-17,New Zealand,New Zealand,Zimbabwe,True,187
108,LRPL Taylor,KM Jarvis,JD Ryder,4,0,4,180,,5,2,2,6,-,16,0,,,field,Zimbabwe,1,Harare Sports Club,2011,10,Zimbabwe_New Zealand_2011-10-17,New Zealand,New Zealand,Zimbabwe,True,187
109,LRPL Taylor,KM Jarvis,JD Ryder,1,0,1,181,,6,3,2,7,-,16,0,,,field,Zimbabwe,1,Harare Sports Club,2011,10,Zimbabwe_New Zealand_2011-10-17,New Zealand,New Zealand,Zimbabwe,True,187
110,JD Ryder,CB Mpofu,LRPL Taylor,0,0,0,181,,26,20,2,1,-,17,0,,,field,Zimbabwe,1,Harare Sports Club,2011,10,Zimbabwe_New Zealand_2011-10-17,New Zealand,New Zealand,Zimbabwe,True,187
111,JD Ryder,CB Mpofu,LRPL Taylor,2,0,2,183,,28,21,2,2,-,17,0,,,field,Zimbabwe,1,Harare Sports Club,2011,10,Zimbabwe_New Zealand_2011-10-17,New Zealand,New Zealand,Zimbabwe,True,187
112,JD Ryder,CB Mpofu,LRPL Taylor,1,0,1,184,,29,22,2,3,-,17,0,,,field,Zimbabwe,1,Harare Sports Club,2011,10,Zimbabwe_New Zealand_2011-10-17,New Zealand,New Zealand,Zimbabwe,True,187
113,LRPL Taylor,CB Mpofu,JD Ryder,1,0,1,185,,7,4,2,4,-,17,0,,,field,Zimbabwe,1,Harare Sports Club,2011,10,Zimbabwe_New Zealand_2011-10-17,New Zealand,New Zealand,Zimbabwe,True,187
114,JD Ryder,CB Mpofu,LRPL Taylor,1,0,1,186,,30,23,2,5,-,17,0,,,field,Zimbabwe,1,Harare Sports Club,2011,10,Zimbabwe_New Zealand_2011-10-17,New Zealand,New Zealand,Zimbabwe,True,187
115,LRPL Taylor,CB Mpofu,JD Ryder,1,0,1,187,,8,5,3,6,-,17,run out,LRPL Taylor,F Mutizwa;CK Coventry,field,Zimbabwe,1,Harare Sports Club,2011,10,Zimbabwe_New Zealand_2011-10-17,New Zealand,New Zealand,Zimbabwe,True,187
