,batter,bowler,non_striker,runs_by_bat,extra_runs,total_runs_delivery,current_team_total,runs_remain,batter_runs,balls_faced,wickets_fallen,delivery,extra_type,over,wicket_type,player_out,fielder,toss_decision,toss_winner,innings,venue,year,month,match_id,winning_team,batting_team,bowling_team,final_team_total
0,DR Smith,ST Finn,CH Gayle,1,0,1,1,136,1,1,0,1,-,1,0,,,bat,West Indies,1,Trent Bridge,2012,06,England_West Indies_2012-06-24,England,West Indies,England,172
1,CH Gayle,ST Finn,DR Smith,0,0,0,1,136,0,1,0,2,-,1,0,,,bat,West Indies,1,Trent Bridge,2012,06,England_West Indies_2012-06-24,England,West Indies,England,172
2,CH Gayle,ST Finn,DR Smith,0,3,3,4,133,0,2,0,3,wides,1,0,,,bat,West Indies,1,Trent Bridge,2012,06,England_West Indies_2012-06-24,England,West Indies,England,172
3,CH Gayle,ST Finn,DR Smith,0,0,0,4,133,0,3,0,4,-,1,0,,,bat,West Indies,1,Trent Bridge,2012,06,England_West Indies_2012-06-24,England,West Indies,England,172
4,CH Gayle,ST Finn,DR Smith,0,0,0,4,133,0,4,0,5,-,1,0,,,bat,West Indies,1,Trent Bridge,2012,06,England_West Indies_2012-06-24,England,West Indies,England,172
5,CH Gayle,ST Finn,DR Smith,1,0,1,5,132,1,5,0,6,-,1,0,,,bat,West Indies,1,Trent Bridge,2012,06,England_West Indies_2012-06-24,England,West Indies,England,172
6,DR Smith,ST Finn,CH Gayle,0,0,0,5,132,1,2,0,7,-,1,0,,,bat,West Indies,1,Trent Bridge,2012,06,England_West Indies_2012-06-24,England,West Indies,England,172
7,CH Gayle,JW Dernbach,DR Smith,0,0,0,5,132,1,6,0,1,-,2,0,,,bat,West Indies,1,Trent Bridge,2012,06,England_West Indies_2012-06-24,England,West Indies,England,172
8,CH Gayle,JW Dernbach,DR Smith,1,0,1,6,131,2,7,0,2,-,2,0,,,bat,West Indies,1,Trent Bridge,2012,06,England_West Indies_2012-06-24,England,West Indies,England,172
9,DR Smith,JW Dernbach,CH Gayle,0,0,0,6,131,1,3,0,3,-,2,0,,,bat,West Indies,1,Trent Bridge,2012,06,England_West Indies_2012-06-24,England,West Indies,England,172
10,DR Smith,JW Dernbach,CH Gayle,0,0,0,6,131,1,4,0,4,-,2,0,,,bat,West Indies,1,Trent Bridge,2012,06,England_West Indies_2012-06-24,England,West Indies,England,172
11,DR Smith,JW Dernbach,CH Gayle,4,0,4,10,127,5,5,0,5,-,2,0,,,bat,West Indies,1,Trent Bridge,2012,06,England_West Indies_2012-06-24,England,West Indies,England,172
12,DR Smith,JW Dernbach,CH Gayle,0,0,0,10,127,5,6,0,6,-,2,0,,,bat,West Indies,1,Trent Bridge,2012,06,England_West Indies_2012-06-24,England,West Indies,England,172
13,CH Gayle,ST Finn,DR Smith,0,0,0,10,127,2,8,0,1,-,3,0,,,bat,West Indies,1,Trent Bridge,2012,06,England_West Indies_2012-06-24,England,West Indies,England,172
14,CH Gayle,ST Finn,DR Smith,0,0,0,10,127,2,9,1,2,-,3,caught,CH Gayle,JM Bairstow,bat,West Indies,1,Trent Bridge,2012,06,England_West Indies_2012-06-24,England,West Indies,England,172
15,DR Smith,ST Finn,LMP Simmons,1,0,1,11,126,6,7,1,3,-,3,0,,,bat,West Indies,1,Trent Bridge,2012,06,England_West Indies_2012-06-24,England,West Indies,England,172
16,LMP Simmons,ST Finn,DR Smith,0,0,0,11,126,0,1,1,4,-,3,0,,,bat,West Indies,1,Trent Bridge,2012,06,England_West Indies_2012-06-24,England,West Indies,England,172
17,LMP Simmons,ST Finn,DR Smith,1,0,1,12,125,1,2,1,5,-,3,0,,,bat,West Indies,1,Trent Bridge,2012,06,England_West Indies_2012-06-24,England,West Indies,England,172
18,DR Smith,ST Finn,LMP Simmons,1,0,1,13,124,7,8,1,6,-,3,0,,,bat,West Indies,1,Trent Bridge,2012,06,England_West Indies_2012-06-24,England,West Indies,England,172
19,DR Smith,JW Dernbach,LMP Simmons,4,0,4,17,120,11,9,1,1,-,4,0,,,bat,West Indies,1,Trent Bridge,2012,06,England_West Indies_2012-06-24,England,West Indies,England,172
20,DR Smith,JW Dernbach,LMP Simmons,0,0,0,17,120,11,10,1,2,-,4,0,,,bat,West Indies,1,Trent Bridge,2012,06,England_West Indies_2012-06-24,England,West Indies,England,172
21,DR Smith,JW Dernbach,LMP Simmons,0,0,0,17,120,11,11,1,3,-,4,0,,,bat,West Indies,1,Trent Bridge,2012,06,England_West Indies_2012-06-24,England,West Indies,England,172
22,DR Smith,JW Dernbach,LMP Simmons,0,0,0,17,120,11,12,1,4,-,4,0,,,bat,West Indies,1,Trent Bridge,2012,06,England_West Indies_2012-06-24,England,West Indies,England,172
23,DR Smith,JW Dernbach,LMP Simmons,0,0,0,17,120,11,13,1,5,-,4,0,,,bat,West Indies,1,Trent Bridge,2012,06,England_West Indies_2012-06-24,England,West Indies,England,172
24,DR Smith,JW Dernbach,LMP Simmons,1,0,1,18,119,12,14,1,6,-,4,0,,,bat,West Indies,1,Trent Bridge,2012,06,England_West Indies_2012-06-24,England,West Indies,England,172
25,DR Smith,ST Finn,LMP Simmons,0,0,0,18,119,12,15,1,1,-,5,0,,,bat,West Indies,1,Trent Bridge,2012,06,England_West Indies_2012-06-24,England,West Indies,England,172
26,DR Smith,ST Finn,LMP Simmons,1,0,1,19,118,13,16,1,2,-,5,0,,,bat,West Indies,1,Trent Bridge,2012,06,England_West Indies_2012-06-24,England,West Indies,England,172
27,LMP Simmons,ST Finn,DR Smith,4,0,4,23,114,5,3,1,3,-,5,0,,,bat,West Indies,1,Trent Bridge,2012,06,England_West Indies_2012-06-24,England,West Indies,England,172
28,LMP Simmons,ST Finn,DR Smith,1,0,1,24,113,6,4,1,4,-,5,0,,,bat,West Indies,1,Trent Bridge,2012,06,England_West Indies_2012-06-24,England,West Indies,England,172
29,DR Smith,ST Finn,LMP Simmons,0,0,0,24,113,13,17,1,5,-,5,0,,,bat,West Indies,1,Trent Bridge,2012,06,England_West Indies_2012-06-24,England,West Indies,England,172
30,DR Smith,ST Finn,LMP Simmons,0,0,0,24,113,13,18,1,6,-,5,0,,,bat,West Indies,1,Trent Bridge,2012,06,England_West Indies_2012-06-24,England,West Indies,England,172
31,LMP Simmons,SCJ Broad,DR Smith,0,0,0,24,113,6,5,2,1,-,6,caught,LMP Simmons,JM Bairstow,bat,West Indies,1,Trent Bridge,2012,06,England_West Indies_2012-06-24,England,West Indies,England,172
32,DR Smith,SCJ Broad,MN Samuels,0,0,0,24,113,13,19,2,2,-,6,0,,,bat,West Indies,1,Trent Bridge,2012,06,England_West Indies_2012-06-24,England,West Indies,England,172
33,DR Smith,SCJ Broad,MN Samuels,1,0,1,25,112,14,20,2,3,-,6,0,,,bat,West Indies,1,Trent Bridge,2012,06,England_West Indies_2012-06-24,England,West Indies,England,172
34,MN Samuels,SCJ Broad,DR Smith,0,0,0,25,112,0,1,2,4,-,6,0,,,bat,West Indies,1,Trent Bridge,2012,06,England_West Indies_2012-06-24,England,West Indies,England,172
35,MN Samuels,SCJ Broad,DR Smith,4,0,4,29,108,4,2,2,5,-,6,0,,,bat,West Indies,1,Trent Bridge,2012,06,England_West Indies_2012-06-24,England,West Indies,England,172
36,MN Samuels,SCJ Broad,DR Smith,0,0,0,29,108,4,3,2,6,-,6,0,,,bat,West Indies,1,Trent Bridge,2012,06,England_West Indies_2012-06-24,England,West Indies,England,172
37,DR Smith,GP Swann,MN Samuels,1,0,1,30,107,15,21,2,1,-,7,0,,,bat,West Indies,1,Trent Bridge,2012,06,England_West Indies_2012-06-24,England,West Indies,England,172
38,MN Samuels,GP Swann,DR Smith,0,0,0,30,107,4,4,3,2,-,7,caught,MN Samuels,C Kieswetter,bat,West Indies,1,Trent Bridge,2012,06,England_West Indies_2012-06-24,England,West Indies,England,172
39,DJ Bravo,GP Swann,DR Smith,0,0,0,30,107,0,1,3,3,-,7,0,,,bat,West Indies,1,Trent Bridge,2012,06,England_West Indies_2012-06-24,England,West Indies,England,172
40,DJ Bravo,GP Swann,DR Smith,1,0,1,31,106,1,2,3,4,-,7,0,,,bat,West Indies,1,Trent Bridge,2012,06,England_West Indies_2012-06-24,England,West Indies,England,172
41,DR Smith,GP Swann,DJ Bravo,1,0,1,32,105,16,22,3,5,-,7,0,,,bat,West Indies,1,Trent Bridge,2012,06,England_West Indies_2012-06-24,England,West Indies,England,172
42,DJ Bravo,GP Swann,DR Smith,1,0,1,33,104,2,3,3,6,-,7,0,,,bat,West Indies,1,Trent Bridge,2012,06,England_West Indies_2012-06-24,England,West Indies,England,172
43,DJ Bravo,SR Patel,DR Smith,0,1,1,34,103,2,4,3,1,legbyes,8,0,,,bat,West Indies,1,Trent Bridge,2012,06,England_West Indies_2012-06-24,England,West Indies,England,172
44,DR Smith,SR Patel,DJ Bravo,0,0,0,34,103,16,23,3,2,-,8,0,,,bat,West Indies,1,Trent Bridge,2012,06,England_West Indies_2012-06-24,England,West Indies,England,172
45,DR Smith,SR Patel,DJ Bravo,2,0,2,36,101,18,24,3,3,-,8,0,,,bat,West Indies,1,Trent Bridge,2012,06,England_West Indies_2012-06-24,England,West Indies,England,172
46,DR Smith,SR Patel,DJ Bravo,0,0,0,36,101,18,25,3,4,-,8,0,,,bat,West Indies,1,Trent Bridge,2012,06,England_West Indies_2012-06-24,England,West Indies,England,172
47,DR Smith,SR Patel,DJ Bravo,0,0,0,36,101,18,26,3,5,-,8,0,,,bat,West Indies,1,Trent Bridge,2012,06,England_West Indies_2012-06-24,England,West Indies,England,172
48,DR Smith,SR Patel,DJ Bravo,2,0,2,38,99,20,27,3,6,-,8,0,,,bat,West Indies,1,Trent Bridge,2012,06,England_West Indies_2012-06-24,England,West Indies,England,172
49,DJ Bravo,GP Swann,DR Smith,1,0,1,39,98,3,5,3,1,-,9,0,,,bat,West Indies,1,Trent Bridge,2012,06,England_West Indies_2012-06-24,England,West Indies,England,172
50,DR Smith,GP Swann,DJ Bravo,0,0,0,39,98,20,28,3,2,-,9,0,,,bat,West Indies,1,Trent Bridge,2012,06,England_West Indies_2012-06-24,England,West Indies,England,172
51,DR Smith,GP Swann,DJ Bravo,4,0,4,43,94,24,29,3,3,-,9,0,,,bat,West Indies,1,Trent Bridge,2012,06,England_West Indies_2012-06-24,England,West Indies,England,172
52,DR Smith,GP Swann,DJ Bravo,4,0,4,47,90,28,30,3,4,-,9,0,,,bat,West Indies,1,Trent Bridge,2012,06,England_West Indies_2012-06-24,England,West Indies,England,172
53,DR Smith,GP Swann,DJ Bravo,1,0,1,48,89,29,31,3,5,-,9,0,,,bat,West Indies,1,Trent Bridge,2012,06,England_West Indies_2012-06-24,England,West Indies,England,172
54,DJ Bravo,GP Swann,DR Smith,1,0,1,49,88,4,6,3,6,-,9,0,,,bat,West Indies,1,Trent Bridge,2012,06,England_West Indies_2012-06-24,England,West Indies,England,172
55,DJ Bravo,SR Patel,DR Smith,1,0,1,50,87,5,7,3,1,-,10,0,,,bat,West Indies,1,Trent Bridge,2012,06,England_West Indies_2012-06-24,England,West Indies,England,172
56,DR Smith,SR Patel,DJ Bravo,0,0,0,50,87,29,32,3,2,-,10,0,,,bat,West Indies,1,Trent Bridge,2012,06,England_West Indies_2012-06-24,England,West Indies,England,172
57,DR Smith,SR Patel,DJ Bravo,0,0,0,50,87,29,33,3,3,-,10,0,,,bat,West Indies,1,Trent Bridge,2012,06,England_West Indies_2012-06-24,England,West Indies,England,172
58,DR Smith,SR Patel,DJ Bravo,6,0,6,56,81,35,34,3,4,-,10,0,,,bat,West Indies,1,Trent Bridge,2012,06,England_West Indies_2012-06-24,England,West Indies,England,172
59,DR Smith,SR Patel,DJ Bravo,0,0,0,56,81,35,35,3,5,-,10,0,,,bat,West Indies,1,Trent Bridge,2012,06,England_West Indies_2012-06-24,England,West Indies,England,172
60,DR Smith,SR Patel,DJ Bravo,1,0,1,57,80,36,36,3,6,-,10,0,,,bat,West Indies,1,Trent Bridge,2012,06,England_West Indies_2012-06-24,England,West Indies,England,172
61,DR Smith,GP Swann,DJ Bravo,0,0,0,57,80,36,37,3,1,-,11,0,,,bat,West Indies,1,Trent Bridge,2012,06,England_West Indies_2012-06-24,England,West Indies,England,172
62,DR Smith,GP Swann,DJ Bravo,1,0,1,58,79,37,38,3,2,-,11,0,,,bat,West Indies,1,Trent Bridge,2012,06,England_West Indies_2012-06-24,England,West Indies,England,172
63,DJ Bravo,GP Swann,DR Smith,0,0,0,58,79,5,8,3,3,-,11,0,,,bat,West Indies,1,Trent Bridge,2012,06,England_West Indies_2012-06-24,England,West Indies,England,172
64,DJ Bravo,GP Swann,DR Smith,0,0,0,58,79,5,9,3,4,-,11,0,,,bat,West Indies,1,Trent Bridge,2012,06,England_West Indies_2012-06-24,England,West Indies,England,172
65,DJ Bravo,GP Swann,DR Smith,2,0,2,60,77,7,10,3,5,-,11,0,,,bat,West Indies,1,Trent Bridge,2012,06,England_West Indies_2012-06-24,England,West Indies,England,172
66,DJ Bravo,GP Swann,DR Smith,3,0,3,63,74,10,11,3,6,-,11,0,,,bat,West Indies,1,Trent Bridge,2012,06,England_West Indies_2012-06-24,England,West Indies,England,172
67,DJ Bravo,SCJ Broad,DR Smith,1,0,1,64,73,11,12,3,1,-,12,0,,,bat,West Indies,1,Trent Bridge,2012,06,England_West Indies_2012-06-24,England,West Indies,England,172
68,DR Smith,SCJ Broad,DJ Bravo,0,0,0,64,73,37,39,3,2,-,12,0,,,bat,West Indies,1,Trent Bridge,2012,06,England_West Indies_2012-06-24,England,West Indies,England,172
69,DR Smith,SCJ Broad,DJ Bravo,0,0,0,64,73,37,40,3,3,-,12,0,,,bat,West Indies,1,Trent Bridge,2012,06,England_West Indies_2012-06-24,England,West Indies,England,172
70,DR Smith,SCJ Broad,DJ Bravo,0,0,0,64,73,37,41,3,4,-,12,0,,,bat,West Indies,1,Trent Bridge,2012,06,England_West Indies_2012-06-24,England,West Indies,England,172
71,DR Smith,SCJ Broad,DJ Bravo,1,0,1,65,72,38,42,3,5,-,12,0,,,bat,West Indies,1,Trent Bridge,2012,06,England_West Indies_2012-06-24,England,West Indies,England,172
72,DJ Bravo,SCJ Broad,DR Smith,0,0,0,65,72,11,13,3,6,-,12,0,,,bat,West Indies,1,Trent Bridge,2012,06,England_West Indies_2012-06-24,England,West Indies,England,172
73,DR Smith,GP Swann,DJ Bravo,0,1,1,66,71,38,43,3,1,legbyes,13,0,,,bat,West Indies,1,Trent Bridge,2012,06,England_West Indies_2012-06-24,England,West Indies,England,172
74,DJ Bravo,GP Swann,DR Smith,1,0,1,67,70,12,14,3,2,-,13,0,,,bat,West Indies,1,Trent Bridge,2012,06,England_West Indies_2012-06-24,England,West Indies,England,172
75,DR Smith,GP Swann,DJ Bravo,6,0,6,73,64,44,44,3,3,-,13,0,,,bat,West Indies,1,Trent Bridge,2012,06,England_West Indies_2012-06-24,England,West Indies,England,172
76,DR Smith,GP Swann,DJ Bravo,1,0,1,74,63,45,45,3,4,-,13,0,,,bat,West Indies,1,Trent Bridge,2012,06,England_West Indies_2012-06-24,England,West Indies,England,172
77,DJ Bravo,GP Swann,DR Smith,2,0,2,76,61,14,15,3,5,-,13,0,,,bat,West Indies,1,Trent Bridge,2012,06,England_West Indies_2012-06-24,England,West Indies,England,172
78,DJ Bravo,GP Swann,DR Smith,1,0,1,77,60,15,16,3,6,-,13,0,,,bat,West Indies,1,Trent Bridge,2012,06,England_West Indies_2012-06-24,England,West Indies,England,172
79,DJ Bravo,SCJ Broad,DR Smith,1,0,1,78,59,16,17,3,1,-,14,0,,,bat,West Indies,1,Trent Bridge,2012,06,England_West Indies_2012-06-24,England,West Indies,England,172
80,DR Smith,SCJ Broad,DJ Bravo,6,0,6,84,53,51,46,3,2,-,14,0,,,bat,West Indies,1,Trent Bridge,2012,06,England_West Indies_2012-06-24,England,West Indies,England,172
81,DR Smith,SCJ Broad,DJ Bravo,1,0,1,85,52,52,47,3,3,-,14,0,,,bat,West Indies,1,Trent Bridge,2012,06,England_West Indies_2012-06-24,England,West Indies,England,172
82,DJ Bravo,SCJ Broad,DR Smith,1,0,1,86,51,17,18,3,4,-,14,0,,,bat,West Indies,1,Trent Bridge,2012,06,England_West Indies_2012-06-24,England,West Indies,England,172
83,DR Smith,SCJ Broad,DJ Bravo,0,1,1,87,50,52,48,3,5,wides,14,0,,,bat,West Indies,1,Trent Bridge,2012,06,England_West Indies_2012-06-24,England,West Indies,England,172
84,DR Smith,SCJ Broad,DJ Bravo,6,0,6,93,44,58,49,3,6,-,14,0,,,bat,West Indies,1,Trent Bridge,2012,06,England_West Indies_2012-06-24,England,West Indies,England,172
85,DR Smith,SCJ Broad,DJ Bravo,0,0,0,93,44,58,50,3,7,-,14,0,,,bat,West Indies,1,Trent Bridge,2012,06,England_West Indies_2012-06-24,England,West Indies,England,172
86,DJ Bravo,SR Patel,DR Smith,1,0,1,94,43,18,19,3,1,-,15,0,,,bat,West Indies,1,Trent Bridge,2012,06,England_West Indies_2012-06-24,England,West Indies,England,172
87,DR Smith,SR Patel,DJ Bravo,1,0,1,95,42,59,51,3,2,-,15,0,,,bat,West Indies,1,Trent Bridge,2012,06,England_West Indies_2012-06-24,England,West Indies,England,172
88,DJ Bravo,SR Patel,DR Smith,0,0,0,95,42,18,20,3,3,-,15,0,,,bat,West Indies,1,Trent Bridge,2012,06,England_West Indies_2012-06-24,England,West Indies,England,172
89,DJ Bravo,SR Patel,DR Smith,1,0,1,96,41,19,21,3,4,-,15,0,,,bat,West Indies,1,Trent Bridge,2012,06,England_West Indies_2012-06-24,England,West Indies,England,172
90,DR Smith,SR Patel,DJ Bravo,4,0,4,100,37,63,52,3,5,-,15,0,,,bat,West Indies,1,Trent Bridge,2012,06,England_West Indies_2012-06-24,England,West Indies,England,172
91,DR Smith,SR Patel,DJ Bravo,1,0,1,101,36,64,53,3,6,-,15,0,,,bat,West Indies,1,Trent Bridge,2012,06,England_West Indies_2012-06-24,England,West Indies,England,172
92,DR Smith,ST Finn,DJ Bravo,6,0,6,107,30,70,54,3,1,-,16,0,,,bat,West Indies,1,Trent Bridge,2012,06,England_West Indies_2012-06-24,England,West Indies,England,172
93,DR Smith,ST Finn,DJ Bravo,0,0,0,107,30,70,55,4,2,-,16,caught,DR Smith,C Kieswetter,bat,West Indies,1,Trent Bridge,2012,06,England_West Indies_2012-06-24,England,West Indies,England,172
94,KA Pollard,ST Finn,DJ Bravo,0,0,0,107,30,0,1,4,3,-,16,0,,,bat,West Indies,1,Trent Bridge,2012,06,England_West Indies_2012-06-24,England,West Indies,England,172
95,KA Pollard,ST Finn,DJ Bravo,0,0,0,107,30,0,2,4,4,-,16,0,,,bat,West Indies,1,Trent Bridge,2012,06,England_West Indies_2012-06-24,England,West Indies,England,172
96,KA Pollard,ST Finn,DJ Bravo,1,0,1,108,29,1,3,4,5,-,16,0,,,bat,West Indies,1,Trent Bridge,2012,06,England_West Indies_2012-06-24,England,West Indies,England,172
97,DJ Bravo,ST Finn,KA Pollard,1,0,1,109,28,20,22,4,6,-,16,0,,,bat,West Indies,1,Trent Bridge,2012,06,England_West Indies_2012-06-24,England,West Indies,England,172
98,DJ Bravo,SR Patel,KA Pollard,1,0,1,110,27,21,23,4,1,-,17,0,,,bat,West Indies,1,Trent Bridge,2012,06,England_West Indies_2012-06-24,England,West Indies,England,172
99,KA Pollard,SR Patel,DJ Bravo,4,0,4,114,23,5,4,4,2,-,17,0,,,bat,West Indies,1,Trent Bridge,2012,06,England_West Indies_2012-06-24,England,West Indies,England,172
100,KA Pollard,SR Patel,DJ Bravo,1,0,1,115,22,6,5,4,3,-,17,0,,,bat,West Indies,1,Trent Bridge,2012,06,England_West Indies_2012-06-24,England,West Indies,England,172
101,DJ Bravo,SR Patel,KA Pollard,1,0,1,116,21,22,24,4,4,-,17,0,,,bat,West Indies,1,Trent Bridge,2012,06,England_West Indies_2012-06-24,England,West Indies,England,172
102,KA Pollard,SR Patel,DJ Bravo,6,0,6,122,15,12,6,4,5,-,17,0,,,bat,West Indies,1,Trent Bridge,2012,06,England_West Indies_2012-06-24,England,West Indies,England,172
103,KA Pollard,SR Patel,DJ Bravo,1,0,1,123,14,13,7,4,6,-,17,0,,,bat,West Indies,1,Trent Bridge,2012,06,England_West Indies_2012-06-24,England,West Indies,England,172
104,KA Pollard,JW Dernbach,DJ Bravo,1,0,1,124,13,14,8,4,1,-,18,0,,,bat,West Indies,1,Trent Bridge,2012,06,England_West Indies_2012-06-24,England,West Indies,England,172
105,DJ Bravo,JW Dernbach,KA Pollard,6,0,6,130,7,28,25,4,2,-,18,0,,,bat,West Indies,1,Trent Bridge,2012,06,England_West Indies_2012-06-24,England,West Indies,England,172
106,DJ Bravo,JW Dernbach,KA Pollard,6,0,6,136,1,34,26,4,3,-,18,0,,,bat,West Indies,1,Trent Bridge,2012,06,England_West Indies_2012-06-24,England,West Indies,England,172
107,DJ Bravo,JW Dernbach,KA Pollard,0,1,1,137,0,34,27,4,4,wides,18,0,,,bat,West Indies,1,Trent Bridge,2012,06,England_West Indies_2012-06-24,England,West Indies,England,172
108,DJ Bravo,JW Dernbach,KA Pollard,1,0,1,138,-1,35,28,4,5,-,18,0,,,bat,West Indies,1,Trent Bridge,2012,06,England_West Indies_2012-06-24,England,West Indies,England,172
109,KA Pollard,JW Dernbach,DJ Bravo,1,0,1,139,-2,15,9,4,6,-,18,0,,,bat,West Indies,1,Trent Bridge,2012,06,England_West Indies_2012-06-24,England,West Indies,England,172
110,DJ Bravo,JW Dernbach,KA Pollard,2,0,2,141,-4,37,29,4,7,-,18,0,,,bat,West Indies,1,Trent Bridge,2012,06,England_West Indies_2012-06-24,England,West Indies,England,172
111,KA Pollard,SCJ Broad,DJ Bravo,0,1,1,142,-5,15,10,4,1,legbyes,19,0,,,bat,West Indies,1,Trent Bridge,2012,06,England_West Indies_2012-06-24,England,West Indies,England,172
112,DJ Bravo,SCJ Broad,KA Pollard,0,0,0,142,-5,37,30,4,2,-,19,0,,,bat,West Indies,1,Trent Bridge,2012,06,England_West Indies_2012-06-24,England,West Indies,England,172
113,DJ Bravo,SCJ Broad,KA Pollard,2,0,2,144,-7,39,31,4,3,-,19,0,,,bat,West Indies,1,Trent Bridge,2012,06,England_West Indies_2012-06-24,England,West Indies,England,172
114,DJ Bravo,SCJ Broad,KA Pollard,0,1,1,145,-8,39,32,4,4,legbyes,19,0,,,bat,West Indies,1,Trent Bridge,2012,06,England_West Indies_2012-06-24,England,West Indies,England,172
115,KA Pollard,SCJ Broad,DJ Bravo,6,0,6,151,-14,21,11,4,5,-,19,0,,,bat,West Indies,1,Trent Bridge,2012,06,England_West Indies_2012-06-24,England,West Indies,England,172
116,KA Pollard,SCJ Broad,DJ Bravo,2,0,2,153,-16,23,12,4,6,-,19,0,,,bat,West Indies,1,Trent Bridge,2012,06,England_West Indies_2012-06-24,England,West Indies,England,172
117,DJ Bravo,JW Dernbach,KA Pollard,4,0,4,157,-20,43,33,4,1,-,20,0,,,bat,West Indies,1,Trent Bridge,2012,06,England_West Indies_2012-06-24,England,West Indies,England,172
118,DJ Bravo,JW Dernbach,KA Pollard,6,0,6,163,-26,49,34,4,2,-,20,0,,,bat,West Indies,1,Trent Bridge,2012,06,England_West Indies_2012-06-24,England,West Indies,England,172
119,DJ Bravo,JW Dernbach,KA Pollard,0,1,1,164,-27,49,35,4,3,wides,20,0,,,bat,West Indies,1,Trent Bridge,2012,06,England_West Indies_2012-06-24,England,West Indies,England,172
120,DJ Bravo,JW Dernbach,KA Pollard,1,0,1,165,-28,50,36,4,4,-,20,0,,,bat,West Indies,1,Trent Bridge,2012,06,England_West Indies_2012-06-24,England,West Indies,England,172
121,KA Pollard,JW Dernbach,DJ Bravo,0,1,1,166,-29,23,13,4,5,byes,20,0,,,bat,West Indies,1,Trent Bridge,2012,06,England_West Indies_2012-06-24,England,West Indies,England,172
122,DJ Bravo,JW Dernbach,KA Pollard,1,0,1,167,-30,51,37,4,6,-,20,0,,,bat,West Indies,1,Trent Bridge,2012,06,England_West Indies_2012-06-24,England,West Indies,England,172
123,KA Pollard,JW Dernbach,DJ Bravo,0,2,2,169,-32,23,14,4,7,wides,20,0,,,bat,West Indies,1,Trent Bridge,2012,06,England_West Indies_2012-06-24,England,West Indies,England,172
124,DJ Bravo,JW Dernbach,KA Pollard,3,0,3,172,-35,54,38,4,8,-,20,0,,,bat,West Indies,1,Trent Bridge,2012,06,England_West Indies_2012-06-24,England,West Indies,England,172
