,batter,bowler,non_striker,extras,runs_by_bat,extra_runs,total,team_total,batter_runs,balls_faced,delivery,extra_type,wicket_type,player_out,fielder,over,toss_decision,toss_winner,innings,venue,date,batting_team,bowling_team
0,DPMD Jayawardene,IK Pathan,TM Dilshan,,4,0,4,4,4,1,1,-,0,,,1,field,Sri Lanka,2,Pallekele International Cricket Stadium,2012-08-07,Sri Lanka,India
1,DPMD Jayawardene,IK Pathan,TM Dilshan,{'wides': 1},0,1,1,5,4,2,2,wides,0,,,1,field,Sri Lanka,2,Pallekele International Cricket Stadium,2012-08-07,Sri Lanka,India
2,DPMD Jayawardene,IK Pathan,TM Dilshan,{'wides': 1},0,1,1,6,4,3,3,wides,0,,,1,field,Sri Lanka,2,Pallekele International Cricket Stadium,2012-08-07,Sri Lanka,India
3,DPMD Jayawardene,IK Pathan,TM Dilshan,,0,0,0,6,4,4,4,-,0,,,1,field,Sri Lanka,2,Pallekele International Cricket Stadium,2012-08-07,Sri Lanka,India
4,DPMD Jayawardene,IK Pathan,TM Dilshan,,0,0,0,6,4,5,5,-,0,,,1,field,Sri Lanka,2,Pallekele International Cricket Stadium,2012-08-07,Sri Lanka,India
5,DPMD Jayawardene,IK Pathan,TM Dilshan,,1,0,1,7,5,6,6,-,0,,,1,field,Sri Lanka,2,Pallekele International Cricket Stadium,2012-08-07,Sri Lanka,India
6,TM Dilshan,IK Pathan,DPMD Jayawardene,,0,0,0,7,0,1,7,-,bowled,TM Dilshan,,1,field,Sri Lanka,2,Pallekele International Cricket Stadium,2012-08-07,Sri Lanka,India
7,WU Tharanga,IK Pathan,DPMD Jayawardene,,2,0,2,9,2,1,8,-,0,,,1,field,Sri Lanka,2,Pallekele International Cricket Stadium,2012-08-07,Sri Lanka,India
8,DPMD Jayawardene,UT Yadav,WU Tharanga,,0,0,0,9,5,7,1,-,0,,,2,field,Sri Lanka,2,Pallekele International Cricket Stadium,2012-08-07,Sri Lanka,India
9,DPMD Jayawardene,UT Yadav,WU Tharanga,,1,0,1,10,6,8,2,-,0,,,2,field,Sri Lanka,2,Pallekele International Cricket Stadium,2012-08-07,Sri Lanka,India
10,WU Tharanga,UT Yadav,DPMD Jayawardene,{'wides': 1},0,1,1,11,2,2,3,wides,0,,,2,field,Sri Lanka,2,Pallekele International Cricket Stadium,2012-08-07,Sri Lanka,India
11,WU Tharanga,UT Yadav,DPMD Jayawardene,,0,0,0,11,2,3,4,-,0,,,2,field,Sri Lanka,2,Pallekele International Cricket Stadium,2012-08-07,Sri Lanka,India
12,WU Tharanga,UT Yadav,DPMD Jayawardene,,3,0,3,14,5,4,5,-,0,,,2,field,Sri Lanka,2,Pallekele International Cricket Stadium,2012-08-07,Sri Lanka,India
13,DPMD Jayawardene,UT Yadav,WU Tharanga,,0,0,0,14,6,9,6,-,0,,,2,field,Sri Lanka,2,Pallekele International Cricket Stadium,2012-08-07,Sri Lanka,India
14,DPMD Jayawardene,UT Yadav,WU Tharanga,,0,0,0,14,6,10,7,-,0,,,2,field,Sri Lanka,2,Pallekele International Cricket Stadium,2012-08-07,Sri Lanka,India
15,WU Tharanga,IK Pathan,DPMD Jayawardene,,0,0,0,14,5,5,1,-,caught,WU Tharanga,SK Raina,3,field,Sri Lanka,2,Pallekele International Cricket Stadium,2012-08-07,Sri Lanka,India
16,HDRL Thirimanne,IK Pathan,DPMD Jayawardene,{'legbyes': 1},0,1,1,15,0,1,2,legbyes,0,,,3,field,Sri Lanka,2,Pallekele International Cricket Stadium,2012-08-07,Sri Lanka,India
17,DPMD Jayawardene,IK Pathan,HDRL Thirimanne,,0,0,0,15,6,11,3,-,0,,,3,field,Sri Lanka,2,Pallekele International Cricket Stadium,2012-08-07,Sri Lanka,India
18,DPMD Jayawardene,IK Pathan,HDRL Thirimanne,,0,0,0,15,6,12,4,-,0,,,3,field,Sri Lanka,2,Pallekele International Cricket Stadium,2012-08-07,Sri Lanka,India
19,DPMD Jayawardene,IK Pathan,HDRL Thirimanne,,3,0,3,18,9,13,5,-,0,,,3,field,Sri Lanka,2,Pallekele International Cricket Stadium,2012-08-07,Sri Lanka,India
20,HDRL Thirimanne,IK Pathan,DPMD Jayawardene,,0,0,0,18,0,2,6,-,0,,,3,field,Sri Lanka,2,Pallekele International Cricket Stadium,2012-08-07,Sri Lanka,India
21,DPMD Jayawardene,UT Yadav,HDRL Thirimanne,,4,0,4,22,13,14,1,-,0,,,4,field,Sri Lanka,2,Pallekele International Cricket Stadium,2012-08-07,Sri Lanka,India
22,DPMD Jayawardene,UT Yadav,HDRL Thirimanne,,4,0,4,26,17,15,2,-,0,,,4,field,Sri Lanka,2,Pallekele International Cricket Stadium,2012-08-07,Sri Lanka,India
23,DPMD Jayawardene,UT Yadav,HDRL Thirimanne,,0,0,0,26,17,16,3,-,0,,,4,field,Sri Lanka,2,Pallekele International Cricket Stadium,2012-08-07,Sri Lanka,India
24,DPMD Jayawardene,UT Yadav,HDRL Thirimanne,,4,0,4,30,21,17,4,-,0,,,4,field,Sri Lanka,2,Pallekele International Cricket Stadium,2012-08-07,Sri Lanka,India
25,DPMD Jayawardene,UT Yadav,HDRL Thirimanne,,4,0,4,34,25,18,5,-,0,,,4,field,Sri Lanka,2,Pallekele International Cricket Stadium,2012-08-07,Sri Lanka,India
26,DPMD Jayawardene,UT Yadav,HDRL Thirimanne,,1,0,1,35,26,19,6,-,0,,,4,field,Sri Lanka,2,Pallekele International Cricket Stadium,2012-08-07,Sri Lanka,India
27,DPMD Jayawardene,IK Pathan,HDRL Thirimanne,,0,0,0,35,26,20,1,-,0,,,5,field,Sri Lanka,2,Pallekele International Cricket Stadium,2012-08-07,Sri Lanka,India
28,DPMD Jayawardene,IK Pathan,HDRL Thirimanne,,0,0,0,35,26,21,2,-,lbw,DPMD Jayawardene,,5,field,Sri Lanka,2,Pallekele International Cricket Stadium,2012-08-07,Sri Lanka,India
29,AD Mathews,IK Pathan,HDRL Thirimanne,,4,0,4,39,4,1,3,-,0,,,5,field,Sri Lanka,2,Pallekele International Cricket Stadium,2012-08-07,Sri Lanka,India
30,AD Mathews,IK Pathan,HDRL Thirimanne,,0,0,0,39,4,2,4,-,0,,,5,field,Sri Lanka,2,Pallekele International Cricket Stadium,2012-08-07,Sri Lanka,India
31,AD Mathews,IK Pathan,HDRL Thirimanne,,0,0,0,39,4,3,5,-,0,,,5,field,Sri Lanka,2,Pallekele International Cricket Stadium,2012-08-07,Sri Lanka,India
32,AD Mathews,IK Pathan,HDRL Thirimanne,,0,0,0,39,4,4,6,-,0,,,5,field,Sri Lanka,2,Pallekele International Cricket Stadium,2012-08-07,Sri Lanka,India
33,HDRL Thirimanne,AB Dinda,AD Mathews,,0,0,0,39,0,3,1,-,0,,,6,field,Sri Lanka,2,Pallekele International Cricket Stadium,2012-08-07,Sri Lanka,India
34,HDRL Thirimanne,AB Dinda,AD Mathews,,0,0,0,39,0,4,2,-,0,,,6,field,Sri Lanka,2,Pallekele International Cricket Stadium,2012-08-07,Sri Lanka,India
35,HDRL Thirimanne,AB Dinda,AD Mathews,,4,0,4,43,4,5,3,-,0,,,6,field,Sri Lanka,2,Pallekele International Cricket Stadium,2012-08-07,Sri Lanka,India
36,HDRL Thirimanne,AB Dinda,AD Mathews,,5,0,5,48,9,6,4,-,0,,,6,field,Sri Lanka,2,Pallekele International Cricket Stadium,2012-08-07,Sri Lanka,India
37,AD Mathews,AB Dinda,HDRL Thirimanne,,4,0,4,52,8,5,5,-,0,,,6,field,Sri Lanka,2,Pallekele International Cricket Stadium,2012-08-07,Sri Lanka,India
38,AD Mathews,AB Dinda,HDRL Thirimanne,,0,0,0,52,8,6,6,-,0,,,6,field,Sri Lanka,2,Pallekele International Cricket Stadium,2012-08-07,Sri Lanka,India
39,HDRL Thirimanne,V Kohli,AD Mathews,,0,0,0,52,9,7,1,-,0,,,7,field,Sri Lanka,2,Pallekele International Cricket Stadium,2012-08-07,Sri Lanka,India
40,HDRL Thirimanne,V Kohli,AD Mathews,,1,0,1,53,10,8,2,-,0,,,7,field,Sri Lanka,2,Pallekele International Cricket Stadium,2012-08-07,Sri Lanka,India
41,AD Mathews,V Kohli,HDRL Thirimanne,,0,0,0,53,8,7,3,-,0,,,7,field,Sri Lanka,2,Pallekele International Cricket Stadium,2012-08-07,Sri Lanka,India
42,AD Mathews,V Kohli,HDRL Thirimanne,,0,0,0,53,8,8,4,-,0,,,7,field,Sri Lanka,2,Pallekele International Cricket Stadium,2012-08-07,Sri Lanka,India
43,AD Mathews,V Kohli,HDRL Thirimanne,,1,0,1,54,9,9,5,-,0,,,7,field,Sri Lanka,2,Pallekele International Cricket Stadium,2012-08-07,Sri Lanka,India
44,HDRL Thirimanne,V Kohli,AD Mathews,,2,0,2,56,12,9,6,-,0,,,7,field,Sri Lanka,2,Pallekele International Cricket Stadium,2012-08-07,Sri Lanka,India
45,AD Mathews,RG Sharma,HDRL Thirimanne,{'wides': 1},0,1,1,57,9,10,1,wides,0,,,8,field,Sri Lanka,2,Pallekele International Cricket Stadium,2012-08-07,Sri Lanka,India
46,AD Mathews,RG Sharma,HDRL Thirimanne,,0,0,0,57,9,11,2,-,0,,,8,field,Sri Lanka,2,Pallekele International Cricket Stadium,2012-08-07,Sri Lanka,India
47,AD Mathews,RG Sharma,HDRL Thirimanne,,1,0,1,58,10,12,3,-,0,,,8,field,Sri Lanka,2,Pallekele International Cricket Stadium,2012-08-07,Sri Lanka,India
48,HDRL Thirimanne,RG Sharma,AD Mathews,,1,0,1,59,13,10,4,-,0,,,8,field,Sri Lanka,2,Pallekele International Cricket Stadium,2012-08-07,Sri Lanka,India
49,AD Mathews,RG Sharma,HDRL Thirimanne,,1,0,1,60,11,13,5,-,0,,,8,field,Sri Lanka,2,Pallekele International Cricket Stadium,2012-08-07,Sri Lanka,India
50,HDRL Thirimanne,RG Sharma,AD Mathews,,4,0,4,64,17,11,6,-,0,,,8,field,Sri Lanka,2,Pallekele International Cricket Stadium,2012-08-07,Sri Lanka,India
51,HDRL Thirimanne,RG Sharma,AD Mathews,,1,0,1,65,18,12,7,-,0,,,8,field,Sri Lanka,2,Pallekele International Cricket Stadium,2012-08-07,Sri Lanka,India
52,HDRL Thirimanne,V Kohli,AD Mathews,,1,0,1,66,19,13,1,-,0,,,9,field,Sri Lanka,2,Pallekele International Cricket Stadium,2012-08-07,Sri Lanka,India
53,AD Mathews,V Kohli,HDRL Thirimanne,,0,0,0,66,11,14,2,-,0,,,9,field,Sri Lanka,2,Pallekele International Cricket Stadium,2012-08-07,Sri Lanka,India
54,AD Mathews,V Kohli,HDRL Thirimanne,,0,0,0,66,11,15,3,-,0,,,9,field,Sri Lanka,2,Pallekele International Cricket Stadium,2012-08-07,Sri Lanka,India
55,AD Mathews,V Kohli,HDRL Thirimanne,,0,0,0,66,11,16,4,-,0,,,9,field,Sri Lanka,2,Pallekele International Cricket Stadium,2012-08-07,Sri Lanka,India
56,AD Mathews,V Kohli,HDRL Thirimanne,,1,0,1,67,12,17,5,-,0,,,9,field,Sri Lanka,2,Pallekele International Cricket Stadium,2012-08-07,Sri Lanka,India
57,HDRL Thirimanne,V Kohli,AD Mathews,,1,0,1,68,20,14,6,-,0,,,9,field,Sri Lanka,2,Pallekele International Cricket Stadium,2012-08-07,Sri Lanka,India
58,HDRL Thirimanne,R Ashwin,AD Mathews,,0,0,0,68,20,15,1,-,bowled,HDRL Thirimanne,,10,field,Sri Lanka,2,Pallekele International Cricket Stadium,2012-08-07,Sri Lanka,India
59,BMAJ Mendis,R Ashwin,AD Mathews,,1,0,1,69,1,1,2,-,0,,,10,field,Sri Lanka,2,Pallekele International Cricket Stadium,2012-08-07,Sri Lanka,India
60,AD Mathews,R Ashwin,BMAJ Mendis,,1,0,1,70,13,18,3,-,0,,,10,field,Sri Lanka,2,Pallekele International Cricket Stadium,2012-08-07,Sri Lanka,India
61,BMAJ Mendis,R Ashwin,AD Mathews,,1,0,1,71,2,2,4,-,0,,,10,field,Sri Lanka,2,Pallekele International Cricket Stadium,2012-08-07,Sri Lanka,India
62,AD Mathews,R Ashwin,BMAJ Mendis,,1,0,1,72,14,19,5,-,0,,,10,field,Sri Lanka,2,Pallekele International Cricket Stadium,2012-08-07,Sri Lanka,India
63,BMAJ Mendis,R Ashwin,AD Mathews,,0,0,0,72,2,3,6,-,0,,,10,field,Sri Lanka,2,Pallekele International Cricket Stadium,2012-08-07,Sri Lanka,India
64,AD Mathews,V Kohli,BMAJ Mendis,,1,0,1,73,15,20,1,-,0,,,11,field,Sri Lanka,2,Pallekele International Cricket Stadium,2012-08-07,Sri Lanka,India
65,BMAJ Mendis,V Kohli,AD Mathews,,1,0,1,74,3,4,2,-,0,,,11,field,Sri Lanka,2,Pallekele International Cricket Stadium,2012-08-07,Sri Lanka,India
66,AD Mathews,V Kohli,BMAJ Mendis,,0,0,0,74,15,21,3,-,0,,,11,field,Sri Lanka,2,Pallekele International Cricket Stadium,2012-08-07,Sri Lanka,India
67,AD Mathews,V Kohli,BMAJ Mendis,,2,0,2,76,17,22,4,-,0,,,11,field,Sri Lanka,2,Pallekele International Cricket Stadium,2012-08-07,Sri Lanka,India
68,AD Mathews,V Kohli,BMAJ Mendis,,1,0,1,77,18,23,5,-,0,,,11,field,Sri Lanka,2,Pallekele International Cricket Stadium,2012-08-07,Sri Lanka,India
69,BMAJ Mendis,V Kohli,AD Mathews,,1,0,1,78,4,5,6,-,0,,,11,field,Sri Lanka,2,Pallekele International Cricket Stadium,2012-08-07,Sri Lanka,India
70,BMAJ Mendis,R Ashwin,AD Mathews,,0,0,0,78,4,6,1,-,0,,,12,field,Sri Lanka,2,Pallekele International Cricket Stadium,2012-08-07,Sri Lanka,India
71,BMAJ Mendis,R Ashwin,AD Mathews,,1,0,1,79,5,7,2,-,0,,,12,field,Sri Lanka,2,Pallekele International Cricket Stadium,2012-08-07,Sri Lanka,India
72,AD Mathews,R Ashwin,BMAJ Mendis,,3,0,3,82,21,24,3,-,0,,,12,field,Sri Lanka,2,Pallekele International Cricket Stadium,2012-08-07,Sri Lanka,India
73,BMAJ Mendis,R Ashwin,AD Mathews,,1,0,1,83,6,8,4,-,0,,,12,field,Sri Lanka,2,Pallekele International Cricket Stadium,2012-08-07,Sri Lanka,India
74,AD Mathews,R Ashwin,BMAJ Mendis,,4,0,4,87,25,25,5,-,0,,,12,field,Sri Lanka,2,Pallekele International Cricket Stadium,2012-08-07,Sri Lanka,India
75,AD Mathews,R Ashwin,BMAJ Mendis,,3,0,3,90,28,26,6,-,0,,,12,field,Sri Lanka,2,Pallekele International Cricket Stadium,2012-08-07,Sri Lanka,India
76,AD Mathews,AB Dinda,BMAJ Mendis,,1,0,1,91,29,27,1,-,0,,,13,field,Sri Lanka,2,Pallekele International Cricket Stadium,2012-08-07,Sri Lanka,India
77,BMAJ Mendis,AB Dinda,AD Mathews,,2,0,2,93,8,9,2,-,0,,,13,field,Sri Lanka,2,Pallekele International Cricket Stadium,2012-08-07,Sri Lanka,India
78,BMAJ Mendis,AB Dinda,AD Mathews,,1,0,1,94,9,10,3,-,0,,,13,field,Sri Lanka,2,Pallekele International Cricket Stadium,2012-08-07,Sri Lanka,India
79,AD Mathews,AB Dinda,BMAJ Mendis,,0,0,0,94,29,28,4,-,0,,,13,field,Sri Lanka,2,Pallekele International Cricket Stadium,2012-08-07,Sri Lanka,India
80,AD Mathews,AB Dinda,BMAJ Mendis,,2,0,2,96,31,29,5,-,0,,,13,field,Sri Lanka,2,Pallekele International Cricket Stadium,2012-08-07,Sri Lanka,India
81,AD Mathews,AB Dinda,BMAJ Mendis,,0,0,0,96,31,30,6,-,caught,AD Mathews,MS Dhoni,13,field,Sri Lanka,2,Pallekele International Cricket Stadium,2012-08-07,Sri Lanka,India
82,BMAJ Mendis,R Ashwin,LD Chandimal,,1,0,1,97,10,11,1,-,0,,,14,field,Sri Lanka,2,Pallekele International Cricket Stadium,2012-08-07,Sri Lanka,India
83,LD Chandimal,R Ashwin,BMAJ Mendis,,1,0,1,98,1,1,2,-,0,,,14,field,Sri Lanka,2,Pallekele International Cricket Stadium,2012-08-07,Sri Lanka,India
84,BMAJ Mendis,R Ashwin,LD Chandimal,,1,0,1,99,11,12,3,-,0,,,14,field,Sri Lanka,2,Pallekele International Cricket Stadium,2012-08-07,Sri Lanka,India
85,LD Chandimal,R Ashwin,BMAJ Mendis,,0,0,0,99,1,2,4,-,0,,,14,field,Sri Lanka,2,Pallekele International Cricket Stadium,2012-08-07,Sri Lanka,India
86,LD Chandimal,R Ashwin,BMAJ Mendis,,0,0,0,99,1,3,5,-,0,,,14,field,Sri Lanka,2,Pallekele International Cricket Stadium,2012-08-07,Sri Lanka,India
87,LD Chandimal,R Ashwin,BMAJ Mendis,,0,0,0,99,1,4,6,-,0,,,14,field,Sri Lanka,2,Pallekele International Cricket Stadium,2012-08-07,Sri Lanka,India
88,BMAJ Mendis,UT Yadav,LD Chandimal,,0,0,0,99,11,13,1,-,0,,,15,field,Sri Lanka,2,Pallekele International Cricket Stadium,2012-08-07,Sri Lanka,India
89,BMAJ Mendis,UT Yadav,LD Chandimal,,0,0,0,99,11,14,2,-,0,,,15,field,Sri Lanka,2,Pallekele International Cricket Stadium,2012-08-07,Sri Lanka,India
90,BMAJ Mendis,UT Yadav,LD Chandimal,{'wides': 1},0,1,1,100,11,15,3,wides,0,,,15,field,Sri Lanka,2,Pallekele International Cricket Stadium,2012-08-07,Sri Lanka,India
91,BMAJ Mendis,UT Yadav,LD Chandimal,,0,0,0,100,11,16,4,-,caught,BMAJ Mendis,AM Rahane,15,field,Sri Lanka,2,Pallekele International Cricket Stadium,2012-08-07,Sri Lanka,India
92,NLTC Perera,UT Yadav,LD Chandimal,,0,0,0,100,0,1,5,-,0,,,15,field,Sri Lanka,2,Pallekele International Cricket Stadium,2012-08-07,Sri Lanka,India
93,NLTC Perera,UT Yadav,LD Chandimal,,0,0,0,100,0,2,6,-,0,,,15,field,Sri Lanka,2,Pallekele International Cricket Stadium,2012-08-07,Sri Lanka,India
94,NLTC Perera,UT Yadav,LD Chandimal,,1,0,1,101,1,3,7,-,0,,,15,field,Sri Lanka,2,Pallekele International Cricket Stadium,2012-08-07,Sri Lanka,India
95,NLTC Perera,R Ashwin,LD Chandimal,{'wides': 1},0,1,1,102,1,4,1,wides,0,,,16,field,Sri Lanka,2,Pallekele International Cricket Stadium,2012-08-07,Sri Lanka,India
96,NLTC Perera,R Ashwin,LD Chandimal,,0,0,0,102,1,5,2,-,0,,,16,field,Sri Lanka,2,Pallekele International Cricket Stadium,2012-08-07,Sri Lanka,India
97,NLTC Perera,R Ashwin,LD Chandimal,,0,0,0,102,1,6,3,-,run out,NLTC Perera,MK Tiwary,16,field,Sri Lanka,2,Pallekele International Cricket Stadium,2012-08-07,Sri Lanka,India
98,RMS Eranga,R Ashwin,LD Chandimal,,1,0,1,103,1,1,4,-,0,,,16,field,Sri Lanka,2,Pallekele International Cricket Stadium,2012-08-07,Sri Lanka,India
99,LD Chandimal,R Ashwin,RMS Eranga,,0,0,0,103,1,5,5,-,0,,,16,field,Sri Lanka,2,Pallekele International Cricket Stadium,2012-08-07,Sri Lanka,India
100,LD Chandimal,R Ashwin,RMS Eranga,,1,0,1,104,2,6,6,-,0,,,16,field,Sri Lanka,2,Pallekele International Cricket Stadium,2012-08-07,Sri Lanka,India
101,RMS Eranga,R Ashwin,LD Chandimal,,0,0,0,104,1,2,7,-,0,,,16,field,Sri Lanka,2,Pallekele International Cricket Stadium,2012-08-07,Sri Lanka,India
102,LD Chandimal,IK Pathan,RMS Eranga,,1,0,1,105,3,7,1,-,0,,,17,field,Sri Lanka,2,Pallekele International Cricket Stadium,2012-08-07,Sri Lanka,India
103,RMS Eranga,IK Pathan,LD Chandimal,,4,0,4,109,5,3,2,-,0,,,17,field,Sri Lanka,2,Pallekele International Cricket Stadium,2012-08-07,Sri Lanka,India
104,RMS Eranga,IK Pathan,LD Chandimal,,0,0,0,109,5,4,3,-,0,,,17,field,Sri Lanka,2,Pallekele International Cricket Stadium,2012-08-07,Sri Lanka,India
105,RMS Eranga,IK Pathan,LD Chandimal,{'wides': 1},0,1,1,110,5,5,4,wides,0,,,17,field,Sri Lanka,2,Pallekele International Cricket Stadium,2012-08-07,Sri Lanka,India
106,RMS Eranga,IK Pathan,LD Chandimal,,1,0,1,111,6,6,5,-,0,,,17,field,Sri Lanka,2,Pallekele International Cricket Stadium,2012-08-07,Sri Lanka,India
107,LD Chandimal,IK Pathan,RMS Eranga,,4,0,4,115,7,8,6,-,0,,,17,field,Sri Lanka,2,Pallekele International Cricket Stadium,2012-08-07,Sri Lanka,India
108,LD Chandimal,IK Pathan,RMS Eranga,{'legbyes': 1},0,1,1,116,7,9,7,legbyes,0,,,17,field,Sri Lanka,2,Pallekele International Cricket Stadium,2012-08-07,Sri Lanka,India
109,LD Chandimal,AB Dinda,RMS Eranga,,0,0,0,116,7,10,1,-,0,,,18,field,Sri Lanka,2,Pallekele International Cricket Stadium,2012-08-07,Sri Lanka,India
110,LD Chandimal,AB Dinda,RMS Eranga,,0,0,0,116,7,11,2,-,caught,LD Chandimal,V Kohli,18,field,Sri Lanka,2,Pallekele International Cricket Stadium,2012-08-07,Sri Lanka,India
111,RMS Eranga,AB Dinda,SL Malinga,,0,0,0,116,6,7,3,-,0,,,18,field,Sri Lanka,2,Pallekele International Cricket Stadium,2012-08-07,Sri Lanka,India
112,RMS Eranga,AB Dinda,SL Malinga,,0,0,0,116,6,8,4,-,caught,RMS Eranga,R Ashwin,18,field,Sri Lanka,2,Pallekele International Cricket Stadium,2012-08-07,Sri Lanka,India
113,SL Malinga,AB Dinda,HMRKB Herath,,0,0,0,116,0,1,5,-,0,,,18,field,Sri Lanka,2,Pallekele International Cricket Stadium,2012-08-07,Sri Lanka,India
114,SL Malinga,AB Dinda,HMRKB Herath,,0,0,0,116,0,2,6,-,caught,SL Malinga,MS Dhoni,18,field,Sri Lanka,2,Pallekele International Cricket Stadium,2012-08-07,Sri Lanka,India
