,batter,bowler,non_striker,runs_by_bat,extra_runs,total_runs_delivery,current_team_total,runs_remain,batter_runs,balls_faced,wickets_fallen,extra_type,delivery,over,wicket_type,player_out,fielder,toss_decision,toss_winner,innings,venue,year,month,match_id,winning_team,batting_team,bowling_team,won,final_team_total,batter_type,non_striker_type,bowler_type
0,AB de Villiers,Mohammad Irfan,H Davids,0,0,0,0,195,0,1,0,-,1.0,0,0,,,bat,Pakistan,2,SuperSport Park,2013,03,South Africa_Pakistan_2013-03-03,Pakistan,South Africa,Pakistan,False,100,Right hand Bat,Right hand Bat,Left arm Fast
1,AB de Villiers,Mohammad Irfan,H Davids,1,0,1,1,194,1,2,0,-,2.0,0,0,,,bat,Pakistan,2,SuperSport Park,2013,03,South Africa_Pakistan_2013-03-03,Pakistan,South Africa,Pakistan,False,100,Right hand Bat,Right hand Bat,Left arm Fast
2,H Davids,Mohammad Irfan,AB de Villiers,2,0,2,3,192,2,1,0,-,3.0,0,0,,,bat,Pakistan,2,SuperSport Park,2013,03,South Africa_Pakistan_2013-03-03,Pakistan,South Africa,Pakistan,False,100,Right hand Bat,Right hand Bat,Left arm Fast
3,H Davids,Mohammad Irfan,AB de Villiers,4,0,4,7,188,6,2,0,-,4.0,0,0,,,bat,Pakistan,2,SuperSport Park,2013,03,South Africa_Pakistan_2013-03-03,Pakistan,South Africa,Pakistan,False,100,Right hand Bat,Right hand Bat,Left arm Fast
4,H Davids,Mohammad Irfan,AB de Villiers,0,1,1,8,187,6,3,0,legbyes,5.0,0,0,,,bat,Pakistan,2,SuperSport Park,2013,03,South Africa_Pakistan_2013-03-03,Pakistan,South Africa,Pakistan,False,100,Right hand Bat,Right hand Bat,Left arm Fast
5,AB de Villiers,Mohammad Irfan,H Davids,0,1,1,9,186,1,3,0,wides,5.0,0,0,,,bat,Pakistan,2,SuperSport Park,2013,03,South Africa_Pakistan_2013-03-03,Pakistan,South Africa,Pakistan,False,100,Right hand Bat,Right hand Bat,Left arm Fast
6,AB de Villiers,Mohammad Irfan,H Davids,0,1,1,10,185,1,4,0,wides,5.0,0,0,,,bat,Pakistan,2,SuperSport Park,2013,03,South Africa_Pakistan_2013-03-03,Pakistan,South Africa,Pakistan,False,100,Right hand Bat,Right hand Bat,Left arm Fast
7,AB de Villiers,Mohammad Irfan,H Davids,2,0,2,12,183,3,5,0,-,6.0,0,0,,,bat,Pakistan,2,SuperSport Park,2013,03,South Africa_Pakistan_2013-03-03,Pakistan,South Africa,Pakistan,False,100,Right hand Bat,Right hand Bat,Left arm Fast
8,H Davids,Junaid Khan,AB de Villiers,0,0,0,12,183,6,4,0,-,1.0,1,0,,,bat,Pakistan,2,SuperSport Park,2013,03,South Africa_Pakistan_2013-03-03,Pakistan,South Africa,Pakistan,False,100,Right hand Bat,Right hand Bat,Left arm Fast
9,H Davids,Junaid Khan,AB de Villiers,1,0,1,13,182,7,5,0,-,2.0,1,0,,,bat,Pakistan,2,SuperSport Park,2013,03,South Africa_Pakistan_2013-03-03,Pakistan,South Africa,Pakistan,False,100,Right hand Bat,Right hand Bat,Left arm Fast
10,AB de Villiers,Junaid Khan,H Davids,6,0,6,19,176,9,6,0,-,3.0,1,0,,,bat,Pakistan,2,SuperSport Park,2013,03,South Africa_Pakistan_2013-03-03,Pakistan,South Africa,Pakistan,False,100,Right hand Bat,Right hand Bat,Left arm Fast
11,AB de Villiers,Junaid Khan,H Davids,0,0,0,19,176,9,7,0,-,4.0,1,0,,,bat,Pakistan,2,SuperSport Park,2013,03,South Africa_Pakistan_2013-03-03,Pakistan,South Africa,Pakistan,False,100,Right hand Bat,Right hand Bat,Left arm Fast
12,AB de Villiers,Junaid Khan,H Davids,1,0,1,20,175,10,8,0,-,5.0,1,0,,,bat,Pakistan,2,SuperSport Park,2013,03,South Africa_Pakistan_2013-03-03,Pakistan,South Africa,Pakistan,False,100,Right hand Bat,Right hand Bat,Left arm Fast
13,H Davids,Junaid Khan,AB de Villiers,0,0,0,20,175,7,6,1,-,6.0,1,caught,H Davids,Saeed Ajmal,bat,Pakistan,2,SuperSport Park,2013,03,South Africa_Pakistan_2013-03-03,Pakistan,South Africa,Pakistan,False,100,Right hand Bat,Right hand Bat,Left arm Fast
14,AB de Villiers,Mohammad Irfan,F du Plessis,0,0,0,20,175,10,9,1,-,1.0,2,0,,,bat,Pakistan,2,SuperSport Park,2013,03,South Africa_Pakistan_2013-03-03,Pakistan,South Africa,Pakistan,False,100,Right hand Bat,Right hand Bat,Left arm Fast
15,AB de Villiers,Mohammad Irfan,F du Plessis,4,0,4,24,171,14,10,1,-,2.0,2,0,,,bat,Pakistan,2,SuperSport Park,2013,03,South Africa_Pakistan_2013-03-03,Pakistan,South Africa,Pakistan,False,100,Right hand Bat,Right hand Bat,Left arm Fast
16,AB de Villiers,Mohammad Irfan,F du Plessis,0,0,0,24,171,14,11,1,-,3.0,2,0,,,bat,Pakistan,2,SuperSport Park,2013,03,South Africa_Pakistan_2013-03-03,Pakistan,South Africa,Pakistan,False,100,Right hand Bat,Right hand Bat,Left arm Fast
17,AB de Villiers,Mohammad Irfan,F du Plessis,4,0,4,28,167,18,12,1,-,4.0,2,0,,,bat,Pakistan,2,SuperSport Park,2013,03,South Africa_Pakistan_2013-03-03,Pakistan,South Africa,Pakistan,False,100,Right hand Bat,Right hand Bat,Left arm Fast
18,AB de Villiers,Mohammad Irfan,F du Plessis,6,0,6,34,161,24,13,1,-,5.0,2,0,,,bat,Pakistan,2,SuperSport Park,2013,03,South Africa_Pakistan_2013-03-03,Pakistan,South Africa,Pakistan,False,100,Right hand Bat,Right hand Bat,Left arm Fast
19,AB de Villiers,Mohammad Irfan,F du Plessis,0,0,0,34,161,24,14,1,-,6.0,2,0,,,bat,Pakistan,2,SuperSport Park,2013,03,South Africa_Pakistan_2013-03-03,Pakistan,South Africa,Pakistan,False,100,Right hand Bat,Right hand Bat,Left arm Fast
20,F du Plessis,Junaid Khan,AB de Villiers,0,1,1,35,160,0,1,1,wides,0.0,3,0,,,bat,Pakistan,2,SuperSport Park,2013,03,South Africa_Pakistan_2013-03-03,Pakistan,South Africa,Pakistan,False,100,Right hand Bat,Right hand Bat,Left arm Fast
21,F du Plessis,Junaid Khan,AB de Villiers,1,0,1,36,159,1,2,1,-,1.0,3,0,,,bat,Pakistan,2,SuperSport Park,2013,03,South Africa_Pakistan_2013-03-03,Pakistan,South Africa,Pakistan,False,100,Right hand Bat,Right hand Bat,Left arm Fast
22,AB de Villiers,Junaid Khan,F du Plessis,0,0,0,36,159,24,15,1,-,2.0,3,0,,,bat,Pakistan,2,SuperSport Park,2013,03,South Africa_Pakistan_2013-03-03,Pakistan,South Africa,Pakistan,False,100,Right hand Bat,Right hand Bat,Left arm Fast
23,AB de Villiers,Junaid Khan,F du Plessis,4,0,4,40,155,28,16,1,-,3.0,3,0,,,bat,Pakistan,2,SuperSport Park,2013,03,South Africa_Pakistan_2013-03-03,Pakistan,South Africa,Pakistan,False,100,Right hand Bat,Right hand Bat,Left arm Fast
24,AB de Villiers,Junaid Khan,F du Plessis,1,0,1,41,154,29,17,1,-,4.0,3,0,,,bat,Pakistan,2,SuperSport Park,2013,03,South Africa_Pakistan_2013-03-03,Pakistan,South Africa,Pakistan,False,100,Right hand Bat,Right hand Bat,Left arm Fast
25,F du Plessis,Junaid Khan,AB de Villiers,3,0,3,44,151,4,3,1,-,5.0,3,0,,,bat,Pakistan,2,SuperSport Park,2013,03,South Africa_Pakistan_2013-03-03,Pakistan,South Africa,Pakistan,False,100,Right hand Bat,Right hand Bat,Left arm Fast
26,AB de Villiers,Junaid Khan,F du Plessis,4,0,4,48,147,33,18,1,-,6.0,3,0,,,bat,Pakistan,2,SuperSport Park,2013,03,South Africa_Pakistan_2013-03-03,Pakistan,South Africa,Pakistan,False,100,Right hand Bat,Right hand Bat,Left arm Fast
27,F du Plessis,Umar Gul,AB de Villiers,2,0,2,50,145,6,4,1,-,1.0,4,0,,,bat,Pakistan,2,SuperSport Park,2013,03,South Africa_Pakistan_2013-03-03,Pakistan,South Africa,Pakistan,False,100,Right hand Bat,Right hand Bat,Right arm Fast
28,F du Plessis,Umar Gul,AB de Villiers,0,0,0,50,145,6,5,2,-,2.0,4,caught,F du Plessis,Kamran Akmal,bat,Pakistan,2,SuperSport Park,2013,03,South Africa_Pakistan_2013-03-03,Pakistan,South Africa,Pakistan,False,100,Right hand Bat,Right hand Bat,Right arm Fast
29,CH Morris,Umar Gul,AB de Villiers,0,0,0,50,145,0,1,3,-,3.0,4,caught,CH Morris,Saeed Ajmal,bat,Pakistan,2,SuperSport Park,2013,03,South Africa_Pakistan_2013-03-03,Pakistan,South Africa,Pakistan,False,100,Right hand Bat,Right hand Bat,Right arm Fast
30,AB de Villiers,Umar Gul,JL Ontong,0,0,0,50,145,33,19,3,-,4.0,4,0,,,bat,Pakistan,2,SuperSport Park,2013,03,South Africa_Pakistan_2013-03-03,Pakistan,South Africa,Pakistan,False,100,Right hand Bat,Right hand Bat,Right arm Fast
31,AB de Villiers,Umar Gul,JL Ontong,1,0,1,51,144,34,20,3,-,5.0,4,0,,,bat,Pakistan,2,SuperSport Park,2013,03,South Africa_Pakistan_2013-03-03,Pakistan,South Africa,Pakistan,False,100,Right hand Bat,Right hand Bat,Right arm Fast
32,JL Ontong,Umar Gul,AB de Villiers,0,0,0,51,144,0,1,4,-,6.0,4,lbw,JL Ontong,,bat,Pakistan,2,SuperSport Park,2013,03,South Africa_Pakistan_2013-03-03,Pakistan,South Africa,Pakistan,False,100,Right hand Bat,Right hand Bat,Right arm Fast
33,AB de Villiers,Mohammad Irfan,F Behardien,0,0,0,51,144,34,21,4,-,1.0,5,0,,,bat,Pakistan,2,SuperSport Park,2013,03,South Africa_Pakistan_2013-03-03,Pakistan,South Africa,Pakistan,False,100,Right hand Bat,Right hand Bat,Left arm Fast
34,AB de Villiers,Mohammad Irfan,F Behardien,0,0,0,51,144,34,22,4,-,2.0,5,0,,,bat,Pakistan,2,SuperSport Park,2013,03,South Africa_Pakistan_2013-03-03,Pakistan,South Africa,Pakistan,False,100,Right hand Bat,Right hand Bat,Left arm Fast
35,AB de Villiers,Mohammad Irfan,F Behardien,2,0,2,53,142,36,23,4,-,3.0,5,0,,,bat,Pakistan,2,SuperSport Park,2013,03,South Africa_Pakistan_2013-03-03,Pakistan,South Africa,Pakistan,False,100,Right hand Bat,Right hand Bat,Left arm Fast
36,AB de Villiers,Mohammad Irfan,F Behardien,0,0,0,53,142,36,24,5,-,4.0,5,bowled,AB de Villiers,,bat,Pakistan,2,SuperSport Park,2013,03,South Africa_Pakistan_2013-03-03,Pakistan,South Africa,Pakistan,False,100,Right hand Bat,Right hand Bat,Left arm Fast
37,DA Miller,Mohammad Irfan,F Behardien,0,0,0,53,142,0,1,5,-,5.0,5,0,,,bat,Pakistan,2,SuperSport Park,2013,03,South Africa_Pakistan_2013-03-03,Pakistan,South Africa,Pakistan,False,100,Left hand Bat,Right hand Bat,Left arm Fast
38,DA Miller,Mohammad Irfan,F Behardien,0,0,0,53,142,0,2,5,-,6.0,5,0,,,bat,Pakistan,2,SuperSport Park,2013,03,South Africa_Pakistan_2013-03-03,Pakistan,South Africa,Pakistan,False,100,Left hand Bat,Right hand Bat,Left arm Fast
39,F Behardien,Umar Gul,DA Miller,0,0,0,53,142,0,1,6,-,1.0,6,caught,F Behardien,Ahmed Shehzad,bat,Pakistan,2,SuperSport Park,2013,03,South Africa_Pakistan_2013-03-03,Pakistan,South Africa,Pakistan,False,100,Right hand Bat,Left hand Bat,Right arm Fast
40,RJ Peterson,Umar Gul,DA Miller,0,0,0,53,142,0,1,6,-,2.0,6,0,,,bat,Pakistan,2,SuperSport Park,2013,03,South Africa_Pakistan_2013-03-03,Pakistan,South Africa,Pakistan,False,100,Left hand Bat,Left hand Bat,Right arm Fast
41,RJ Peterson,Umar Gul,DA Miller,1,0,1,54,141,1,2,6,-,3.0,6,0,,,bat,Pakistan,2,SuperSport Park,2013,03,South Africa_Pakistan_2013-03-03,Pakistan,South Africa,Pakistan,False,100,Left hand Bat,Left hand Bat,Right arm Fast
42,DA Miller,Umar Gul,RJ Peterson,0,0,0,54,141,0,3,6,-,4.0,6,0,,,bat,Pakistan,2,SuperSport Park,2013,03,South Africa_Pakistan_2013-03-03,Pakistan,South Africa,Pakistan,False,100,Left hand Bat,Left hand Bat,Right arm Fast
43,DA Miller,Umar Gul,RJ Peterson,0,0,0,54,141,0,4,6,-,5.0,6,0,,,bat,Pakistan,2,SuperSport Park,2013,03,South Africa_Pakistan_2013-03-03,Pakistan,South Africa,Pakistan,False,100,Left hand Bat,Left hand Bat,Right arm Fast
44,DA Miller,Umar Gul,RJ Peterson,0,0,0,54,141,0,5,6,-,6.0,6,0,,,bat,Pakistan,2,SuperSport Park,2013,03,South Africa_Pakistan_2013-03-03,Pakistan,South Africa,Pakistan,False,100,Left hand Bat,Left hand Bat,Right arm Fast
45,RJ Peterson,Mohammad Hafeez,DA Miller,1,0,1,55,140,2,3,6,-,1.0,7,0,,,bat,Pakistan,2,SuperSport Park,2013,03,South Africa_Pakistan_2013-03-03,Pakistan,South Africa,Pakistan,False,100,Left hand Bat,Left hand Bat,Right arm Offbreak
46,DA Miller,Mohammad Hafeez,RJ Peterson,1,0,1,56,139,1,6,6,-,2.0,7,0,,,bat,Pakistan,2,SuperSport Park,2013,03,South Africa_Pakistan_2013-03-03,Pakistan,South Africa,Pakistan,False,100,Left hand Bat,Left hand Bat,Right arm Offbreak
47,RJ Peterson,Mohammad Hafeez,DA Miller,1,0,1,57,138,3,4,6,-,3.0,7,0,,,bat,Pakistan,2,SuperSport Park,2013,03,South Africa_Pakistan_2013-03-03,Pakistan,South Africa,Pakistan,False,100,Left hand Bat,Left hand Bat,Right arm Offbreak
48,DA Miller,Mohammad Hafeez,RJ Peterson,0,0,0,57,138,1,7,6,-,4.0,7,0,,,bat,Pakistan,2,SuperSport Park,2013,03,South Africa_Pakistan_2013-03-03,Pakistan,South Africa,Pakistan,False,100,Left hand Bat,Left hand Bat,Right arm Offbreak
49,DA Miller,Mohammad Hafeez,RJ Peterson,2,0,2,59,136,3,8,6,-,5.0,7,0,,,bat,Pakistan,2,SuperSport Park,2013,03,South Africa_Pakistan_2013-03-03,Pakistan,South Africa,Pakistan,False,100,Left hand Bat,Left hand Bat,Right arm Offbreak
50,DA Miller,Mohammad Hafeez,RJ Peterson,2,0,2,61,134,5,9,6,-,6.0,7,0,,,bat,Pakistan,2,SuperSport Park,2013,03,South Africa_Pakistan_2013-03-03,Pakistan,South Africa,Pakistan,False,100,Left hand Bat,Left hand Bat,Right arm Offbreak
51,RJ Peterson,Saeed Ajmal,DA Miller,0,0,0,61,134,3,5,6,-,1.0,8,0,,,bat,Pakistan,2,SuperSport Park,2013,03,South Africa_Pakistan_2013-03-03,Pakistan,South Africa,Pakistan,False,100,Left hand Bat,Left hand Bat,Right arm Offbreak
52,RJ Peterson,Saeed Ajmal,DA Miller,0,0,0,61,134,3,6,6,-,2.0,8,0,,,bat,Pakistan,2,SuperSport Park,2013,03,South Africa_Pakistan_2013-03-03,Pakistan,South Africa,Pakistan,False,100,Left hand Bat,Left hand Bat,Right arm Offbreak
53,RJ Peterson,Saeed Ajmal,DA Miller,1,0,1,62,133,4,7,6,-,3.0,8,0,,,bat,Pakistan,2,SuperSport Park,2013,03,South Africa_Pakistan_2013-03-03,Pakistan,South Africa,Pakistan,False,100,Left hand Bat,Left hand Bat,Right arm Offbreak
54,DA Miller,Saeed Ajmal,RJ Peterson,0,0,0,62,133,5,10,6,-,4.0,8,0,,,bat,Pakistan,2,SuperSport Park,2013,03,South Africa_Pakistan_2013-03-03,Pakistan,South Africa,Pakistan,False,100,Left hand Bat,Left hand Bat,Right arm Offbreak
55,DA Miller,Saeed Ajmal,RJ Peterson,0,0,0,62,133,5,11,6,-,5.0,8,0,,,bat,Pakistan,2,SuperSport Park,2013,03,South Africa_Pakistan_2013-03-03,Pakistan,South Africa,Pakistan,False,100,Left hand Bat,Left hand Bat,Right arm Offbreak
56,DA Miller,Saeed Ajmal,RJ Peterson,1,0,1,63,132,6,12,6,-,6.0,8,0,,,bat,Pakistan,2,SuperSport Park,2013,03,South Africa_Pakistan_2013-03-03,Pakistan,South Africa,Pakistan,False,100,Left hand Bat,Left hand Bat,Right arm Offbreak
57,DA Miller,Mohammad Hafeez,RJ Peterson,2,0,2,65,130,8,13,6,-,1.0,9,0,,,bat,Pakistan,2,SuperSport Park,2013,03,South Africa_Pakistan_2013-03-03,Pakistan,South Africa,Pakistan,False,100,Left hand Bat,Left hand Bat,Right arm Offbreak
58,DA Miller,Mohammad Hafeez,RJ Peterson,1,0,1,66,129,9,14,6,-,2.0,9,0,,,bat,Pakistan,2,SuperSport Park,2013,03,South Africa_Pakistan_2013-03-03,Pakistan,South Africa,Pakistan,False,100,Left hand Bat,Left hand Bat,Right arm Offbreak
59,RJ Peterson,Mohammad Hafeez,DA Miller,0,0,0,66,129,4,8,6,-,3.0,9,0,,,bat,Pakistan,2,SuperSport Park,2013,03,South Africa_Pakistan_2013-03-03,Pakistan,South Africa,Pakistan,False,100,Left hand Bat,Left hand Bat,Right arm Offbreak
60,RJ Peterson,Mohammad Hafeez,DA Miller,0,0,0,66,129,4,9,6,-,4.0,9,0,,,bat,Pakistan,2,SuperSport Park,2013,03,South Africa_Pakistan_2013-03-03,Pakistan,South Africa,Pakistan,False,100,Left hand Bat,Left hand Bat,Right arm Offbreak
61,RJ Peterson,Mohammad Hafeez,DA Miller,1,0,1,67,128,5,10,6,-,5.0,9,0,,,bat,Pakistan,2,SuperSport Park,2013,03,South Africa_Pakistan_2013-03-03,Pakistan,South Africa,Pakistan,False,100,Left hand Bat,Left hand Bat,Right arm Offbreak
62,DA Miller,Mohammad Hafeez,RJ Peterson,0,0,0,67,128,9,15,7,-,6.0,9,caught,DA Miller,Ahmed Shehzad,bat,Pakistan,2,SuperSport Park,2013,03,South Africa_Pakistan_2013-03-03,Pakistan,South Africa,Pakistan,False,100,Left hand Bat,Left hand Bat,Right arm Offbreak
63,RJ Peterson,Saeed Ajmal,RK Kleinveldt,4,0,4,71,124,9,11,7,-,1.0,10,0,,,bat,Pakistan,2,SuperSport Park,2013,03,South Africa_Pakistan_2013-03-03,Pakistan,South Africa,Pakistan,False,100,Left hand Bat,Right hand Bat,Right arm Offbreak
64,RJ Peterson,Saeed Ajmal,RK Kleinveldt,3,0,3,74,121,12,12,7,-,2.0,10,0,,,bat,Pakistan,2,SuperSport Park,2013,03,South Africa_Pakistan_2013-03-03,Pakistan,South Africa,Pakistan,False,100,Left hand Bat,Right hand Bat,Right arm Offbreak
65,RK Kleinveldt,Saeed Ajmal,RJ Peterson,0,0,0,74,121,0,1,7,-,3.0,10,0,,,bat,Pakistan,2,SuperSport Park,2013,03,South Africa_Pakistan_2013-03-03,Pakistan,South Africa,Pakistan,False,100,Right hand Bat,Left hand Bat,Right arm Offbreak
66,RK Kleinveldt,Saeed Ajmal,RJ Peterson,4,0,4,78,117,4,2,7,-,4.0,10,0,,,bat,Pakistan,2,SuperSport Park,2013,03,South Africa_Pakistan_2013-03-03,Pakistan,South Africa,Pakistan,False,100,Right hand Bat,Left hand Bat,Right arm Offbreak
67,RK Kleinveldt,Saeed Ajmal,RJ Peterson,6,0,6,84,111,10,3,7,-,5.0,10,0,,,bat,Pakistan,2,SuperSport Park,2013,03,South Africa_Pakistan_2013-03-03,Pakistan,South Africa,Pakistan,False,100,Right hand Bat,Left hand Bat,Right arm Offbreak
68,RK Kleinveldt,Saeed Ajmal,RJ Peterson,0,0,0,84,111,10,4,7,-,6.0,10,0,,,bat,Pakistan,2,SuperSport Park,2013,03,South Africa_Pakistan_2013-03-03,Pakistan,South Africa,Pakistan,False,100,Right hand Bat,Left hand Bat,Right arm Offbreak
69,RJ Peterson,Mohammad Hafeez,RK Kleinveldt,1,0,1,85,110,13,13,7,-,1.0,11,0,,,bat,Pakistan,2,SuperSport Park,2013,03,South Africa_Pakistan_2013-03-03,Pakistan,South Africa,Pakistan,False,100,Left hand Bat,Right hand Bat,Right arm Offbreak
70,RK Kleinveldt,Mohammad Hafeez,RJ Peterson,6,0,6,91,104,16,5,7,-,2.0,11,0,,,bat,Pakistan,2,SuperSport Park,2013,03,South Africa_Pakistan_2013-03-03,Pakistan,South Africa,Pakistan,False,100,Right hand Bat,Left hand Bat,Right arm Offbreak
71,RK Kleinveldt,Mohammad Hafeez,RJ Peterson,6,0,6,97,98,22,6,7,-,3.0,11,0,,,bat,Pakistan,2,SuperSport Park,2013,03,South Africa_Pakistan_2013-03-03,Pakistan,South Africa,Pakistan,False,100,Right hand Bat,Left hand Bat,Right arm Offbreak
72,RK Kleinveldt,Mohammad Hafeez,RJ Peterson,0,1,1,98,97,22,7,7,wides,3.0,11,0,,,bat,Pakistan,2,SuperSport Park,2013,03,South Africa_Pakistan_2013-03-03,Pakistan,South Africa,Pakistan,False,100,Right hand Bat,Left hand Bat,Right arm Offbreak
73,RK Kleinveldt,Mohammad Hafeez,RJ Peterson,0,0,0,98,97,22,8,8,-,4.0,11,caught,RK Kleinveldt,Umar Akmal,bat,Pakistan,2,SuperSport Park,2013,03,South Africa_Pakistan_2013-03-03,Pakistan,South Africa,Pakistan,False,100,Right hand Bat,Left hand Bat,Right arm Offbreak
74,RJ Peterson,Mohammad Hafeez,KJ Abbott,0,0,0,98,97,13,14,9,-,5.0,11,caught,RJ Peterson,Shahid Afridi,bat,Pakistan,2,SuperSport Park,2013,03,South Africa_Pakistan_2013-03-03,Pakistan,South Africa,Pakistan,False,100,Left hand Bat,Right hand Bat,Right arm Offbreak
75,LL Tsotsobe,Mohammad Hafeez,KJ Abbott,0,0,0,98,97,0,1,9,-,6.0,11,0,,,bat,Pakistan,2,SuperSport Park,2013,03,South Africa_Pakistan_2013-03-03,Pakistan,South Africa,Pakistan,False,100,Right hand Bat,Right hand Bat,Right arm Offbreak
76,KJ Abbott,Umar Gul,LL Tsotsobe,2,0,2,100,95,2,1,9,-,1.0,12,0,,,bat,Pakistan,2,SuperSport Park,2013,03,South Africa_Pakistan_2013-03-03,Pakistan,South Africa,Pakistan,False,100,Right hand Bat,Right hand Bat,Right arm Fast
77,KJ Abbott,Umar Gul,LL Tsotsobe,0,0,0,100,95,2,2,10,-,2.0,12,caught,KJ Abbott,Kamran Akmal,bat,Pakistan,2,SuperSport Park,2013,03,South Africa_Pakistan_2013-03-03,Pakistan,South Africa,Pakistan,False,100,Right hand Bat,Right hand Bat,Right arm Fast
