,batter,bowler,non_striker,runs_by_bat,extra_runs,total,team_total,runs_remain,batter_runs,balls_faced,wickets_fallen,delivery,extra_type,over,wicket_type,player_out,fielder,toss_decision,toss_winner,innings,venue,year,month,match_id,winning_team,batting_team,bowling_team
0,H Masakadza,Sohail Tanvir,V Sibanda,0,0,0,0,161,0,1,0,1,-,1,0,,,field,Zimbabwe,2,Harare Sports Club,2013,08,Zimbabwe_Pakistan_2013-08-23,Pakistan,Zimbabwe,Pakistan
1,H Masakadza,Sohail Tanvir,V Sibanda,3,0,3,3,158,3,2,0,2,-,1,0,,,field,Zimbabwe,2,Harare Sports Club,2013,08,Zimbabwe_Pakistan_2013-08-23,Pakistan,Zimbabwe,Pakistan
2,V Sibanda,Sohail Tanvir,H Masakadza,0,0,0,3,158,0,1,0,3,-,1,0,,,field,Zimbabwe,2,Harare Sports Club,2013,08,Zimbabwe_Pakistan_2013-08-23,Pakistan,Zimbabwe,Pakistan
3,V Sibanda,Sohail Tanvir,H Masakadza,2,0,2,5,156,2,2,0,4,-,1,0,,,field,Zimbabwe,2,Harare Sports Club,2013,08,Zimbabwe_Pakistan_2013-08-23,Pakistan,Zimbabwe,Pakistan
4,V Sibanda,Sohail Tanvir,H Masakadza,0,1,1,6,155,2,3,0,5,wides,1,0,,,field,Zimbabwe,2,Harare Sports Club,2013,08,Zimbabwe_Pakistan_2013-08-23,Pakistan,Zimbabwe,Pakistan
5,V Sibanda,Sohail Tanvir,H Masakadza,0,0,0,6,155,2,4,0,6,-,1,0,,,field,Zimbabwe,2,Harare Sports Club,2013,08,Zimbabwe_Pakistan_2013-08-23,Pakistan,Zimbabwe,Pakistan
6,V Sibanda,Sohail Tanvir,H Masakadza,0,0,0,6,155,2,5,0,7,-,1,0,,,field,Zimbabwe,2,Harare Sports Club,2013,08,Zimbabwe_Pakistan_2013-08-23,Pakistan,Zimbabwe,Pakistan
7,H Masakadza,Mohammad Irfan,V Sibanda,1,0,1,7,154,4,3,0,1,-,2,0,,,field,Zimbabwe,2,Harare Sports Club,2013,08,Zimbabwe_Pakistan_2013-08-23,Pakistan,Zimbabwe,Pakistan
8,V Sibanda,Mohammad Irfan,H Masakadza,0,1,1,8,153,2,6,0,2,legbyes,2,0,,,field,Zimbabwe,2,Harare Sports Club,2013,08,Zimbabwe_Pakistan_2013-08-23,Pakistan,Zimbabwe,Pakistan
9,H Masakadza,Mohammad Irfan,V Sibanda,0,0,0,8,153,4,4,0,3,-,2,0,,,field,Zimbabwe,2,Harare Sports Club,2013,08,Zimbabwe_Pakistan_2013-08-23,Pakistan,Zimbabwe,Pakistan
10,H Masakadza,Mohammad Irfan,V Sibanda,4,0,4,12,149,8,5,0,4,-,2,0,,,field,Zimbabwe,2,Harare Sports Club,2013,08,Zimbabwe_Pakistan_2013-08-23,Pakistan,Zimbabwe,Pakistan
11,H Masakadza,Mohammad Irfan,V Sibanda,4,0,4,16,145,12,6,0,5,-,2,0,,,field,Zimbabwe,2,Harare Sports Club,2013,08,Zimbabwe_Pakistan_2013-08-23,Pakistan,Zimbabwe,Pakistan
12,H Masakadza,Mohammad Irfan,V Sibanda,0,0,0,16,145,12,7,0,6,-,2,0,,,field,Zimbabwe,2,Harare Sports Club,2013,08,Zimbabwe_Pakistan_2013-08-23,Pakistan,Zimbabwe,Pakistan
13,V Sibanda,Sohail Tanvir,H Masakadza,2,0,2,18,143,4,7,0,1,-,3,0,,,field,Zimbabwe,2,Harare Sports Club,2013,08,Zimbabwe_Pakistan_2013-08-23,Pakistan,Zimbabwe,Pakistan
14,V Sibanda,Sohail Tanvir,H Masakadza,0,0,0,18,143,4,8,0,2,-,3,0,,,field,Zimbabwe,2,Harare Sports Club,2013,08,Zimbabwe_Pakistan_2013-08-23,Pakistan,Zimbabwe,Pakistan
15,V Sibanda,Sohail Tanvir,H Masakadza,0,0,0,18,143,4,9,0,3,-,3,0,,,field,Zimbabwe,2,Harare Sports Club,2013,08,Zimbabwe_Pakistan_2013-08-23,Pakistan,Zimbabwe,Pakistan
16,V Sibanda,Sohail Tanvir,H Masakadza,0,0,0,18,143,4,10,0,4,-,3,0,,,field,Zimbabwe,2,Harare Sports Club,2013,08,Zimbabwe_Pakistan_2013-08-23,Pakistan,Zimbabwe,Pakistan
17,V Sibanda,Sohail Tanvir,H Masakadza,1,0,1,19,142,5,11,0,5,-,3,0,,,field,Zimbabwe,2,Harare Sports Club,2013,08,Zimbabwe_Pakistan_2013-08-23,Pakistan,Zimbabwe,Pakistan
18,H Masakadza,Sohail Tanvir,V Sibanda,0,0,0,19,142,12,8,0,6,-,3,0,,,field,Zimbabwe,2,Harare Sports Club,2013,08,Zimbabwe_Pakistan_2013-08-23,Pakistan,Zimbabwe,Pakistan
19,V Sibanda,Anwar Ali,H Masakadza,0,0,0,19,142,5,12,0,1,-,4,0,,,field,Zimbabwe,2,Harare Sports Club,2013,08,Zimbabwe_Pakistan_2013-08-23,Pakistan,Zimbabwe,Pakistan
20,V Sibanda,Anwar Ali,H Masakadza,4,0,4,23,138,9,13,0,2,-,4,0,,,field,Zimbabwe,2,Harare Sports Club,2013,08,Zimbabwe_Pakistan_2013-08-23,Pakistan,Zimbabwe,Pakistan
21,V Sibanda,Anwar Ali,H Masakadza,1,0,1,24,137,10,14,0,3,-,4,0,,,field,Zimbabwe,2,Harare Sports Club,2013,08,Zimbabwe_Pakistan_2013-08-23,Pakistan,Zimbabwe,Pakistan
22,H Masakadza,Anwar Ali,V Sibanda,0,0,0,24,137,12,9,0,4,-,4,0,,,field,Zimbabwe,2,Harare Sports Club,2013,08,Zimbabwe_Pakistan_2013-08-23,Pakistan,Zimbabwe,Pakistan
23,H Masakadza,Anwar Ali,V Sibanda,4,0,4,28,133,16,10,0,5,-,4,0,,,field,Zimbabwe,2,Harare Sports Club,2013,08,Zimbabwe_Pakistan_2013-08-23,Pakistan,Zimbabwe,Pakistan
24,H Masakadza,Anwar Ali,V Sibanda,0,0,0,28,133,16,11,0,6,-,4,0,,,field,Zimbabwe,2,Harare Sports Club,2013,08,Zimbabwe_Pakistan_2013-08-23,Pakistan,Zimbabwe,Pakistan
25,V Sibanda,Mohammad Irfan,H Masakadza,0,0,0,28,133,10,15,0,1,-,5,0,,,field,Zimbabwe,2,Harare Sports Club,2013,08,Zimbabwe_Pakistan_2013-08-23,Pakistan,Zimbabwe,Pakistan
26,V Sibanda,Mohammad Irfan,H Masakadza,2,0,2,30,131,12,16,0,2,-,5,0,,,field,Zimbabwe,2,Harare Sports Club,2013,08,Zimbabwe_Pakistan_2013-08-23,Pakistan,Zimbabwe,Pakistan
27,V Sibanda,Mohammad Irfan,H Masakadza,0,0,0,30,131,12,17,0,3,-,5,0,,,field,Zimbabwe,2,Harare Sports Club,2013,08,Zimbabwe_Pakistan_2013-08-23,Pakistan,Zimbabwe,Pakistan
28,V Sibanda,Mohammad Irfan,H Masakadza,0,4,4,34,127,12,18,0,4,byes,5,0,,,field,Zimbabwe,2,Harare Sports Club,2013,08,Zimbabwe_Pakistan_2013-08-23,Pakistan,Zimbabwe,Pakistan
29,V Sibanda,Mohammad Irfan,H Masakadza,0,0,0,34,127,12,19,0,5,-,5,0,,,field,Zimbabwe,2,Harare Sports Club,2013,08,Zimbabwe_Pakistan_2013-08-23,Pakistan,Zimbabwe,Pakistan
30,V Sibanda,Mohammad Irfan,H Masakadza,1,0,1,35,126,13,20,0,6,-,5,0,,,field,Zimbabwe,2,Harare Sports Club,2013,08,Zimbabwe_Pakistan_2013-08-23,Pakistan,Zimbabwe,Pakistan
31,V Sibanda,Saeed Ajmal,H Masakadza,0,0,0,35,126,13,21,0,1,-,6,0,,,field,Zimbabwe,2,Harare Sports Club,2013,08,Zimbabwe_Pakistan_2013-08-23,Pakistan,Zimbabwe,Pakistan
32,V Sibanda,Saeed Ajmal,H Masakadza,0,0,0,35,126,13,22,0,2,-,6,0,,,field,Zimbabwe,2,Harare Sports Club,2013,08,Zimbabwe_Pakistan_2013-08-23,Pakistan,Zimbabwe,Pakistan
33,V Sibanda,Saeed Ajmal,H Masakadza,0,0,0,35,126,13,23,0,3,-,6,0,,,field,Zimbabwe,2,Harare Sports Club,2013,08,Zimbabwe_Pakistan_2013-08-23,Pakistan,Zimbabwe,Pakistan
34,V Sibanda,Saeed Ajmal,H Masakadza,0,0,0,35,126,13,24,0,4,-,6,0,,,field,Zimbabwe,2,Harare Sports Club,2013,08,Zimbabwe_Pakistan_2013-08-23,Pakistan,Zimbabwe,Pakistan
35,V Sibanda,Saeed Ajmal,H Masakadza,0,5,5,40,121,13,25,0,5,wides,6,0,,,field,Zimbabwe,2,Harare Sports Club,2013,08,Zimbabwe_Pakistan_2013-08-23,Pakistan,Zimbabwe,Pakistan
36,V Sibanda,Saeed Ajmal,H Masakadza,1,0,1,41,120,14,26,0,6,-,6,0,,,field,Zimbabwe,2,Harare Sports Club,2013,08,Zimbabwe_Pakistan_2013-08-23,Pakistan,Zimbabwe,Pakistan
37,H Masakadza,Saeed Ajmal,V Sibanda,1,0,1,42,119,17,12,0,7,-,6,0,,,field,Zimbabwe,2,Harare Sports Club,2013,08,Zimbabwe_Pakistan_2013-08-23,Pakistan,Zimbabwe,Pakistan
38,H Masakadza,Mohammad Irfan,V Sibanda,1,0,1,43,118,18,13,0,1,-,7,0,,,field,Zimbabwe,2,Harare Sports Club,2013,08,Zimbabwe_Pakistan_2013-08-23,Pakistan,Zimbabwe,Pakistan
39,V Sibanda,Mohammad Irfan,H Masakadza,4,0,4,47,114,18,27,0,2,-,7,0,,,field,Zimbabwe,2,Harare Sports Club,2013,08,Zimbabwe_Pakistan_2013-08-23,Pakistan,Zimbabwe,Pakistan
40,V Sibanda,Mohammad Irfan,H Masakadza,0,0,0,47,114,18,28,0,3,-,7,0,,,field,Zimbabwe,2,Harare Sports Club,2013,08,Zimbabwe_Pakistan_2013-08-23,Pakistan,Zimbabwe,Pakistan
41,V Sibanda,Mohammad Irfan,H Masakadza,0,0,0,47,114,18,29,0,4,-,7,0,,,field,Zimbabwe,2,Harare Sports Club,2013,08,Zimbabwe_Pakistan_2013-08-23,Pakistan,Zimbabwe,Pakistan
42,V Sibanda,Mohammad Irfan,H Masakadza,1,0,1,48,113,19,30,0,5,-,7,0,,,field,Zimbabwe,2,Harare Sports Club,2013,08,Zimbabwe_Pakistan_2013-08-23,Pakistan,Zimbabwe,Pakistan
43,H Masakadza,Mohammad Irfan,V Sibanda,0,0,0,48,113,18,14,0,6,-,7,0,,,field,Zimbabwe,2,Harare Sports Club,2013,08,Zimbabwe_Pakistan_2013-08-23,Pakistan,Zimbabwe,Pakistan
44,V Sibanda,Anwar Ali,H Masakadza,4,0,4,52,109,23,31,0,1,-,8,0,,,field,Zimbabwe,2,Harare Sports Club,2013,08,Zimbabwe_Pakistan_2013-08-23,Pakistan,Zimbabwe,Pakistan
45,V Sibanda,Anwar Ali,H Masakadza,0,0,0,52,109,23,32,0,2,-,8,0,,,field,Zimbabwe,2,Harare Sports Club,2013,08,Zimbabwe_Pakistan_2013-08-23,Pakistan,Zimbabwe,Pakistan
46,V Sibanda,Anwar Ali,H Masakadza,1,0,1,53,108,24,33,0,3,-,8,0,,,field,Zimbabwe,2,Harare Sports Club,2013,08,Zimbabwe_Pakistan_2013-08-23,Pakistan,Zimbabwe,Pakistan
47,H Masakadza,Anwar Ali,V Sibanda,0,0,0,53,108,18,15,0,4,-,8,0,,,field,Zimbabwe,2,Harare Sports Club,2013,08,Zimbabwe_Pakistan_2013-08-23,Pakistan,Zimbabwe,Pakistan
48,H Masakadza,Anwar Ali,V Sibanda,0,0,0,53,108,18,16,1,5,-,8,lbw,H Masakadza,,field,Zimbabwe,2,Harare Sports Club,2013,08,Zimbabwe_Pakistan_2013-08-23,Pakistan,Zimbabwe,Pakistan
49,BRM Taylor,Anwar Ali,V Sibanda,1,0,1,54,107,1,1,1,6,-,8,0,,,field,Zimbabwe,2,Harare Sports Club,2013,08,Zimbabwe_Pakistan_2013-08-23,Pakistan,Zimbabwe,Pakistan
50,BRM Taylor,Shahid Afridi,V Sibanda,0,0,0,54,107,1,2,1,1,-,9,0,,,field,Zimbabwe,2,Harare Sports Club,2013,08,Zimbabwe_Pakistan_2013-08-23,Pakistan,Zimbabwe,Pakistan
51,BRM Taylor,Shahid Afridi,V Sibanda,1,0,1,55,106,2,3,1,2,-,9,0,,,field,Zimbabwe,2,Harare Sports Club,2013,08,Zimbabwe_Pakistan_2013-08-23,Pakistan,Zimbabwe,Pakistan
52,V Sibanda,Shahid Afridi,BRM Taylor,0,0,0,55,106,24,34,1,3,-,9,0,,,field,Zimbabwe,2,Harare Sports Club,2013,08,Zimbabwe_Pakistan_2013-08-23,Pakistan,Zimbabwe,Pakistan
53,V Sibanda,Shahid Afridi,BRM Taylor,1,0,1,56,105,25,35,1,4,-,9,0,,,field,Zimbabwe,2,Harare Sports Club,2013,08,Zimbabwe_Pakistan_2013-08-23,Pakistan,Zimbabwe,Pakistan
54,BRM Taylor,Shahid Afridi,V Sibanda,1,0,1,57,104,3,4,1,5,-,9,0,,,field,Zimbabwe,2,Harare Sports Club,2013,08,Zimbabwe_Pakistan_2013-08-23,Pakistan,Zimbabwe,Pakistan
55,V Sibanda,Shahid Afridi,BRM Taylor,1,0,1,58,103,26,36,1,6,-,9,0,,,field,Zimbabwe,2,Harare Sports Club,2013,08,Zimbabwe_Pakistan_2013-08-23,Pakistan,Zimbabwe,Pakistan
56,V Sibanda,Anwar Ali,BRM Taylor,0,0,0,58,103,26,37,1,1,-,10,0,,,field,Zimbabwe,2,Harare Sports Club,2013,08,Zimbabwe_Pakistan_2013-08-23,Pakistan,Zimbabwe,Pakistan
57,V Sibanda,Anwar Ali,BRM Taylor,3,0,3,61,100,29,38,1,2,-,10,0,,,field,Zimbabwe,2,Harare Sports Club,2013,08,Zimbabwe_Pakistan_2013-08-23,Pakistan,Zimbabwe,Pakistan
58,BRM Taylor,Anwar Ali,V Sibanda,0,0,0,61,100,3,5,1,3,-,10,0,,,field,Zimbabwe,2,Harare Sports Club,2013,08,Zimbabwe_Pakistan_2013-08-23,Pakistan,Zimbabwe,Pakistan
59,BRM Taylor,Anwar Ali,V Sibanda,2,0,2,63,98,5,6,1,4,-,10,0,,,field,Zimbabwe,2,Harare Sports Club,2013,08,Zimbabwe_Pakistan_2013-08-23,Pakistan,Zimbabwe,Pakistan
60,BRM Taylor,Anwar Ali,V Sibanda,1,0,1,64,97,6,7,1,5,-,10,0,,,field,Zimbabwe,2,Harare Sports Club,2013,08,Zimbabwe_Pakistan_2013-08-23,Pakistan,Zimbabwe,Pakistan
61,V Sibanda,Anwar Ali,BRM Taylor,0,0,0,64,97,29,39,1,6,-,10,0,,,field,Zimbabwe,2,Harare Sports Club,2013,08,Zimbabwe_Pakistan_2013-08-23,Pakistan,Zimbabwe,Pakistan
62,BRM Taylor,Shahid Afridi,V Sibanda,1,0,1,65,96,7,8,1,1,-,11,0,,,field,Zimbabwe,2,Harare Sports Club,2013,08,Zimbabwe_Pakistan_2013-08-23,Pakistan,Zimbabwe,Pakistan
63,V Sibanda,Shahid Afridi,BRM Taylor,1,0,1,66,95,30,40,1,2,-,11,0,,,field,Zimbabwe,2,Harare Sports Club,2013,08,Zimbabwe_Pakistan_2013-08-23,Pakistan,Zimbabwe,Pakistan
64,BRM Taylor,Shahid Afridi,V Sibanda,4,0,4,70,91,11,9,1,3,-,11,0,,,field,Zimbabwe,2,Harare Sports Club,2013,08,Zimbabwe_Pakistan_2013-08-23,Pakistan,Zimbabwe,Pakistan
65,BRM Taylor,Shahid Afridi,V Sibanda,0,0,0,70,91,11,10,1,4,-,11,0,,,field,Zimbabwe,2,Harare Sports Club,2013,08,Zimbabwe_Pakistan_2013-08-23,Pakistan,Zimbabwe,Pakistan
66,BRM Taylor,Shahid Afridi,V Sibanda,1,0,1,71,90,12,11,1,5,-,11,0,,,field,Zimbabwe,2,Harare Sports Club,2013,08,Zimbabwe_Pakistan_2013-08-23,Pakistan,Zimbabwe,Pakistan
67,V Sibanda,Shahid Afridi,BRM Taylor,0,0,0,71,90,30,41,1,6,-,11,0,,,field,Zimbabwe,2,Harare Sports Club,2013,08,Zimbabwe_Pakistan_2013-08-23,Pakistan,Zimbabwe,Pakistan
68,BRM Taylor,Mohammad Hafeez,V Sibanda,0,0,0,71,90,12,12,1,1,-,12,0,,,field,Zimbabwe,2,Harare Sports Club,2013,08,Zimbabwe_Pakistan_2013-08-23,Pakistan,Zimbabwe,Pakistan
69,BRM Taylor,Mohammad Hafeez,V Sibanda,1,0,1,72,89,13,13,1,2,-,12,0,,,field,Zimbabwe,2,Harare Sports Club,2013,08,Zimbabwe_Pakistan_2013-08-23,Pakistan,Zimbabwe,Pakistan
70,V Sibanda,Mohammad Hafeez,BRM Taylor,0,1,1,73,88,30,42,1,3,wides,12,0,,,field,Zimbabwe,2,Harare Sports Club,2013,08,Zimbabwe_Pakistan_2013-08-23,Pakistan,Zimbabwe,Pakistan
71,V Sibanda,Mohammad Hafeez,BRM Taylor,1,0,1,74,87,31,43,1,4,-,12,0,,,field,Zimbabwe,2,Harare Sports Club,2013,08,Zimbabwe_Pakistan_2013-08-23,Pakistan,Zimbabwe,Pakistan
72,BRM Taylor,Mohammad Hafeez,V Sibanda,4,0,4,78,83,17,14,1,5,-,12,0,,,field,Zimbabwe,2,Harare Sports Club,2013,08,Zimbabwe_Pakistan_2013-08-23,Pakistan,Zimbabwe,Pakistan
73,BRM Taylor,Mohammad Hafeez,V Sibanda,1,0,1,79,82,18,15,1,6,-,12,0,,,field,Zimbabwe,2,Harare Sports Club,2013,08,Zimbabwe_Pakistan_2013-08-23,Pakistan,Zimbabwe,Pakistan
74,V Sibanda,Mohammad Hafeez,BRM Taylor,0,0,0,79,82,31,44,1,7,-,12,0,,,field,Zimbabwe,2,Harare Sports Club,2013,08,Zimbabwe_Pakistan_2013-08-23,Pakistan,Zimbabwe,Pakistan
75,BRM Taylor,Shahid Afridi,V Sibanda,1,0,1,80,81,19,16,1,1,-,13,0,,,field,Zimbabwe,2,Harare Sports Club,2013,08,Zimbabwe_Pakistan_2013-08-23,Pakistan,Zimbabwe,Pakistan
76,V Sibanda,Shahid Afridi,BRM Taylor,0,0,0,80,81,31,45,2,2,-,13,bowled,V Sibanda,,field,Zimbabwe,2,Harare Sports Club,2013,08,Zimbabwe_Pakistan_2013-08-23,Pakistan,Zimbabwe,Pakistan
77,SC Williams,Shahid Afridi,BRM Taylor,0,0,0,80,81,0,1,2,3,-,13,0,,,field,Zimbabwe,2,Harare Sports Club,2013,08,Zimbabwe_Pakistan_2013-08-23,Pakistan,Zimbabwe,Pakistan
78,SC Williams,Shahid Afridi,BRM Taylor,4,0,4,84,77,4,2,2,4,-,13,0,,,field,Zimbabwe,2,Harare Sports Club,2013,08,Zimbabwe_Pakistan_2013-08-23,Pakistan,Zimbabwe,Pakistan
79,SC Williams,Shahid Afridi,BRM Taylor,2,0,2,86,75,6,3,2,5,-,13,0,,,field,Zimbabwe,2,Harare Sports Club,2013,08,Zimbabwe_Pakistan_2013-08-23,Pakistan,Zimbabwe,Pakistan
80,SC Williams,Shahid Afridi,BRM Taylor,1,0,1,87,74,7,4,2,6,-,13,0,,,field,Zimbabwe,2,Harare Sports Club,2013,08,Zimbabwe_Pakistan_2013-08-23,Pakistan,Zimbabwe,Pakistan
81,SC Williams,Mohammad Hafeez,BRM Taylor,0,0,0,87,74,7,5,2,1,-,14,0,,,field,Zimbabwe,2,Harare Sports Club,2013,08,Zimbabwe_Pakistan_2013-08-23,Pakistan,Zimbabwe,Pakistan
82,SC Williams,Mohammad Hafeez,BRM Taylor,2,0,2,89,72,9,6,2,2,-,14,0,,,field,Zimbabwe,2,Harare Sports Club,2013,08,Zimbabwe_Pakistan_2013-08-23,Pakistan,Zimbabwe,Pakistan
83,SC Williams,Mohammad Hafeez,BRM Taylor,0,0,0,89,72,9,7,3,3,-,14,lbw,SC Williams,,field,Zimbabwe,2,Harare Sports Club,2013,08,Zimbabwe_Pakistan_2013-08-23,Pakistan,Zimbabwe,Pakistan
84,T Maruma,Mohammad Hafeez,BRM Taylor,1,0,1,90,71,1,1,3,4,-,14,0,,,field,Zimbabwe,2,Harare Sports Club,2013,08,Zimbabwe_Pakistan_2013-08-23,Pakistan,Zimbabwe,Pakistan
85,BRM Taylor,Mohammad Hafeez,T Maruma,0,0,0,90,71,19,17,3,5,-,14,0,,,field,Zimbabwe,2,Harare Sports Club,2013,08,Zimbabwe_Pakistan_2013-08-23,Pakistan,Zimbabwe,Pakistan
86,BRM Taylor,Mohammad Hafeez,T Maruma,1,0,1,91,70,20,18,3,6,-,14,0,,,field,Zimbabwe,2,Harare Sports Club,2013,08,Zimbabwe_Pakistan_2013-08-23,Pakistan,Zimbabwe,Pakistan
87,BRM Taylor,Saeed Ajmal,T Maruma,0,1,1,92,69,20,19,3,1,byes,15,0,,,field,Zimbabwe,2,Harare Sports Club,2013,08,Zimbabwe_Pakistan_2013-08-23,Pakistan,Zimbabwe,Pakistan
88,T Maruma,Saeed Ajmal,BRM Taylor,0,0,0,92,69,1,2,3,2,-,15,0,,,field,Zimbabwe,2,Harare Sports Club,2013,08,Zimbabwe_Pakistan_2013-08-23,Pakistan,Zimbabwe,Pakistan
89,T Maruma,Saeed Ajmal,BRM Taylor,1,0,1,93,68,2,3,3,3,-,15,0,,,field,Zimbabwe,2,Harare Sports Club,2013,08,Zimbabwe_Pakistan_2013-08-23,Pakistan,Zimbabwe,Pakistan
90,BRM Taylor,Saeed Ajmal,T Maruma,0,1,1,94,67,20,20,3,4,wides,15,0,,,field,Zimbabwe,2,Harare Sports Club,2013,08,Zimbabwe_Pakistan_2013-08-23,Pakistan,Zimbabwe,Pakistan
91,BRM Taylor,Saeed Ajmal,T Maruma,1,0,1,95,66,21,21,3,5,-,15,0,,,field,Zimbabwe,2,Harare Sports Club,2013,08,Zimbabwe_Pakistan_2013-08-23,Pakistan,Zimbabwe,Pakistan
92,T Maruma,Saeed Ajmal,BRM Taylor,0,0,0,95,66,2,4,3,6,-,15,0,,,field,Zimbabwe,2,Harare Sports Club,2013,08,Zimbabwe_Pakistan_2013-08-23,Pakistan,Zimbabwe,Pakistan
93,T Maruma,Saeed Ajmal,BRM Taylor,0,0,0,95,66,2,5,3,7,-,15,0,,,field,Zimbabwe,2,Harare Sports Club,2013,08,Zimbabwe_Pakistan_2013-08-23,Pakistan,Zimbabwe,Pakistan
94,BRM Taylor,Sohail Tanvir,T Maruma,0,0,0,95,66,21,22,3,1,-,16,0,,,field,Zimbabwe,2,Harare Sports Club,2013,08,Zimbabwe_Pakistan_2013-08-23,Pakistan,Zimbabwe,Pakistan
95,BRM Taylor,Sohail Tanvir,T Maruma,1,0,1,96,65,22,23,3,2,-,16,0,,,field,Zimbabwe,2,Harare Sports Club,2013,08,Zimbabwe_Pakistan_2013-08-23,Pakistan,Zimbabwe,Pakistan
96,T Maruma,Sohail Tanvir,BRM Taylor,1,0,1,97,64,3,6,3,3,-,16,0,,,field,Zimbabwe,2,Harare Sports Club,2013,08,Zimbabwe_Pakistan_2013-08-23,Pakistan,Zimbabwe,Pakistan
97,BRM Taylor,Sohail Tanvir,T Maruma,1,0,1,98,63,23,24,3,4,-,16,0,,,field,Zimbabwe,2,Harare Sports Club,2013,08,Zimbabwe_Pakistan_2013-08-23,Pakistan,Zimbabwe,Pakistan
98,T Maruma,Sohail Tanvir,BRM Taylor,0,1,1,99,62,3,7,3,5,wides,16,0,,,field,Zimbabwe,2,Harare Sports Club,2013,08,Zimbabwe_Pakistan_2013-08-23,Pakistan,Zimbabwe,Pakistan
99,T Maruma,Sohail Tanvir,BRM Taylor,1,0,1,100,61,4,8,3,6,-,16,0,,,field,Zimbabwe,2,Harare Sports Club,2013,08,Zimbabwe_Pakistan_2013-08-23,Pakistan,Zimbabwe,Pakistan
100,BRM Taylor,Sohail Tanvir,T Maruma,4,0,4,104,57,27,25,3,7,-,16,0,,,field,Zimbabwe,2,Harare Sports Club,2013,08,Zimbabwe_Pakistan_2013-08-23,Pakistan,Zimbabwe,Pakistan
101,T Maruma,Saeed Ajmal,BRM Taylor,0,0,0,104,57,4,9,3,1,-,17,0,,,field,Zimbabwe,2,Harare Sports Club,2013,08,Zimbabwe_Pakistan_2013-08-23,Pakistan,Zimbabwe,Pakistan
102,T Maruma,Saeed Ajmal,BRM Taylor,4,0,4,108,53,8,10,3,2,-,17,0,,,field,Zimbabwe,2,Harare Sports Club,2013,08,Zimbabwe_Pakistan_2013-08-23,Pakistan,Zimbabwe,Pakistan
103,T Maruma,Saeed Ajmal,BRM Taylor,1,0,1,109,52,9,11,3,3,-,17,0,,,field,Zimbabwe,2,Harare Sports Club,2013,08,Zimbabwe_Pakistan_2013-08-23,Pakistan,Zimbabwe,Pakistan
104,BRM Taylor,Saeed Ajmal,T Maruma,1,0,1,110,51,28,26,3,4,-,17,0,,,field,Zimbabwe,2,Harare Sports Club,2013,08,Zimbabwe_Pakistan_2013-08-23,Pakistan,Zimbabwe,Pakistan
105,T Maruma,Saeed Ajmal,BRM Taylor,0,0,0,110,51,9,12,3,5,-,17,0,,,field,Zimbabwe,2,Harare Sports Club,2013,08,Zimbabwe_Pakistan_2013-08-23,Pakistan,Zimbabwe,Pakistan
106,T Maruma,Saeed Ajmal,BRM Taylor,1,0,1,111,50,10,13,3,6,-,17,0,,,field,Zimbabwe,2,Harare Sports Club,2013,08,Zimbabwe_Pakistan_2013-08-23,Pakistan,Zimbabwe,Pakistan
107,T Maruma,Shahid Afridi,BRM Taylor,0,0,0,111,50,10,14,4,1,-,18,stumped,T Maruma,Sarfraz Ahmed,field,Zimbabwe,2,Harare Sports Club,2013,08,Zimbabwe_Pakistan_2013-08-23,Pakistan,Zimbabwe,Pakistan
108,E Chigumbura,Shahid Afridi,BRM Taylor,0,0,0,111,50,0,1,4,2,-,18,0,,,field,Zimbabwe,2,Harare Sports Club,2013,08,Zimbabwe_Pakistan_2013-08-23,Pakistan,Zimbabwe,Pakistan
109,E Chigumbura,Shahid Afridi,BRM Taylor,0,0,0,111,50,0,2,4,3,-,18,0,,,field,Zimbabwe,2,Harare Sports Club,2013,08,Zimbabwe_Pakistan_2013-08-23,Pakistan,Zimbabwe,Pakistan
110,E Chigumbura,Shahid Afridi,BRM Taylor,4,0,4,115,46,4,3,4,4,-,18,0,,,field,Zimbabwe,2,Harare Sports Club,2013,08,Zimbabwe_Pakistan_2013-08-23,Pakistan,Zimbabwe,Pakistan
111,E Chigumbura,Shahid Afridi,BRM Taylor,2,0,2,117,44,6,4,4,5,-,18,0,,,field,Zimbabwe,2,Harare Sports Club,2013,08,Zimbabwe_Pakistan_2013-08-23,Pakistan,Zimbabwe,Pakistan
112,E Chigumbura,Shahid Afridi,BRM Taylor,0,0,0,117,44,6,5,5,6,-,18,bowled,E Chigumbura,,field,Zimbabwe,2,Harare Sports Club,2013,08,Zimbabwe_Pakistan_2013-08-23,Pakistan,Zimbabwe,Pakistan
113,BRM Taylor,Saeed Ajmal,MN Waller,1,0,1,118,43,29,27,5,1,-,19,0,,,field,Zimbabwe,2,Harare Sports Club,2013,08,Zimbabwe_Pakistan_2013-08-23,Pakistan,Zimbabwe,Pakistan
114,MN Waller,Saeed Ajmal,BRM Taylor,1,0,1,119,42,1,1,5,2,-,19,0,,,field,Zimbabwe,2,Harare Sports Club,2013,08,Zimbabwe_Pakistan_2013-08-23,Pakistan,Zimbabwe,Pakistan
115,BRM Taylor,Saeed Ajmal,MN Waller,1,0,1,120,41,30,28,5,3,-,19,0,,,field,Zimbabwe,2,Harare Sports Club,2013,08,Zimbabwe_Pakistan_2013-08-23,Pakistan,Zimbabwe,Pakistan
116,MN Waller,Saeed Ajmal,BRM Taylor,0,0,0,120,41,1,2,5,4,-,19,0,,,field,Zimbabwe,2,Harare Sports Club,2013,08,Zimbabwe_Pakistan_2013-08-23,Pakistan,Zimbabwe,Pakistan
117,MN Waller,Saeed Ajmal,BRM Taylor,4,0,4,124,37,5,3,5,5,-,19,0,,,field,Zimbabwe,2,Harare Sports Club,2013,08,Zimbabwe_Pakistan_2013-08-23,Pakistan,Zimbabwe,Pakistan
118,MN Waller,Saeed Ajmal,BRM Taylor,6,0,6,130,31,11,4,5,6,-,19,0,,,field,Zimbabwe,2,Harare Sports Club,2013,08,Zimbabwe_Pakistan_2013-08-23,Pakistan,Zimbabwe,Pakistan
119,BRM Taylor,Sohail Tanvir,MN Waller,1,0,1,131,30,31,29,5,1,-,20,0,,,field,Zimbabwe,2,Harare Sports Club,2013,08,Zimbabwe_Pakistan_2013-08-23,Pakistan,Zimbabwe,Pakistan
120,MN Waller,Sohail Tanvir,BRM Taylor,1,0,1,132,29,12,5,5,2,-,20,0,,,field,Zimbabwe,2,Harare Sports Club,2013,08,Zimbabwe_Pakistan_2013-08-23,Pakistan,Zimbabwe,Pakistan
121,BRM Taylor,Sohail Tanvir,MN Waller,1,0,1,133,28,32,30,5,3,-,20,0,,,field,Zimbabwe,2,Harare Sports Club,2013,08,Zimbabwe_Pakistan_2013-08-23,Pakistan,Zimbabwe,Pakistan
122,MN Waller,Sohail Tanvir,BRM Taylor,1,0,1,134,27,13,6,5,4,-,20,0,,,field,Zimbabwe,2,Harare Sports Club,2013,08,Zimbabwe_Pakistan_2013-08-23,Pakistan,Zimbabwe,Pakistan
123,BRM Taylor,Sohail Tanvir,MN Waller,0,1,1,135,26,32,31,5,5,legbyes,20,0,,,field,Zimbabwe,2,Harare Sports Club,2013,08,Zimbabwe_Pakistan_2013-08-23,Pakistan,Zimbabwe,Pakistan
124,MN Waller,Sohail Tanvir,BRM Taylor,1,0,1,136,25,14,7,5,6,-,20,0,,,field,Zimbabwe,2,Harare Sports Club,2013,08,Zimbabwe_Pakistan_2013-08-23,Pakistan,Zimbabwe,Pakistan
