,batter,bowler,non_striker,runs_by_bat,extra_runs,total,team_total,runs_remain,batter_runs,balls_faced,wickets_fallen,delivery,extra_type,over,wicket_type,player_out,fielder,toss_decision,toss_winner,innings,venue,year,month,match_id,winning_team,batting_team,bowling_team
0,J Charles,TG Southee,LMP Simmons,0,0,0,0,189,0,1,0,1,-,1,0,,,bat,New Zealand,2,Eden Park,2014,01,New Zealand_West Indies_2014-01-11,New Zealand,West Indies,New Zealand
1,J Charles,TG Southee,LMP Simmons,2,0,2,2,187,2,2,0,2,-,1,0,,,bat,New Zealand,2,Eden Park,2014,01,New Zealand_West Indies_2014-01-11,New Zealand,West Indies,New Zealand
2,J Charles,TG Southee,LMP Simmons,0,1,1,3,186,2,3,0,3,wides,1,0,,,bat,New Zealand,2,Eden Park,2014,01,New Zealand_West Indies_2014-01-11,New Zealand,West Indies,New Zealand
3,J Charles,TG Southee,LMP Simmons,4,0,4,7,182,6,4,0,4,-,1,0,,,bat,New Zealand,2,Eden Park,2014,01,New Zealand_West Indies_2014-01-11,New Zealand,West Indies,New Zealand
4,J Charles,TG Southee,LMP Simmons,0,0,0,7,182,6,5,0,5,-,1,0,,,bat,New Zealand,2,Eden Park,2014,01,New Zealand_West Indies_2014-01-11,New Zealand,West Indies,New Zealand
5,J Charles,TG Southee,LMP Simmons,4,0,4,11,178,10,6,0,6,-,1,0,,,bat,New Zealand,2,Eden Park,2014,01,New Zealand_West Indies_2014-01-11,New Zealand,West Indies,New Zealand
6,J Charles,TG Southee,LMP Simmons,0,0,0,11,178,10,7,0,7,-,1,0,,,bat,New Zealand,2,Eden Park,2014,01,New Zealand_West Indies_2014-01-11,New Zealand,West Indies,New Zealand
7,LMP Simmons,AF Milne,J Charles,0,0,0,11,178,0,1,0,1,-,2,0,,,bat,New Zealand,2,Eden Park,2014,01,New Zealand_West Indies_2014-01-11,New Zealand,West Indies,New Zealand
8,LMP Simmons,AF Milne,J Charles,0,0,0,11,178,0,2,0,2,-,2,0,,,bat,New Zealand,2,Eden Park,2014,01,New Zealand_West Indies_2014-01-11,New Zealand,West Indies,New Zealand
9,LMP Simmons,AF Milne,J Charles,0,0,0,11,178,0,3,0,3,-,2,0,,,bat,New Zealand,2,Eden Park,2014,01,New Zealand_West Indies_2014-01-11,New Zealand,West Indies,New Zealand
10,LMP Simmons,AF Milne,J Charles,0,0,0,11,178,0,4,1,4,-,2,caught,LMP Simmons,L Ronchi,bat,New Zealand,2,Eden Park,2014,01,New Zealand_West Indies_2014-01-11,New Zealand,West Indies,New Zealand
11,ADS Fletcher,AF Milne,J Charles,1,0,1,12,177,1,1,1,5,-,2,0,,,bat,New Zealand,2,Eden Park,2014,01,New Zealand_West Indies_2014-01-11,New Zealand,West Indies,New Zealand
12,J Charles,AF Milne,ADS Fletcher,0,0,0,12,177,10,8,1,6,-,2,0,,,bat,New Zealand,2,Eden Park,2014,01,New Zealand_West Indies_2014-01-11,New Zealand,West Indies,New Zealand
13,ADS Fletcher,TG Southee,J Charles,1,0,1,13,176,2,2,1,1,-,3,0,,,bat,New Zealand,2,Eden Park,2014,01,New Zealand_West Indies_2014-01-11,New Zealand,West Indies,New Zealand
14,J Charles,TG Southee,ADS Fletcher,1,0,1,14,175,11,9,1,2,-,3,0,,,bat,New Zealand,2,Eden Park,2014,01,New Zealand_West Indies_2014-01-11,New Zealand,West Indies,New Zealand
15,ADS Fletcher,TG Southee,J Charles,0,0,0,14,175,2,3,1,3,-,3,0,,,bat,New Zealand,2,Eden Park,2014,01,New Zealand_West Indies_2014-01-11,New Zealand,West Indies,New Zealand
16,ADS Fletcher,TG Southee,J Charles,6,0,6,20,169,8,4,1,4,-,3,0,,,bat,New Zealand,2,Eden Park,2014,01,New Zealand_West Indies_2014-01-11,New Zealand,West Indies,New Zealand
17,ADS Fletcher,TG Southee,J Charles,0,0,0,20,169,8,5,1,5,-,3,0,,,bat,New Zealand,2,Eden Park,2014,01,New Zealand_West Indies_2014-01-11,New Zealand,West Indies,New Zealand
18,ADS Fletcher,TG Southee,J Charles,2,0,2,22,167,10,6,1,6,-,3,0,,,bat,New Zealand,2,Eden Park,2014,01,New Zealand_West Indies_2014-01-11,New Zealand,West Indies,New Zealand
19,J Charles,AF Milne,ADS Fletcher,0,0,0,22,167,11,10,1,1,-,4,0,,,bat,New Zealand,2,Eden Park,2014,01,New Zealand_West Indies_2014-01-11,New Zealand,West Indies,New Zealand
20,J Charles,AF Milne,ADS Fletcher,4,0,4,26,163,15,11,1,2,-,4,0,,,bat,New Zealand,2,Eden Park,2014,01,New Zealand_West Indies_2014-01-11,New Zealand,West Indies,New Zealand
21,J Charles,AF Milne,ADS Fletcher,1,0,1,27,162,16,12,1,3,-,4,0,,,bat,New Zealand,2,Eden Park,2014,01,New Zealand_West Indies_2014-01-11,New Zealand,West Indies,New Zealand
22,ADS Fletcher,AF Milne,J Charles,0,0,0,27,162,10,7,1,4,-,4,0,,,bat,New Zealand,2,Eden Park,2014,01,New Zealand_West Indies_2014-01-11,New Zealand,West Indies,New Zealand
23,ADS Fletcher,AF Milne,J Charles,2,0,2,29,160,12,8,1,5,-,4,0,,,bat,New Zealand,2,Eden Park,2014,01,New Zealand_West Indies_2014-01-11,New Zealand,West Indies,New Zealand
24,ADS Fletcher,AF Milne,J Charles,0,0,0,29,160,12,9,1,6,-,4,0,,,bat,New Zealand,2,Eden Park,2014,01,New Zealand_West Indies_2014-01-11,New Zealand,West Indies,New Zealand
25,J Charles,JDS Neesham,ADS Fletcher,0,1,1,30,159,16,13,1,1,wides,5,0,,,bat,New Zealand,2,Eden Park,2014,01,New Zealand_West Indies_2014-01-11,New Zealand,West Indies,New Zealand
26,J Charles,JDS Neesham,ADS Fletcher,0,1,1,31,158,16,14,1,2,wides,5,0,,,bat,New Zealand,2,Eden Park,2014,01,New Zealand_West Indies_2014-01-11,New Zealand,West Indies,New Zealand
27,J Charles,JDS Neesham,ADS Fletcher,0,0,0,31,158,16,15,1,3,-,5,0,,,bat,New Zealand,2,Eden Park,2014,01,New Zealand_West Indies_2014-01-11,New Zealand,West Indies,New Zealand
28,J Charles,JDS Neesham,ADS Fletcher,0,0,0,31,158,16,16,1,4,-,5,0,,,bat,New Zealand,2,Eden Park,2014,01,New Zealand_West Indies_2014-01-11,New Zealand,West Indies,New Zealand
29,J Charles,JDS Neesham,ADS Fletcher,0,0,0,31,158,16,17,2,5,-,5,caught,J Charles,L Ronchi,bat,New Zealand,2,Eden Park,2014,01,New Zealand_West Indies_2014-01-11,New Zealand,West Indies,New Zealand
30,KOA Powell,JDS Neesham,ADS Fletcher,0,0,0,31,158,0,1,2,6,-,5,0,,,bat,New Zealand,2,Eden Park,2014,01,New Zealand_West Indies_2014-01-11,New Zealand,West Indies,New Zealand
31,KOA Powell,JDS Neesham,ADS Fletcher,3,0,3,34,155,3,2,2,7,-,5,0,,,bat,New Zealand,2,Eden Park,2014,01,New Zealand_West Indies_2014-01-11,New Zealand,West Indies,New Zealand
32,ADS Fletcher,JDS Neesham,KOA Powell,1,0,1,35,154,13,10,2,8,-,5,0,,,bat,New Zealand,2,Eden Park,2014,01,New Zealand_West Indies_2014-01-11,New Zealand,West Indies,New Zealand
33,ADS Fletcher,AF Milne,KOA Powell,1,0,1,36,153,14,11,2,1,-,6,0,,,bat,New Zealand,2,Eden Park,2014,01,New Zealand_West Indies_2014-01-11,New Zealand,West Indies,New Zealand
34,KOA Powell,AF Milne,ADS Fletcher,0,1,1,37,152,3,3,2,2,legbyes,6,0,,,bat,New Zealand,2,Eden Park,2014,01,New Zealand_West Indies_2014-01-11,New Zealand,West Indies,New Zealand
35,ADS Fletcher,AF Milne,KOA Powell,1,0,1,38,151,15,12,2,3,-,6,0,,,bat,New Zealand,2,Eden Park,2014,01,New Zealand_West Indies_2014-01-11,New Zealand,West Indies,New Zealand
36,KOA Powell,AF Milne,ADS Fletcher,0,0,0,38,151,3,4,2,4,-,6,0,,,bat,New Zealand,2,Eden Park,2014,01,New Zealand_West Indies_2014-01-11,New Zealand,West Indies,New Zealand
37,KOA Powell,AF Milne,ADS Fletcher,0,0,0,38,151,3,5,2,5,-,6,0,,,bat,New Zealand,2,Eden Park,2014,01,New Zealand_West Indies_2014-01-11,New Zealand,West Indies,New Zealand
38,KOA Powell,AF Milne,ADS Fletcher,1,0,1,39,150,4,6,2,6,-,6,0,,,bat,New Zealand,2,Eden Park,2014,01,New Zealand_West Indies_2014-01-11,New Zealand,West Indies,New Zealand
39,KOA Powell,NL McCullum,ADS Fletcher,4,0,4,43,146,8,7,2,1,-,7,0,,,bat,New Zealand,2,Eden Park,2014,01,New Zealand_West Indies_2014-01-11,New Zealand,West Indies,New Zealand
40,KOA Powell,NL McCullum,ADS Fletcher,0,0,0,43,146,8,8,2,2,-,7,0,,,bat,New Zealand,2,Eden Park,2014,01,New Zealand_West Indies_2014-01-11,New Zealand,West Indies,New Zealand
41,KOA Powell,NL McCullum,ADS Fletcher,2,0,2,45,144,10,9,2,3,-,7,0,,,bat,New Zealand,2,Eden Park,2014,01,New Zealand_West Indies_2014-01-11,New Zealand,West Indies,New Zealand
42,KOA Powell,NL McCullum,ADS Fletcher,0,1,1,46,143,10,10,2,4,legbyes,7,0,,,bat,New Zealand,2,Eden Park,2014,01,New Zealand_West Indies_2014-01-11,New Zealand,West Indies,New Zealand
43,ADS Fletcher,NL McCullum,KOA Powell,0,0,0,46,143,15,13,2,5,-,7,0,,,bat,New Zealand,2,Eden Park,2014,01,New Zealand_West Indies_2014-01-11,New Zealand,West Indies,New Zealand
44,ADS Fletcher,NL McCullum,KOA Powell,1,0,1,47,142,16,14,2,6,-,7,0,,,bat,New Zealand,2,Eden Park,2014,01,New Zealand_West Indies_2014-01-11,New Zealand,West Indies,New Zealand
45,ADS Fletcher,CJ Anderson,KOA Powell,0,0,0,47,142,16,15,2,1,-,8,0,,,bat,New Zealand,2,Eden Park,2014,01,New Zealand_West Indies_2014-01-11,New Zealand,West Indies,New Zealand
46,ADS Fletcher,CJ Anderson,KOA Powell,0,0,0,47,142,16,16,2,2,-,8,0,,,bat,New Zealand,2,Eden Park,2014,01,New Zealand_West Indies_2014-01-11,New Zealand,West Indies,New Zealand
47,ADS Fletcher,CJ Anderson,KOA Powell,2,0,2,49,140,18,17,2,3,-,8,0,,,bat,New Zealand,2,Eden Park,2014,01,New Zealand_West Indies_2014-01-11,New Zealand,West Indies,New Zealand
48,ADS Fletcher,CJ Anderson,KOA Powell,1,0,1,50,139,19,18,2,4,-,8,0,,,bat,New Zealand,2,Eden Park,2014,01,New Zealand_West Indies_2014-01-11,New Zealand,West Indies,New Zealand
49,KOA Powell,CJ Anderson,ADS Fletcher,0,0,0,50,139,10,11,2,5,-,8,0,,,bat,New Zealand,2,Eden Park,2014,01,New Zealand_West Indies_2014-01-11,New Zealand,West Indies,New Zealand
50,KOA Powell,CJ Anderson,ADS Fletcher,1,0,1,51,138,11,12,2,6,-,8,0,,,bat,New Zealand,2,Eden Park,2014,01,New Zealand_West Indies_2014-01-11,New Zealand,West Indies,New Zealand
51,KOA Powell,NL McCullum,ADS Fletcher,1,0,1,52,137,12,13,2,1,-,9,0,,,bat,New Zealand,2,Eden Park,2014,01,New Zealand_West Indies_2014-01-11,New Zealand,West Indies,New Zealand
52,ADS Fletcher,NL McCullum,KOA Powell,1,0,1,53,136,20,19,2,2,-,9,0,,,bat,New Zealand,2,Eden Park,2014,01,New Zealand_West Indies_2014-01-11,New Zealand,West Indies,New Zealand
53,KOA Powell,NL McCullum,ADS Fletcher,0,0,0,53,136,12,14,3,3,-,9,caught,KOA Powell,MJ Guptill,bat,New Zealand,2,Eden Park,2014,01,New Zealand_West Indies_2014-01-11,New Zealand,West Indies,New Zealand
54,ADS Fletcher,NL McCullum,DJ Bravo,0,0,0,53,136,20,20,3,4,-,9,0,,,bat,New Zealand,2,Eden Park,2014,01,New Zealand_West Indies_2014-01-11,New Zealand,West Indies,New Zealand
55,ADS Fletcher,NL McCullum,DJ Bravo,1,0,1,54,135,21,21,3,5,-,9,0,,,bat,New Zealand,2,Eden Park,2014,01,New Zealand_West Indies_2014-01-11,New Zealand,West Indies,New Zealand
56,DJ Bravo,NL McCullum,ADS Fletcher,1,0,1,55,134,1,1,3,6,-,9,0,,,bat,New Zealand,2,Eden Park,2014,01,New Zealand_West Indies_2014-01-11,New Zealand,West Indies,New Zealand
57,DJ Bravo,CJ Anderson,ADS Fletcher,1,0,1,56,133,2,2,3,1,-,10,0,,,bat,New Zealand,2,Eden Park,2014,01,New Zealand_West Indies_2014-01-11,New Zealand,West Indies,New Zealand
58,ADS Fletcher,CJ Anderson,DJ Bravo,0,0,0,56,133,21,22,3,2,-,10,0,,,bat,New Zealand,2,Eden Park,2014,01,New Zealand_West Indies_2014-01-11,New Zealand,West Indies,New Zealand
59,ADS Fletcher,CJ Anderson,DJ Bravo,1,0,1,57,132,22,23,3,3,-,10,0,,,bat,New Zealand,2,Eden Park,2014,01,New Zealand_West Indies_2014-01-11,New Zealand,West Indies,New Zealand
60,DJ Bravo,CJ Anderson,ADS Fletcher,0,0,0,57,132,2,3,3,4,-,10,0,,,bat,New Zealand,2,Eden Park,2014,01,New Zealand_West Indies_2014-01-11,New Zealand,West Indies,New Zealand
61,DJ Bravo,CJ Anderson,ADS Fletcher,1,0,1,58,131,3,4,3,5,-,10,0,,,bat,New Zealand,2,Eden Park,2014,01,New Zealand_West Indies_2014-01-11,New Zealand,West Indies,New Zealand
62,ADS Fletcher,CJ Anderson,DJ Bravo,1,0,1,59,130,23,24,3,6,-,10,0,,,bat,New Zealand,2,Eden Park,2014,01,New Zealand_West Indies_2014-01-11,New Zealand,West Indies,New Zealand
63,ADS Fletcher,NL McCullum,DJ Bravo,0,0,0,59,130,23,25,4,1,-,11,caught,ADS Fletcher,JD Ryder,bat,New Zealand,2,Eden Park,2014,01,New Zealand_West Indies_2014-01-11,New Zealand,West Indies,New Zealand
64,DJ Bravo,NL McCullum,AD Russell,4,0,4,63,126,7,5,4,2,-,11,0,,,bat,New Zealand,2,Eden Park,2014,01,New Zealand_West Indies_2014-01-11,New Zealand,West Indies,New Zealand
65,DJ Bravo,NL McCullum,AD Russell,0,0,0,63,126,7,6,4,3,-,11,0,,,bat,New Zealand,2,Eden Park,2014,01,New Zealand_West Indies_2014-01-11,New Zealand,West Indies,New Zealand
66,DJ Bravo,NL McCullum,AD Russell,1,0,1,64,125,8,7,4,4,-,11,0,,,bat,New Zealand,2,Eden Park,2014,01,New Zealand_West Indies_2014-01-11,New Zealand,West Indies,New Zealand
67,AD Russell,NL McCullum,DJ Bravo,0,0,0,64,125,0,1,4,5,-,11,0,,,bat,New Zealand,2,Eden Park,2014,01,New Zealand_West Indies_2014-01-11,New Zealand,West Indies,New Zealand
68,AD Russell,NL McCullum,DJ Bravo,0,0,0,64,125,0,2,5,6,-,11,caught,AD Russell,MJ Guptill,bat,New Zealand,2,Eden Park,2014,01,New Zealand_West Indies_2014-01-11,New Zealand,West Indies,New Zealand
69,DJ Bravo,CJ Anderson,CAK Walton,0,0,0,64,125,8,8,5,1,-,12,0,,,bat,New Zealand,2,Eden Park,2014,01,New Zealand_West Indies_2014-01-11,New Zealand,West Indies,New Zealand
70,DJ Bravo,CJ Anderson,CAK Walton,1,0,1,65,124,9,9,5,2,-,12,0,,,bat,New Zealand,2,Eden Park,2014,01,New Zealand_West Indies_2014-01-11,New Zealand,West Indies,New Zealand
71,CAK Walton,CJ Anderson,DJ Bravo,0,0,0,65,124,0,1,5,3,-,12,0,,,bat,New Zealand,2,Eden Park,2014,01,New Zealand_West Indies_2014-01-11,New Zealand,West Indies,New Zealand
72,CAK Walton,CJ Anderson,DJ Bravo,1,0,1,66,123,1,2,5,4,-,12,0,,,bat,New Zealand,2,Eden Park,2014,01,New Zealand_West Indies_2014-01-11,New Zealand,West Indies,New Zealand
73,DJ Bravo,CJ Anderson,CAK Walton,1,0,1,67,122,10,10,5,5,-,12,0,,,bat,New Zealand,2,Eden Park,2014,01,New Zealand_West Indies_2014-01-11,New Zealand,West Indies,New Zealand
74,CAK Walton,CJ Anderson,DJ Bravo,1,0,1,68,121,2,3,5,6,-,12,0,,,bat,New Zealand,2,Eden Park,2014,01,New Zealand_West Indies_2014-01-11,New Zealand,West Indies,New Zealand
75,CAK Walton,NL McCullum,DJ Bravo,6,0,6,74,115,8,4,5,1,-,13,0,,,bat,New Zealand,2,Eden Park,2014,01,New Zealand_West Indies_2014-01-11,New Zealand,West Indies,New Zealand
76,CAK Walton,NL McCullum,DJ Bravo,0,0,0,74,115,8,5,5,2,-,13,0,,,bat,New Zealand,2,Eden Park,2014,01,New Zealand_West Indies_2014-01-11,New Zealand,West Indies,New Zealand
77,CAK Walton,NL McCullum,DJ Bravo,0,0,0,74,115,8,6,5,3,-,13,0,,,bat,New Zealand,2,Eden Park,2014,01,New Zealand_West Indies_2014-01-11,New Zealand,West Indies,New Zealand
78,CAK Walton,NL McCullum,DJ Bravo,1,0,1,75,114,9,7,5,4,-,13,0,,,bat,New Zealand,2,Eden Park,2014,01,New Zealand_West Indies_2014-01-11,New Zealand,West Indies,New Zealand
79,DJ Bravo,NL McCullum,CAK Walton,0,0,0,75,114,10,11,6,5,-,13,caught,DJ Bravo,JD Ryder,bat,New Zealand,2,Eden Park,2014,01,New Zealand_West Indies_2014-01-11,New Zealand,West Indies,New Zealand
80,NO Miller,NL McCullum,CAK Walton,1,0,1,76,113,1,1,6,6,-,13,0,,,bat,New Zealand,2,Eden Park,2014,01,New Zealand_West Indies_2014-01-11,New Zealand,West Indies,New Zealand
81,NO Miller,JDS Neesham,CAK Walton,0,0,0,76,113,1,2,6,1,-,14,0,,,bat,New Zealand,2,Eden Park,2014,01,New Zealand_West Indies_2014-01-11,New Zealand,West Indies,New Zealand
82,NO Miller,JDS Neesham,CAK Walton,1,0,1,77,112,2,3,6,2,-,14,0,,,bat,New Zealand,2,Eden Park,2014,01,New Zealand_West Indies_2014-01-11,New Zealand,West Indies,New Zealand
83,CAK Walton,JDS Neesham,NO Miller,0,0,0,77,112,9,8,7,3,-,14,caught,CAK Walton,C Munro,bat,New Zealand,2,Eden Park,2014,01,New Zealand_West Indies_2014-01-11,New Zealand,West Indies,New Zealand
84,SP Narine,JDS Neesham,NO Miller,0,0,0,77,112,0,1,7,4,-,14,0,,,bat,New Zealand,2,Eden Park,2014,01,New Zealand_West Indies_2014-01-11,New Zealand,West Indies,New Zealand
85,SP Narine,JDS Neesham,NO Miller,0,0,0,77,112,0,2,8,5,-,14,caught,SP Narine,AF Milne,bat,New Zealand,2,Eden Park,2014,01,New Zealand_West Indies_2014-01-11,New Zealand,West Indies,New Zealand
86,S Badree,JDS Neesham,NO Miller,0,1,1,78,111,0,1,8,6,wides,14,0,,,bat,New Zealand,2,Eden Park,2014,01,New Zealand_West Indies_2014-01-11,New Zealand,West Indies,New Zealand
87,S Badree,JDS Neesham,NO Miller,0,0,0,78,111,0,2,8,7,-,14,0,,,bat,New Zealand,2,Eden Park,2014,01,New Zealand_West Indies_2014-01-11,New Zealand,West Indies,New Zealand
88,NO Miller,TG Southee,S Badree,0,0,0,78,111,2,4,8,1,-,15,0,,,bat,New Zealand,2,Eden Park,2014,01,New Zealand_West Indies_2014-01-11,New Zealand,West Indies,New Zealand
89,NO Miller,TG Southee,S Badree,1,0,1,79,110,3,5,8,2,-,15,0,,,bat,New Zealand,2,Eden Park,2014,01,New Zealand_West Indies_2014-01-11,New Zealand,West Indies,New Zealand
90,S Badree,TG Southee,NO Miller,4,0,4,83,106,4,3,8,3,-,15,0,,,bat,New Zealand,2,Eden Park,2014,01,New Zealand_West Indies_2014-01-11,New Zealand,West Indies,New Zealand
91,S Badree,TG Southee,NO Miller,0,0,0,83,106,4,4,8,4,-,15,0,,,bat,New Zealand,2,Eden Park,2014,01,New Zealand_West Indies_2014-01-11,New Zealand,West Indies,New Zealand
92,S Badree,TG Southee,NO Miller,1,0,1,84,105,5,5,8,5,-,15,0,,,bat,New Zealand,2,Eden Park,2014,01,New Zealand_West Indies_2014-01-11,New Zealand,West Indies,New Zealand
93,NO Miller,TG Southee,S Badree,1,0,1,85,104,4,6,8,6,-,15,0,,,bat,New Zealand,2,Eden Park,2014,01,New Zealand_West Indies_2014-01-11,New Zealand,West Indies,New Zealand
94,NO Miller,JDS Neesham,S Badree,0,1,1,86,103,4,7,8,1,wides,16,0,,,bat,New Zealand,2,Eden Park,2014,01,New Zealand_West Indies_2014-01-11,New Zealand,West Indies,New Zealand
95,NO Miller,JDS Neesham,S Badree,0,0,0,86,103,4,8,8,2,-,16,0,,,bat,New Zealand,2,Eden Park,2014,01,New Zealand_West Indies_2014-01-11,New Zealand,West Indies,New Zealand
96,NO Miller,JDS Neesham,S Badree,1,0,1,87,102,5,9,8,3,-,16,0,,,bat,New Zealand,2,Eden Park,2014,01,New Zealand_West Indies_2014-01-11,New Zealand,West Indies,New Zealand
97,S Badree,JDS Neesham,NO Miller,0,0,0,87,102,5,6,8,4,-,16,0,,,bat,New Zealand,2,Eden Park,2014,01,New Zealand_West Indies_2014-01-11,New Zealand,West Indies,New Zealand
98,S Badree,JDS Neesham,NO Miller,1,0,1,88,101,6,7,8,5,-,16,0,,,bat,New Zealand,2,Eden Park,2014,01,New Zealand_West Indies_2014-01-11,New Zealand,West Indies,New Zealand
99,NO Miller,JDS Neesham,S Badree,1,0,1,89,100,6,10,8,6,-,16,0,,,bat,New Zealand,2,Eden Park,2014,01,New Zealand_West Indies_2014-01-11,New Zealand,West Indies,New Zealand
100,S Badree,JDS Neesham,NO Miller,0,1,1,90,99,6,8,8,7,wides,16,0,,,bat,New Zealand,2,Eden Park,2014,01,New Zealand_West Indies_2014-01-11,New Zealand,West Indies,New Zealand
101,S Badree,JDS Neesham,NO Miller,0,0,0,90,99,6,9,8,8,-,16,0,,,bat,New Zealand,2,Eden Park,2014,01,New Zealand_West Indies_2014-01-11,New Zealand,West Indies,New Zealand
102,NO Miller,AF Milne,S Badree,1,0,1,91,98,7,11,8,1,-,17,0,,,bat,New Zealand,2,Eden Park,2014,01,New Zealand_West Indies_2014-01-11,New Zealand,West Indies,New Zealand
103,S Badree,AF Milne,NO Miller,1,0,1,92,97,7,10,8,2,-,17,0,,,bat,New Zealand,2,Eden Park,2014,01,New Zealand_West Indies_2014-01-11,New Zealand,West Indies,New Zealand
104,NO Miller,AF Milne,S Badree,1,0,1,93,96,8,12,8,3,-,17,0,,,bat,New Zealand,2,Eden Park,2014,01,New Zealand_West Indies_2014-01-11,New Zealand,West Indies,New Zealand
105,S Badree,AF Milne,NO Miller,1,0,1,94,95,8,11,8,4,-,17,0,,,bat,New Zealand,2,Eden Park,2014,01,New Zealand_West Indies_2014-01-11,New Zealand,West Indies,New Zealand
106,NO Miller,AF Milne,S Badree,0,0,0,94,95,8,13,8,5,-,17,0,,,bat,New Zealand,2,Eden Park,2014,01,New Zealand_West Indies_2014-01-11,New Zealand,West Indies,New Zealand
107,NO Miller,AF Milne,S Badree,0,0,0,94,95,8,14,8,6,-,17,0,,,bat,New Zealand,2,Eden Park,2014,01,New Zealand_West Indies_2014-01-11,New Zealand,West Indies,New Zealand
108,S Badree,CJ Anderson,NO Miller,0,0,0,94,95,8,12,8,1,-,18,0,,,bat,New Zealand,2,Eden Park,2014,01,New Zealand_West Indies_2014-01-11,New Zealand,West Indies,New Zealand
109,S Badree,CJ Anderson,NO Miller,0,0,0,94,95,8,13,8,2,-,18,0,,,bat,New Zealand,2,Eden Park,2014,01,New Zealand_West Indies_2014-01-11,New Zealand,West Indies,New Zealand
110,S Badree,CJ Anderson,NO Miller,1,0,1,95,94,9,14,8,3,-,18,0,,,bat,New Zealand,2,Eden Park,2014,01,New Zealand_West Indies_2014-01-11,New Zealand,West Indies,New Zealand
111,NO Miller,CJ Anderson,S Badree,1,0,1,96,93,9,15,8,4,-,18,0,,,bat,New Zealand,2,Eden Park,2014,01,New Zealand_West Indies_2014-01-11,New Zealand,West Indies,New Zealand
