,batter,bowler,non_striker,runs_by_bat,extra_runs,total_runs_delivery,current_team_total,runs_remain,batter_runs,balls_faced,wickets_fallen,delivery,extra_type,over,wicket_type,player_out,fielder,toss_decision,toss_winner,innings,venue,year,month,match_id,winning_team,batting_team,bowling_team,won,final_team_total
0,DPMD Jayawardene,KD Mills,TM Dilshan,0,1,1,1,141,0,1,0,1,wides,0,0,,,field,Sri Lanka,2,Pallekele International Cricket Stadium,2013,11,Sri Lanka_New Zealand_2013-11-21,Sri Lanka,Sri Lanka,New Zealand,True,143
1,DPMD Jayawardene,KD Mills,TM Dilshan,0,0,0,1,141,0,2,0,2,-,0,0,,,field,Sri Lanka,2,Pallekele International Cricket Stadium,2013,11,Sri Lanka_New Zealand_2013-11-21,Sri Lanka,Sri Lanka,New Zealand,True,143
2,DPMD Jayawardene,KD Mills,TM Dilshan,3,0,3,4,138,3,3,0,3,-,0,0,,,field,Sri Lanka,2,Pallekele International Cricket Stadium,2013,11,Sri Lanka_New Zealand_2013-11-21,Sri Lanka,Sri Lanka,New Zealand,True,143
3,TM Dilshan,KD Mills,DPMD Jayawardene,0,0,0,4,138,0,1,0,4,-,0,0,,,field,Sri Lanka,2,Pallekele International Cricket Stadium,2013,11,Sri Lanka_New Zealand_2013-11-21,Sri Lanka,Sri Lanka,New Zealand,True,143
4,TM Dilshan,KD Mills,DPMD Jayawardene,0,0,0,4,138,0,2,0,5,-,0,0,,,field,Sri Lanka,2,Pallekele International Cricket Stadium,2013,11,Sri Lanka_New Zealand_2013-11-21,Sri Lanka,Sri Lanka,New Zealand,True,143
5,TM Dilshan,KD Mills,DPMD Jayawardene,0,0,0,4,138,0,3,0,6,-,0,0,,,field,Sri Lanka,2,Pallekele International Cricket Stadium,2013,11,Sri Lanka_New Zealand_2013-11-21,Sri Lanka,Sri Lanka,New Zealand,True,143
6,TM Dilshan,KD Mills,DPMD Jayawardene,4,0,4,8,134,4,4,0,7,-,0,0,,,field,Sri Lanka,2,Pallekele International Cricket Stadium,2013,11,Sri Lanka_New Zealand_2013-11-21,Sri Lanka,Sri Lanka,New Zealand,True,143
7,DPMD Jayawardene,MJ McClenaghan,TM Dilshan,0,0,0,8,134,3,4,0,1,-,1,0,,,field,Sri Lanka,2,Pallekele International Cricket Stadium,2013,11,Sri Lanka_New Zealand_2013-11-21,Sri Lanka,Sri Lanka,New Zealand,True,143
8,DPMD Jayawardene,MJ McClenaghan,TM Dilshan,0,0,0,8,134,3,5,1,2,-,1,lbw,DPMD Jayawardene,,field,Sri Lanka,2,Pallekele International Cricket Stadium,2013,11,Sri Lanka_New Zealand_2013-11-21,Sri Lanka,Sri Lanka,New Zealand,True,143
9,MDKJ Perera,MJ McClenaghan,TM Dilshan,0,0,0,8,134,0,1,1,3,-,1,0,,,field,Sri Lanka,2,Pallekele International Cricket Stadium,2013,11,Sri Lanka_New Zealand_2013-11-21,Sri Lanka,Sri Lanka,New Zealand,True,143
10,MDKJ Perera,MJ McClenaghan,TM Dilshan,6,0,6,14,128,6,2,1,4,-,1,0,,,field,Sri Lanka,2,Pallekele International Cricket Stadium,2013,11,Sri Lanka_New Zealand_2013-11-21,Sri Lanka,Sri Lanka,New Zealand,True,143
11,MDKJ Perera,MJ McClenaghan,TM Dilshan,0,0,0,14,128,6,3,1,5,-,1,0,,,field,Sri Lanka,2,Pallekele International Cricket Stadium,2013,11,Sri Lanka_New Zealand_2013-11-21,Sri Lanka,Sri Lanka,New Zealand,True,143
12,MDKJ Perera,MJ McClenaghan,TM Dilshan,1,0,1,15,127,7,4,1,6,-,1,0,,,field,Sri Lanka,2,Pallekele International Cricket Stadium,2013,11,Sri Lanka_New Zealand_2013-11-21,Sri Lanka,Sri Lanka,New Zealand,True,143
13,MDKJ Perera,KD Mills,TM Dilshan,4,0,4,19,123,11,5,1,1,-,2,0,,,field,Sri Lanka,2,Pallekele International Cricket Stadium,2013,11,Sri Lanka_New Zealand_2013-11-21,Sri Lanka,Sri Lanka,New Zealand,True,143
14,MDKJ Perera,KD Mills,TM Dilshan,0,0,0,19,123,11,6,1,2,-,2,0,,,field,Sri Lanka,2,Pallekele International Cricket Stadium,2013,11,Sri Lanka_New Zealand_2013-11-21,Sri Lanka,Sri Lanka,New Zealand,True,143
15,MDKJ Perera,KD Mills,TM Dilshan,0,0,0,19,123,11,7,1,3,-,2,0,,,field,Sri Lanka,2,Pallekele International Cricket Stadium,2013,11,Sri Lanka_New Zealand_2013-11-21,Sri Lanka,Sri Lanka,New Zealand,True,143
16,MDKJ Perera,KD Mills,TM Dilshan,6,0,6,25,117,17,8,1,4,-,2,0,,,field,Sri Lanka,2,Pallekele International Cricket Stadium,2013,11,Sri Lanka_New Zealand_2013-11-21,Sri Lanka,Sri Lanka,New Zealand,True,143
17,MDKJ Perera,KD Mills,TM Dilshan,4,0,4,29,113,21,9,1,5,-,2,0,,,field,Sri Lanka,2,Pallekele International Cricket Stadium,2013,11,Sri Lanka_New Zealand_2013-11-21,Sri Lanka,Sri Lanka,New Zealand,True,143
18,MDKJ Perera,KD Mills,TM Dilshan,0,0,0,29,113,21,10,1,6,-,2,0,,,field,Sri Lanka,2,Pallekele International Cricket Stadium,2013,11,Sri Lanka_New Zealand_2013-11-21,Sri Lanka,Sri Lanka,New Zealand,True,143
19,TM Dilshan,MJ McClenaghan,MDKJ Perera,1,0,1,30,112,5,5,1,1,-,3,0,,,field,Sri Lanka,2,Pallekele International Cricket Stadium,2013,11,Sri Lanka_New Zealand_2013-11-21,Sri Lanka,Sri Lanka,New Zealand,True,143
20,MDKJ Perera,MJ McClenaghan,TM Dilshan,0,0,0,30,112,21,11,1,2,-,3,0,,,field,Sri Lanka,2,Pallekele International Cricket Stadium,2013,11,Sri Lanka_New Zealand_2013-11-21,Sri Lanka,Sri Lanka,New Zealand,True,143
21,MDKJ Perera,MJ McClenaghan,TM Dilshan,0,0,0,30,112,21,12,1,3,-,3,0,,,field,Sri Lanka,2,Pallekele International Cricket Stadium,2013,11,Sri Lanka_New Zealand_2013-11-21,Sri Lanka,Sri Lanka,New Zealand,True,143
22,MDKJ Perera,MJ McClenaghan,TM Dilshan,4,0,4,34,108,25,13,1,4,-,3,0,,,field,Sri Lanka,2,Pallekele International Cricket Stadium,2013,11,Sri Lanka_New Zealand_2013-11-21,Sri Lanka,Sri Lanka,New Zealand,True,143
23,MDKJ Perera,MJ McClenaghan,TM Dilshan,2,0,2,36,106,27,14,1,5,-,3,0,,,field,Sri Lanka,2,Pallekele International Cricket Stadium,2013,11,Sri Lanka_New Zealand_2013-11-21,Sri Lanka,Sri Lanka,New Zealand,True,143
24,MDKJ Perera,MJ McClenaghan,TM Dilshan,4,0,4,40,102,31,15,1,6,-,3,0,,,field,Sri Lanka,2,Pallekele International Cricket Stadium,2013,11,Sri Lanka_New Zealand_2013-11-21,Sri Lanka,Sri Lanka,New Zealand,True,143
25,TM Dilshan,NL McCullum,MDKJ Perera,0,0,0,40,102,5,6,1,1,-,4,0,,,field,Sri Lanka,2,Pallekele International Cricket Stadium,2013,11,Sri Lanka_New Zealand_2013-11-21,Sri Lanka,Sri Lanka,New Zealand,True,143
26,TM Dilshan,NL McCullum,MDKJ Perera,1,0,1,41,101,6,7,1,2,-,4,0,,,field,Sri Lanka,2,Pallekele International Cricket Stadium,2013,11,Sri Lanka_New Zealand_2013-11-21,Sri Lanka,Sri Lanka,New Zealand,True,143
27,MDKJ Perera,NL McCullum,TM Dilshan,1,0,1,42,100,32,16,1,3,-,4,0,,,field,Sri Lanka,2,Pallekele International Cricket Stadium,2013,11,Sri Lanka_New Zealand_2013-11-21,Sri Lanka,Sri Lanka,New Zealand,True,143
28,TM Dilshan,NL McCullum,MDKJ Perera,0,0,0,42,100,6,8,1,4,-,4,0,,,field,Sri Lanka,2,Pallekele International Cricket Stadium,2013,11,Sri Lanka_New Zealand_2013-11-21,Sri Lanka,Sri Lanka,New Zealand,True,143
29,TM Dilshan,NL McCullum,MDKJ Perera,4,0,4,46,96,10,9,1,5,-,4,0,,,field,Sri Lanka,2,Pallekele International Cricket Stadium,2013,11,Sri Lanka_New Zealand_2013-11-21,Sri Lanka,Sri Lanka,New Zealand,True,143
30,TM Dilshan,NL McCullum,MDKJ Perera,0,0,0,46,96,10,10,1,6,-,4,0,,,field,Sri Lanka,2,Pallekele International Cricket Stadium,2013,11,Sri Lanka_New Zealand_2013-11-21,Sri Lanka,Sri Lanka,New Zealand,True,143
31,MDKJ Perera,AM Ellis,TM Dilshan,1,0,1,47,95,33,17,1,1,-,5,0,,,field,Sri Lanka,2,Pallekele International Cricket Stadium,2013,11,Sri Lanka_New Zealand_2013-11-21,Sri Lanka,Sri Lanka,New Zealand,True,143
32,TM Dilshan,AM Ellis,MDKJ Perera,4,0,4,51,91,14,11,1,2,-,5,0,,,field,Sri Lanka,2,Pallekele International Cricket Stadium,2013,11,Sri Lanka_New Zealand_2013-11-21,Sri Lanka,Sri Lanka,New Zealand,True,143
33,TM Dilshan,AM Ellis,MDKJ Perera,0,0,0,51,91,14,12,1,3,-,5,0,,,field,Sri Lanka,2,Pallekele International Cricket Stadium,2013,11,Sri Lanka_New Zealand_2013-11-21,Sri Lanka,Sri Lanka,New Zealand,True,143
34,TM Dilshan,AM Ellis,MDKJ Perera,1,0,1,52,90,15,13,1,4,-,5,0,,,field,Sri Lanka,2,Pallekele International Cricket Stadium,2013,11,Sri Lanka_New Zealand_2013-11-21,Sri Lanka,Sri Lanka,New Zealand,True,143
35,MDKJ Perera,AM Ellis,TM Dilshan,1,0,1,53,89,34,18,1,5,-,5,0,,,field,Sri Lanka,2,Pallekele International Cricket Stadium,2013,11,Sri Lanka_New Zealand_2013-11-21,Sri Lanka,Sri Lanka,New Zealand,True,143
36,TM Dilshan,AM Ellis,MDKJ Perera,1,0,1,54,88,16,14,1,6,-,5,0,,,field,Sri Lanka,2,Pallekele International Cricket Stadium,2013,11,Sri Lanka_New Zealand_2013-11-21,Sri Lanka,Sri Lanka,New Zealand,True,143
37,TM Dilshan,AP Devcich,MDKJ Perera,1,0,1,55,87,17,15,1,1,-,6,0,,,field,Sri Lanka,2,Pallekele International Cricket Stadium,2013,11,Sri Lanka_New Zealand_2013-11-21,Sri Lanka,Sri Lanka,New Zealand,True,143
38,MDKJ Perera,AP Devcich,TM Dilshan,1,0,1,56,86,35,19,1,2,-,6,0,,,field,Sri Lanka,2,Pallekele International Cricket Stadium,2013,11,Sri Lanka_New Zealand_2013-11-21,Sri Lanka,Sri Lanka,New Zealand,True,143
39,TM Dilshan,AP Devcich,MDKJ Perera,1,0,1,57,85,18,16,1,3,-,6,0,,,field,Sri Lanka,2,Pallekele International Cricket Stadium,2013,11,Sri Lanka_New Zealand_2013-11-21,Sri Lanka,Sri Lanka,New Zealand,True,143
40,MDKJ Perera,AP Devcich,TM Dilshan,1,0,1,58,84,36,20,1,4,-,6,0,,,field,Sri Lanka,2,Pallekele International Cricket Stadium,2013,11,Sri Lanka_New Zealand_2013-11-21,Sri Lanka,Sri Lanka,New Zealand,True,143
41,TM Dilshan,AP Devcich,MDKJ Perera,0,0,0,58,84,18,17,1,5,-,6,0,,,field,Sri Lanka,2,Pallekele International Cricket Stadium,2013,11,Sri Lanka_New Zealand_2013-11-21,Sri Lanka,Sri Lanka,New Zealand,True,143
42,TM Dilshan,AP Devcich,MDKJ Perera,0,2,2,60,82,18,18,1,6,legbyes,6,0,,,field,Sri Lanka,2,Pallekele International Cricket Stadium,2013,11,Sri Lanka_New Zealand_2013-11-21,Sri Lanka,Sri Lanka,New Zealand,True,143
43,MDKJ Perera,NL McCullum,TM Dilshan,1,0,1,61,81,37,21,1,1,-,7,0,,,field,Sri Lanka,2,Pallekele International Cricket Stadium,2013,11,Sri Lanka_New Zealand_2013-11-21,Sri Lanka,Sri Lanka,New Zealand,True,143
44,TM Dilshan,NL McCullum,MDKJ Perera,1,0,1,62,80,19,19,1,2,-,7,0,,,field,Sri Lanka,2,Pallekele International Cricket Stadium,2013,11,Sri Lanka_New Zealand_2013-11-21,Sri Lanka,Sri Lanka,New Zealand,True,143
45,MDKJ Perera,NL McCullum,TM Dilshan,1,0,1,63,79,38,22,1,3,-,7,0,,,field,Sri Lanka,2,Pallekele International Cricket Stadium,2013,11,Sri Lanka_New Zealand_2013-11-21,Sri Lanka,Sri Lanka,New Zealand,True,143
46,TM Dilshan,NL McCullum,MDKJ Perera,1,0,1,64,78,20,20,1,4,-,7,0,,,field,Sri Lanka,2,Pallekele International Cricket Stadium,2013,11,Sri Lanka_New Zealand_2013-11-21,Sri Lanka,Sri Lanka,New Zealand,True,143
47,MDKJ Perera,NL McCullum,TM Dilshan,1,0,1,65,77,39,23,1,5,-,7,0,,,field,Sri Lanka,2,Pallekele International Cricket Stadium,2013,11,Sri Lanka_New Zealand_2013-11-21,Sri Lanka,Sri Lanka,New Zealand,True,143
48,TM Dilshan,NL McCullum,MDKJ Perera,1,0,1,66,76,21,21,1,6,-,7,0,,,field,Sri Lanka,2,Pallekele International Cricket Stadium,2013,11,Sri Lanka_New Zealand_2013-11-21,Sri Lanka,Sri Lanka,New Zealand,True,143
49,TM Dilshan,AP Devcich,MDKJ Perera,1,0,1,67,75,22,22,1,1,-,8,0,,,field,Sri Lanka,2,Pallekele International Cricket Stadium,2013,11,Sri Lanka_New Zealand_2013-11-21,Sri Lanka,Sri Lanka,New Zealand,True,143
50,MDKJ Perera,AP Devcich,TM Dilshan,2,0,2,69,73,41,24,1,2,-,8,0,,,field,Sri Lanka,2,Pallekele International Cricket Stadium,2013,11,Sri Lanka_New Zealand_2013-11-21,Sri Lanka,Sri Lanka,New Zealand,True,143
51,MDKJ Perera,AP Devcich,TM Dilshan,0,0,0,69,73,41,25,1,3,-,8,0,,,field,Sri Lanka,2,Pallekele International Cricket Stadium,2013,11,Sri Lanka_New Zealand_2013-11-21,Sri Lanka,Sri Lanka,New Zealand,True,143
52,MDKJ Perera,AP Devcich,TM Dilshan,1,0,1,70,72,42,26,1,4,-,8,0,,,field,Sri Lanka,2,Pallekele International Cricket Stadium,2013,11,Sri Lanka_New Zealand_2013-11-21,Sri Lanka,Sri Lanka,New Zealand,True,143
53,TM Dilshan,AP Devcich,MDKJ Perera,0,0,0,70,72,22,23,1,5,-,8,0,,,field,Sri Lanka,2,Pallekele International Cricket Stadium,2013,11,Sri Lanka_New Zealand_2013-11-21,Sri Lanka,Sri Lanka,New Zealand,True,143
54,TM Dilshan,AP Devcich,MDKJ Perera,0,0,0,70,72,22,24,1,6,-,8,0,,,field,Sri Lanka,2,Pallekele International Cricket Stadium,2013,11,Sri Lanka_New Zealand_2013-11-21,Sri Lanka,Sri Lanka,New Zealand,True,143
55,MDKJ Perera,MJ McClenaghan,TM Dilshan,1,0,1,71,71,43,27,1,1,-,9,0,,,field,Sri Lanka,2,Pallekele International Cricket Stadium,2013,11,Sri Lanka_New Zealand_2013-11-21,Sri Lanka,Sri Lanka,New Zealand,True,143
56,TM Dilshan,MJ McClenaghan,MDKJ Perera,2,0,2,73,69,24,25,1,2,-,9,0,,,field,Sri Lanka,2,Pallekele International Cricket Stadium,2013,11,Sri Lanka_New Zealand_2013-11-21,Sri Lanka,Sri Lanka,New Zealand,True,143
57,TM Dilshan,MJ McClenaghan,MDKJ Perera,1,0,1,74,68,25,26,1,3,-,9,0,,,field,Sri Lanka,2,Pallekele International Cricket Stadium,2013,11,Sri Lanka_New Zealand_2013-11-21,Sri Lanka,Sri Lanka,New Zealand,True,143
58,MDKJ Perera,MJ McClenaghan,TM Dilshan,4,0,4,78,64,47,28,1,4,-,9,0,,,field,Sri Lanka,2,Pallekele International Cricket Stadium,2013,11,Sri Lanka_New Zealand_2013-11-21,Sri Lanka,Sri Lanka,New Zealand,True,143
59,MDKJ Perera,MJ McClenaghan,TM Dilshan,1,0,1,79,63,48,29,1,5,-,9,0,,,field,Sri Lanka,2,Pallekele International Cricket Stadium,2013,11,Sri Lanka_New Zealand_2013-11-21,Sri Lanka,Sri Lanka,New Zealand,True,143
60,TM Dilshan,MJ McClenaghan,MDKJ Perera,1,0,1,80,62,26,27,1,6,-,9,0,,,field,Sri Lanka,2,Pallekele International Cricket Stadium,2013,11,Sri Lanka_New Zealand_2013-11-21,Sri Lanka,Sri Lanka,New Zealand,True,143
61,TM Dilshan,RJ Nicol,MDKJ Perera,1,0,1,81,61,27,28,1,1,-,10,0,,,field,Sri Lanka,2,Pallekele International Cricket Stadium,2013,11,Sri Lanka_New Zealand_2013-11-21,Sri Lanka,Sri Lanka,New Zealand,True,143
62,MDKJ Perera,RJ Nicol,TM Dilshan,1,0,1,82,60,49,30,1,2,-,10,0,,,field,Sri Lanka,2,Pallekele International Cricket Stadium,2013,11,Sri Lanka_New Zealand_2013-11-21,Sri Lanka,Sri Lanka,New Zealand,True,143
63,TM Dilshan,RJ Nicol,MDKJ Perera,4,0,4,86,56,31,29,1,3,-,10,0,,,field,Sri Lanka,2,Pallekele International Cricket Stadium,2013,11,Sri Lanka_New Zealand_2013-11-21,Sri Lanka,Sri Lanka,New Zealand,True,143
64,TM Dilshan,RJ Nicol,MDKJ Perera,1,0,1,87,55,32,30,1,4,-,10,0,,,field,Sri Lanka,2,Pallekele International Cricket Stadium,2013,11,Sri Lanka_New Zealand_2013-11-21,Sri Lanka,Sri Lanka,New Zealand,True,143
65,MDKJ Perera,RJ Nicol,TM Dilshan,1,0,1,88,54,50,31,1,5,-,10,0,,,field,Sri Lanka,2,Pallekele International Cricket Stadium,2013,11,Sri Lanka_New Zealand_2013-11-21,Sri Lanka,Sri Lanka,New Zealand,True,143
66,TM Dilshan,RJ Nicol,MDKJ Perera,0,0,0,88,54,32,31,1,6,-,10,0,,,field,Sri Lanka,2,Pallekele International Cricket Stadium,2013,11,Sri Lanka_New Zealand_2013-11-21,Sri Lanka,Sri Lanka,New Zealand,True,143
67,MDKJ Perera,NL McCullum,TM Dilshan,1,0,1,89,53,51,32,1,1,-,11,0,,,field,Sri Lanka,2,Pallekele International Cricket Stadium,2013,11,Sri Lanka_New Zealand_2013-11-21,Sri Lanka,Sri Lanka,New Zealand,True,143
68,TM Dilshan,NL McCullum,MDKJ Perera,4,0,4,93,49,36,32,1,2,-,11,0,,,field,Sri Lanka,2,Pallekele International Cricket Stadium,2013,11,Sri Lanka_New Zealand_2013-11-21,Sri Lanka,Sri Lanka,New Zealand,True,143
69,TM Dilshan,NL McCullum,MDKJ Perera,1,0,1,94,48,37,33,1,3,-,11,0,,,field,Sri Lanka,2,Pallekele International Cricket Stadium,2013,11,Sri Lanka_New Zealand_2013-11-21,Sri Lanka,Sri Lanka,New Zealand,True,143
70,MDKJ Perera,NL McCullum,TM Dilshan,4,0,4,98,44,55,33,1,4,-,11,0,,,field,Sri Lanka,2,Pallekele International Cricket Stadium,2013,11,Sri Lanka_New Zealand_2013-11-21,Sri Lanka,Sri Lanka,New Zealand,True,143
71,MDKJ Perera,NL McCullum,TM Dilshan,1,0,1,99,43,56,34,1,5,-,11,0,,,field,Sri Lanka,2,Pallekele International Cricket Stadium,2013,11,Sri Lanka_New Zealand_2013-11-21,Sri Lanka,Sri Lanka,New Zealand,True,143
72,TM Dilshan,NL McCullum,MDKJ Perera,1,0,1,100,42,38,34,1,6,-,11,0,,,field,Sri Lanka,2,Pallekele International Cricket Stadium,2013,11,Sri Lanka_New Zealand_2013-11-21,Sri Lanka,Sri Lanka,New Zealand,True,143
73,TM Dilshan,KD Mills,MDKJ Perera,0,0,0,100,42,38,35,1,1,-,12,0,,,field,Sri Lanka,2,Pallekele International Cricket Stadium,2013,11,Sri Lanka_New Zealand_2013-11-21,Sri Lanka,Sri Lanka,New Zealand,True,143
74,TM Dilshan,KD Mills,MDKJ Perera,0,0,0,100,42,38,36,1,2,-,12,0,,,field,Sri Lanka,2,Pallekele International Cricket Stadium,2013,11,Sri Lanka_New Zealand_2013-11-21,Sri Lanka,Sri Lanka,New Zealand,True,143
75,TM Dilshan,KD Mills,MDKJ Perera,1,0,1,101,41,39,37,1,3,-,12,0,,,field,Sri Lanka,2,Pallekele International Cricket Stadium,2013,11,Sri Lanka_New Zealand_2013-11-21,Sri Lanka,Sri Lanka,New Zealand,True,143
76,MDKJ Perera,KD Mills,TM Dilshan,0,0,0,101,41,56,35,1,4,-,12,0,,,field,Sri Lanka,2,Pallekele International Cricket Stadium,2013,11,Sri Lanka_New Zealand_2013-11-21,Sri Lanka,Sri Lanka,New Zealand,True,143
77,MDKJ Perera,KD Mills,TM Dilshan,1,0,1,102,40,57,36,1,5,-,12,0,,,field,Sri Lanka,2,Pallekele International Cricket Stadium,2013,11,Sri Lanka_New Zealand_2013-11-21,Sri Lanka,Sri Lanka,New Zealand,True,143
78,TM Dilshan,KD Mills,MDKJ Perera,2,0,2,104,38,41,38,1,6,-,12,0,,,field,Sri Lanka,2,Pallekele International Cricket Stadium,2013,11,Sri Lanka_New Zealand_2013-11-21,Sri Lanka,Sri Lanka,New Zealand,True,143
79,MDKJ Perera,RJ Nicol,TM Dilshan,0,0,0,104,38,57,37,2,1,-,13,caught and bowled,MDKJ Perera,,field,Sri Lanka,2,Pallekele International Cricket Stadium,2013,11,Sri Lanka_New Zealand_2013-11-21,Sri Lanka,Sri Lanka,New Zealand,True,143
80,TM Dilshan,RJ Nicol,KC Sangakkara,1,0,1,105,37,42,39,2,2,-,13,0,,,field,Sri Lanka,2,Pallekele International Cricket Stadium,2013,11,Sri Lanka_New Zealand_2013-11-21,Sri Lanka,Sri Lanka,New Zealand,True,143
81,KC Sangakkara,RJ Nicol,TM Dilshan,0,0,0,105,37,0,1,2,3,-,13,0,,,field,Sri Lanka,2,Pallekele International Cricket Stadium,2013,11,Sri Lanka_New Zealand_2013-11-21,Sri Lanka,Sri Lanka,New Zealand,True,143
82,KC Sangakkara,RJ Nicol,TM Dilshan,1,0,1,106,36,1,2,2,4,-,13,0,,,field,Sri Lanka,2,Pallekele International Cricket Stadium,2013,11,Sri Lanka_New Zealand_2013-11-21,Sri Lanka,Sri Lanka,New Zealand,True,143
83,TM Dilshan,RJ Nicol,KC Sangakkara,4,0,4,110,32,46,40,2,5,-,13,0,,,field,Sri Lanka,2,Pallekele International Cricket Stadium,2013,11,Sri Lanka_New Zealand_2013-11-21,Sri Lanka,Sri Lanka,New Zealand,True,143
84,TM Dilshan,RJ Nicol,KC Sangakkara,4,0,4,114,28,50,41,2,6,-,13,0,,,field,Sri Lanka,2,Pallekele International Cricket Stadium,2013,11,Sri Lanka_New Zealand_2013-11-21,Sri Lanka,Sri Lanka,New Zealand,True,143
85,KC Sangakkara,AM Ellis,TM Dilshan,0,0,0,114,28,1,3,2,1,-,14,0,,,field,Sri Lanka,2,Pallekele International Cricket Stadium,2013,11,Sri Lanka_New Zealand_2013-11-21,Sri Lanka,Sri Lanka,New Zealand,True,143
86,KC Sangakkara,AM Ellis,TM Dilshan,1,0,1,115,27,2,4,2,2,-,14,0,,,field,Sri Lanka,2,Pallekele International Cricket Stadium,2013,11,Sri Lanka_New Zealand_2013-11-21,Sri Lanka,Sri Lanka,New Zealand,True,143
87,TM Dilshan,AM Ellis,KC Sangakkara,4,0,4,119,23,54,42,2,3,-,14,0,,,field,Sri Lanka,2,Pallekele International Cricket Stadium,2013,11,Sri Lanka_New Zealand_2013-11-21,Sri Lanka,Sri Lanka,New Zealand,True,143
88,TM Dilshan,AM Ellis,KC Sangakkara,0,0,0,119,23,54,43,2,4,-,14,0,,,field,Sri Lanka,2,Pallekele International Cricket Stadium,2013,11,Sri Lanka_New Zealand_2013-11-21,Sri Lanka,Sri Lanka,New Zealand,True,143
89,TM Dilshan,AM Ellis,KC Sangakkara,1,0,1,120,22,55,44,2,5,-,14,0,,,field,Sri Lanka,2,Pallekele International Cricket Stadium,2013,11,Sri Lanka_New Zealand_2013-11-21,Sri Lanka,Sri Lanka,New Zealand,True,143
90,KC Sangakkara,AM Ellis,TM Dilshan,1,0,1,121,21,3,5,2,6,-,14,0,,,field,Sri Lanka,2,Pallekele International Cricket Stadium,2013,11,Sri Lanka_New Zealand_2013-11-21,Sri Lanka,Sri Lanka,New Zealand,True,143
91,KC Sangakkara,MJ McClenaghan,TM Dilshan,1,0,1,122,20,4,6,2,1,-,15,0,,,field,Sri Lanka,2,Pallekele International Cricket Stadium,2013,11,Sri Lanka_New Zealand_2013-11-21,Sri Lanka,Sri Lanka,New Zealand,True,143
92,TM Dilshan,MJ McClenaghan,KC Sangakkara,1,0,1,123,19,56,45,2,2,-,15,0,,,field,Sri Lanka,2,Pallekele International Cricket Stadium,2013,11,Sri Lanka_New Zealand_2013-11-21,Sri Lanka,Sri Lanka,New Zealand,True,143
93,KC Sangakkara,MJ McClenaghan,TM Dilshan,2,0,2,125,17,6,7,2,3,-,15,0,,,field,Sri Lanka,2,Pallekele International Cricket Stadium,2013,11,Sri Lanka_New Zealand_2013-11-21,Sri Lanka,Sri Lanka,New Zealand,True,143
