,batter,bowler,non_striker,runs_by_bat,extra_runs,total,team_total,runs_remain,batter_runs,balls_faced,wickets_fallen,delivery,over,wicket_type,player_out,fielder,extra_type,toss_decision,toss_winner,innings,venue,year,month,match_id,winning_team,batting_team,bowling_team
0,MJ Guptill,P Utseya,KS Williamson,1,0,1,1,144,1,1,0,1,1,0,,,-,field,Zimbabwe,1,Harare Sports Club,2015,08,Zimbabwe_New Zealand_2015-08-09,New Zealand,New Zealand,Zimbabwe
1,KS Williamson,P Utseya,MJ Guptill,0,0,0,1,144,0,1,0,2,1,0,,,-,field,Zimbabwe,1,Harare Sports Club,2015,08,Zimbabwe_New Zealand_2015-08-09,New Zealand,New Zealand,Zimbabwe
2,KS Williamson,P Utseya,MJ Guptill,2,0,2,3,142,2,2,0,3,1,0,,,-,field,Zimbabwe,1,Harare Sports Club,2015,08,Zimbabwe_New Zealand_2015-08-09,New Zealand,New Zealand,Zimbabwe
3,KS Williamson,P Utseya,MJ Guptill,4,0,4,7,138,6,3,0,4,1,0,,,-,field,Zimbabwe,1,Harare Sports Club,2015,08,Zimbabwe_New Zealand_2015-08-09,New Zealand,New Zealand,Zimbabwe
4,KS Williamson,P Utseya,MJ Guptill,4,0,4,11,134,10,4,0,5,1,0,,,-,field,Zimbabwe,1,Harare Sports Club,2015,08,Zimbabwe_New Zealand_2015-08-09,New Zealand,New Zealand,Zimbabwe
5,KS Williamson,P Utseya,MJ Guptill,4,0,4,15,130,14,5,0,6,1,0,,,-,field,Zimbabwe,1,Harare Sports Club,2015,08,Zimbabwe_New Zealand_2015-08-09,New Zealand,New Zealand,Zimbabwe
6,MJ Guptill,T Muzarabani,KS Williamson,0,0,0,15,130,1,2,0,1,2,0,,,-,field,Zimbabwe,1,Harare Sports Club,2015,08,Zimbabwe_New Zealand_2015-08-09,New Zealand,New Zealand,Zimbabwe
7,MJ Guptill,T Muzarabani,KS Williamson,4,0,4,19,126,5,3,0,2,2,0,,,-,field,Zimbabwe,1,Harare Sports Club,2015,08,Zimbabwe_New Zealand_2015-08-09,New Zealand,New Zealand,Zimbabwe
8,MJ Guptill,T Muzarabani,KS Williamson,1,0,1,20,125,6,4,0,3,2,0,,,-,field,Zimbabwe,1,Harare Sports Club,2015,08,Zimbabwe_New Zealand_2015-08-09,New Zealand,New Zealand,Zimbabwe
9,KS Williamson,T Muzarabani,MJ Guptill,4,0,4,24,121,18,6,0,4,2,0,,,-,field,Zimbabwe,1,Harare Sports Club,2015,08,Zimbabwe_New Zealand_2015-08-09,New Zealand,New Zealand,Zimbabwe
10,KS Williamson,T Muzarabani,MJ Guptill,0,0,0,24,121,18,7,0,5,2,0,,,-,field,Zimbabwe,1,Harare Sports Club,2015,08,Zimbabwe_New Zealand_2015-08-09,New Zealand,New Zealand,Zimbabwe
11,KS Williamson,T Muzarabani,MJ Guptill,1,0,1,25,120,19,8,0,6,2,0,,,-,field,Zimbabwe,1,Harare Sports Club,2015,08,Zimbabwe_New Zealand_2015-08-09,New Zealand,New Zealand,Zimbabwe
12,KS Williamson,CB Mpofu,MJ Guptill,0,0,0,25,120,19,9,0,1,3,0,,,-,field,Zimbabwe,1,Harare Sports Club,2015,08,Zimbabwe_New Zealand_2015-08-09,New Zealand,New Zealand,Zimbabwe
13,KS Williamson,CB Mpofu,MJ Guptill,0,0,0,25,120,19,10,0,2,3,0,,,-,field,Zimbabwe,1,Harare Sports Club,2015,08,Zimbabwe_New Zealand_2015-08-09,New Zealand,New Zealand,Zimbabwe
14,KS Williamson,CB Mpofu,MJ Guptill,1,0,1,26,119,20,11,0,3,3,0,,,-,field,Zimbabwe,1,Harare Sports Club,2015,08,Zimbabwe_New Zealand_2015-08-09,New Zealand,New Zealand,Zimbabwe
15,MJ Guptill,CB Mpofu,KS Williamson,0,0,0,26,119,6,5,0,4,3,0,,,-,field,Zimbabwe,1,Harare Sports Club,2015,08,Zimbabwe_New Zealand_2015-08-09,New Zealand,New Zealand,Zimbabwe
16,MJ Guptill,CB Mpofu,KS Williamson,0,0,0,26,119,6,6,0,5,3,0,,,-,field,Zimbabwe,1,Harare Sports Club,2015,08,Zimbabwe_New Zealand_2015-08-09,New Zealand,New Zealand,Zimbabwe
17,MJ Guptill,CB Mpofu,KS Williamson,0,0,0,26,119,6,7,0,6,3,0,,,-,field,Zimbabwe,1,Harare Sports Club,2015,08,Zimbabwe_New Zealand_2015-08-09,New Zealand,New Zealand,Zimbabwe
18,KS Williamson,T Muzarabani,MJ Guptill,0,0,0,26,119,20,12,1,1,4,caught,KS Williamson,CR Ervine,-,field,Zimbabwe,1,Harare Sports Club,2015,08,Zimbabwe_New Zealand_2015-08-09,New Zealand,New Zealand,Zimbabwe
19,MJ Guptill,T Muzarabani,GH Worker,4,0,4,30,115,10,8,1,2,4,0,,,-,field,Zimbabwe,1,Harare Sports Club,2015,08,Zimbabwe_New Zealand_2015-08-09,New Zealand,New Zealand,Zimbabwe
20,MJ Guptill,T Muzarabani,GH Worker,0,0,0,30,115,10,9,1,3,4,0,,,-,field,Zimbabwe,1,Harare Sports Club,2015,08,Zimbabwe_New Zealand_2015-08-09,New Zealand,New Zealand,Zimbabwe
21,MJ Guptill,T Muzarabani,GH Worker,4,0,4,34,111,14,10,1,4,4,0,,,-,field,Zimbabwe,1,Harare Sports Club,2015,08,Zimbabwe_New Zealand_2015-08-09,New Zealand,New Zealand,Zimbabwe
22,MJ Guptill,T Muzarabani,GH Worker,3,0,3,37,108,17,11,1,5,4,0,,,-,field,Zimbabwe,1,Harare Sports Club,2015,08,Zimbabwe_New Zealand_2015-08-09,New Zealand,New Zealand,Zimbabwe
23,GH Worker,T Muzarabani,MJ Guptill,0,0,0,37,108,0,1,1,6,4,0,,,-,field,Zimbabwe,1,Harare Sports Club,2015,08,Zimbabwe_New Zealand_2015-08-09,New Zealand,New Zealand,Zimbabwe
24,MJ Guptill,CB Mpofu,GH Worker,4,0,4,41,104,21,12,1,1,5,0,,,-,field,Zimbabwe,1,Harare Sports Club,2015,08,Zimbabwe_New Zealand_2015-08-09,New Zealand,New Zealand,Zimbabwe
25,MJ Guptill,CB Mpofu,GH Worker,2,0,2,43,102,23,13,1,2,5,0,,,-,field,Zimbabwe,1,Harare Sports Club,2015,08,Zimbabwe_New Zealand_2015-08-09,New Zealand,New Zealand,Zimbabwe
26,MJ Guptill,CB Mpofu,GH Worker,0,0,0,43,102,23,14,1,3,5,0,,,-,field,Zimbabwe,1,Harare Sports Club,2015,08,Zimbabwe_New Zealand_2015-08-09,New Zealand,New Zealand,Zimbabwe
27,MJ Guptill,CB Mpofu,GH Worker,0,0,0,43,102,23,15,1,4,5,0,,,-,field,Zimbabwe,1,Harare Sports Club,2015,08,Zimbabwe_New Zealand_2015-08-09,New Zealand,New Zealand,Zimbabwe
28,MJ Guptill,CB Mpofu,GH Worker,1,0,1,44,101,24,16,1,5,5,0,,,-,field,Zimbabwe,1,Harare Sports Club,2015,08,Zimbabwe_New Zealand_2015-08-09,New Zealand,New Zealand,Zimbabwe
29,GH Worker,CB Mpofu,MJ Guptill,0,0,0,44,101,0,2,1,6,5,0,,,-,field,Zimbabwe,1,Harare Sports Club,2015,08,Zimbabwe_New Zealand_2015-08-09,New Zealand,New Zealand,Zimbabwe
30,MJ Guptill,CJ Chibhabha,GH Worker,0,4,4,48,97,24,17,1,1,6,0,,,legbyes,field,Zimbabwe,1,Harare Sports Club,2015,08,Zimbabwe_New Zealand_2015-08-09,New Zealand,New Zealand,Zimbabwe
31,MJ Guptill,CJ Chibhabha,GH Worker,1,0,1,49,96,25,18,1,2,6,0,,,-,field,Zimbabwe,1,Harare Sports Club,2015,08,Zimbabwe_New Zealand_2015-08-09,New Zealand,New Zealand,Zimbabwe
32,GH Worker,CJ Chibhabha,MJ Guptill,0,0,0,49,96,0,3,1,3,6,0,,,-,field,Zimbabwe,1,Harare Sports Club,2015,08,Zimbabwe_New Zealand_2015-08-09,New Zealand,New Zealand,Zimbabwe
33,GH Worker,CJ Chibhabha,MJ Guptill,0,0,0,49,96,0,4,1,4,6,0,,,-,field,Zimbabwe,1,Harare Sports Club,2015,08,Zimbabwe_New Zealand_2015-08-09,New Zealand,New Zealand,Zimbabwe
34,GH Worker,CJ Chibhabha,MJ Guptill,0,0,0,49,96,0,5,1,5,6,0,,,-,field,Zimbabwe,1,Harare Sports Club,2015,08,Zimbabwe_New Zealand_2015-08-09,New Zealand,New Zealand,Zimbabwe
35,GH Worker,CJ Chibhabha,MJ Guptill,0,0,0,49,96,0,6,1,6,6,0,,,-,field,Zimbabwe,1,Harare Sports Club,2015,08,Zimbabwe_New Zealand_2015-08-09,New Zealand,New Zealand,Zimbabwe
36,MJ Guptill,SC Williams,GH Worker,1,0,1,50,95,26,19,1,1,7,0,,,-,field,Zimbabwe,1,Harare Sports Club,2015,08,Zimbabwe_New Zealand_2015-08-09,New Zealand,New Zealand,Zimbabwe
37,GH Worker,SC Williams,MJ Guptill,0,0,0,50,95,0,7,1,2,7,0,,,-,field,Zimbabwe,1,Harare Sports Club,2015,08,Zimbabwe_New Zealand_2015-08-09,New Zealand,New Zealand,Zimbabwe
38,GH Worker,SC Williams,MJ Guptill,4,0,4,54,91,4,8,1,3,7,0,,,-,field,Zimbabwe,1,Harare Sports Club,2015,08,Zimbabwe_New Zealand_2015-08-09,New Zealand,New Zealand,Zimbabwe
39,GH Worker,SC Williams,MJ Guptill,1,0,1,55,90,5,9,1,4,7,0,,,-,field,Zimbabwe,1,Harare Sports Club,2015,08,Zimbabwe_New Zealand_2015-08-09,New Zealand,New Zealand,Zimbabwe
40,MJ Guptill,SC Williams,GH Worker,1,0,1,56,89,27,20,1,5,7,0,,,-,field,Zimbabwe,1,Harare Sports Club,2015,08,Zimbabwe_New Zealand_2015-08-09,New Zealand,New Zealand,Zimbabwe
41,GH Worker,SC Williams,MJ Guptill,0,0,0,56,89,5,10,1,6,7,0,,,-,field,Zimbabwe,1,Harare Sports Club,2015,08,Zimbabwe_New Zealand_2015-08-09,New Zealand,New Zealand,Zimbabwe
42,MJ Guptill,CJ Chibhabha,GH Worker,4,0,4,60,85,31,21,1,1,8,0,,,-,field,Zimbabwe,1,Harare Sports Club,2015,08,Zimbabwe_New Zealand_2015-08-09,New Zealand,New Zealand,Zimbabwe
43,MJ Guptill,CJ Chibhabha,GH Worker,1,0,1,61,84,32,22,1,2,8,0,,,-,field,Zimbabwe,1,Harare Sports Club,2015,08,Zimbabwe_New Zealand_2015-08-09,New Zealand,New Zealand,Zimbabwe
44,GH Worker,CJ Chibhabha,MJ Guptill,0,0,0,61,84,5,11,1,3,8,0,,,-,field,Zimbabwe,1,Harare Sports Club,2015,08,Zimbabwe_New Zealand_2015-08-09,New Zealand,New Zealand,Zimbabwe
45,GH Worker,CJ Chibhabha,MJ Guptill,6,0,6,67,78,11,12,1,4,8,0,,,-,field,Zimbabwe,1,Harare Sports Club,2015,08,Zimbabwe_New Zealand_2015-08-09,New Zealand,New Zealand,Zimbabwe
46,GH Worker,CJ Chibhabha,MJ Guptill,2,0,2,69,76,13,13,1,5,8,0,,,-,field,Zimbabwe,1,Harare Sports Club,2015,08,Zimbabwe_New Zealand_2015-08-09,New Zealand,New Zealand,Zimbabwe
47,GH Worker,CJ Chibhabha,MJ Guptill,4,0,4,73,72,17,14,1,6,8,0,,,-,field,Zimbabwe,1,Harare Sports Club,2015,08,Zimbabwe_New Zealand_2015-08-09,New Zealand,New Zealand,Zimbabwe
48,MJ Guptill,SC Williams,GH Worker,1,0,1,74,71,33,23,1,1,9,0,,,-,field,Zimbabwe,1,Harare Sports Club,2015,08,Zimbabwe_New Zealand_2015-08-09,New Zealand,New Zealand,Zimbabwe
49,GH Worker,SC Williams,MJ Guptill,0,0,0,74,71,17,15,1,2,9,0,,,-,field,Zimbabwe,1,Harare Sports Club,2015,08,Zimbabwe_New Zealand_2015-08-09,New Zealand,New Zealand,Zimbabwe
50,GH Worker,SC Williams,MJ Guptill,1,0,1,75,70,18,16,1,3,9,0,,,-,field,Zimbabwe,1,Harare Sports Club,2015,08,Zimbabwe_New Zealand_2015-08-09,New Zealand,New Zealand,Zimbabwe
51,MJ Guptill,SC Williams,GH Worker,0,0,0,75,70,33,24,2,4,9,caught,MJ Guptill,Sikandar Raza,-,field,Zimbabwe,1,Harare Sports Club,2015,08,Zimbabwe_New Zealand_2015-08-09,New Zealand,New Zealand,Zimbabwe
52,GH Worker,SC Williams,GD Elliott,1,0,1,76,69,19,17,2,5,9,0,,,-,field,Zimbabwe,1,Harare Sports Club,2015,08,Zimbabwe_New Zealand_2015-08-09,New Zealand,New Zealand,Zimbabwe
53,GD Elliott,SC Williams,GH Worker,1,0,1,77,68,1,1,2,6,9,0,,,-,field,Zimbabwe,1,Harare Sports Club,2015,08,Zimbabwe_New Zealand_2015-08-09,New Zealand,New Zealand,Zimbabwe
54,GD Elliott,AG Cremer,GH Worker,2,0,2,79,66,3,2,2,1,10,0,,,-,field,Zimbabwe,1,Harare Sports Club,2015,08,Zimbabwe_New Zealand_2015-08-09,New Zealand,New Zealand,Zimbabwe
55,GD Elliott,AG Cremer,GH Worker,1,0,1,80,65,4,3,2,2,10,0,,,-,field,Zimbabwe,1,Harare Sports Club,2015,08,Zimbabwe_New Zealand_2015-08-09,New Zealand,New Zealand,Zimbabwe
56,GH Worker,AG Cremer,GD Elliott,0,0,0,80,65,19,18,2,3,10,0,,,-,field,Zimbabwe,1,Harare Sports Club,2015,08,Zimbabwe_New Zealand_2015-08-09,New Zealand,New Zealand,Zimbabwe
57,GH Worker,AG Cremer,GD Elliott,6,0,6,86,59,25,19,2,4,10,0,,,-,field,Zimbabwe,1,Harare Sports Club,2015,08,Zimbabwe_New Zealand_2015-08-09,New Zealand,New Zealand,Zimbabwe
58,GH Worker,AG Cremer,GD Elliott,0,0,0,86,59,25,20,2,5,10,0,,,-,field,Zimbabwe,1,Harare Sports Club,2015,08,Zimbabwe_New Zealand_2015-08-09,New Zealand,New Zealand,Zimbabwe
59,GH Worker,AG Cremer,GD Elliott,1,0,1,87,58,26,21,2,6,10,0,,,-,field,Zimbabwe,1,Harare Sports Club,2015,08,Zimbabwe_New Zealand_2015-08-09,New Zealand,New Zealand,Zimbabwe
60,GH Worker,Sikandar Raza,GD Elliott,1,0,1,88,57,27,22,2,1,11,0,,,-,field,Zimbabwe,1,Harare Sports Club,2015,08,Zimbabwe_New Zealand_2015-08-09,New Zealand,New Zealand,Zimbabwe
61,GD Elliott,Sikandar Raza,GH Worker,2,0,2,90,55,6,4,2,2,11,0,,,-,field,Zimbabwe,1,Harare Sports Club,2015,08,Zimbabwe_New Zealand_2015-08-09,New Zealand,New Zealand,Zimbabwe
62,GD Elliott,Sikandar Raza,GH Worker,0,0,0,90,55,6,5,2,3,11,0,,,-,field,Zimbabwe,1,Harare Sports Club,2015,08,Zimbabwe_New Zealand_2015-08-09,New Zealand,New Zealand,Zimbabwe
63,GD Elliott,Sikandar Raza,GH Worker,1,0,1,91,54,7,6,2,4,11,0,,,-,field,Zimbabwe,1,Harare Sports Club,2015,08,Zimbabwe_New Zealand_2015-08-09,New Zealand,New Zealand,Zimbabwe
64,GH Worker,Sikandar Raza,GD Elliott,1,0,1,92,53,28,23,2,5,11,0,,,-,field,Zimbabwe,1,Harare Sports Club,2015,08,Zimbabwe_New Zealand_2015-08-09,New Zealand,New Zealand,Zimbabwe
65,GD Elliott,Sikandar Raza,GH Worker,1,0,1,93,52,8,7,2,6,11,0,,,-,field,Zimbabwe,1,Harare Sports Club,2015,08,Zimbabwe_New Zealand_2015-08-09,New Zealand,New Zealand,Zimbabwe
66,GD Elliott,AG Cremer,GH Worker,0,0,0,93,52,8,8,2,1,12,0,,,-,field,Zimbabwe,1,Harare Sports Club,2015,08,Zimbabwe_New Zealand_2015-08-09,New Zealand,New Zealand,Zimbabwe
67,GD Elliott,AG Cremer,GH Worker,0,0,0,93,52,8,9,3,2,12,caught,GD Elliott,H Masakadza,-,field,Zimbabwe,1,Harare Sports Club,2015,08,Zimbabwe_New Zealand_2015-08-09,New Zealand,New Zealand,Zimbabwe
68,GH Worker,AG Cremer,L Ronchi,0,1,1,94,51,28,24,3,3,12,0,,,wides,field,Zimbabwe,1,Harare Sports Club,2015,08,Zimbabwe_New Zealand_2015-08-09,New Zealand,New Zealand,Zimbabwe
69,GH Worker,AG Cremer,L Ronchi,1,0,1,95,50,29,25,3,4,12,0,,,-,field,Zimbabwe,1,Harare Sports Club,2015,08,Zimbabwe_New Zealand_2015-08-09,New Zealand,New Zealand,Zimbabwe
70,L Ronchi,AG Cremer,GH Worker,1,0,1,96,49,1,1,3,5,12,0,,,-,field,Zimbabwe,1,Harare Sports Club,2015,08,Zimbabwe_New Zealand_2015-08-09,New Zealand,New Zealand,Zimbabwe
71,GH Worker,AG Cremer,L Ronchi,0,0,0,96,49,29,26,3,6,12,0,,,-,field,Zimbabwe,1,Harare Sports Club,2015,08,Zimbabwe_New Zealand_2015-08-09,New Zealand,New Zealand,Zimbabwe
72,GH Worker,AG Cremer,L Ronchi,1,0,1,97,48,30,27,3,7,12,0,,,-,field,Zimbabwe,1,Harare Sports Club,2015,08,Zimbabwe_New Zealand_2015-08-09,New Zealand,New Zealand,Zimbabwe
73,GH Worker,P Utseya,L Ronchi,4,0,4,101,44,34,28,3,1,13,0,,,-,field,Zimbabwe,1,Harare Sports Club,2015,08,Zimbabwe_New Zealand_2015-08-09,New Zealand,New Zealand,Zimbabwe
74,GH Worker,P Utseya,L Ronchi,6,0,6,107,38,40,29,3,2,13,0,,,-,field,Zimbabwe,1,Harare Sports Club,2015,08,Zimbabwe_New Zealand_2015-08-09,New Zealand,New Zealand,Zimbabwe
75,GH Worker,P Utseya,L Ronchi,1,0,1,108,37,41,30,3,3,13,0,,,-,field,Zimbabwe,1,Harare Sports Club,2015,08,Zimbabwe_New Zealand_2015-08-09,New Zealand,New Zealand,Zimbabwe
76,L Ronchi,P Utseya,GH Worker,1,0,1,109,36,2,2,3,4,13,0,,,-,field,Zimbabwe,1,Harare Sports Club,2015,08,Zimbabwe_New Zealand_2015-08-09,New Zealand,New Zealand,Zimbabwe
77,GH Worker,P Utseya,L Ronchi,2,0,2,111,34,43,31,3,5,13,0,,,-,field,Zimbabwe,1,Harare Sports Club,2015,08,Zimbabwe_New Zealand_2015-08-09,New Zealand,New Zealand,Zimbabwe
78,GH Worker,P Utseya,L Ronchi,1,0,1,112,33,44,32,3,6,13,0,,,-,field,Zimbabwe,1,Harare Sports Club,2015,08,Zimbabwe_New Zealand_2015-08-09,New Zealand,New Zealand,Zimbabwe
79,GH Worker,AG Cremer,L Ronchi,1,0,1,113,32,45,33,3,1,14,0,,,-,field,Zimbabwe,1,Harare Sports Club,2015,08,Zimbabwe_New Zealand_2015-08-09,New Zealand,New Zealand,Zimbabwe
80,L Ronchi,AG Cremer,GH Worker,1,0,1,114,31,3,3,3,2,14,0,,,-,field,Zimbabwe,1,Harare Sports Club,2015,08,Zimbabwe_New Zealand_2015-08-09,New Zealand,New Zealand,Zimbabwe
81,GH Worker,AG Cremer,L Ronchi,6,0,6,120,25,51,34,3,3,14,0,,,-,field,Zimbabwe,1,Harare Sports Club,2015,08,Zimbabwe_New Zealand_2015-08-09,New Zealand,New Zealand,Zimbabwe
82,GH Worker,AG Cremer,L Ronchi,1,0,1,121,24,52,35,3,4,14,0,,,-,field,Zimbabwe,1,Harare Sports Club,2015,08,Zimbabwe_New Zealand_2015-08-09,New Zealand,New Zealand,Zimbabwe
83,L Ronchi,AG Cremer,GH Worker,4,0,4,125,20,7,4,3,5,14,0,,,-,field,Zimbabwe,1,Harare Sports Club,2015,08,Zimbabwe_New Zealand_2015-08-09,New Zealand,New Zealand,Zimbabwe
84,L Ronchi,AG Cremer,GH Worker,1,0,1,126,19,8,5,3,6,14,0,,,-,field,Zimbabwe,1,Harare Sports Club,2015,08,Zimbabwe_New Zealand_2015-08-09,New Zealand,New Zealand,Zimbabwe
85,L Ronchi,Sikandar Raza,GH Worker,1,0,1,127,18,9,6,3,1,15,0,,,-,field,Zimbabwe,1,Harare Sports Club,2015,08,Zimbabwe_New Zealand_2015-08-09,New Zealand,New Zealand,Zimbabwe
86,GH Worker,Sikandar Raza,L Ronchi,7,0,7,134,11,59,36,3,2,15,0,,,-,field,Zimbabwe,1,Harare Sports Club,2015,08,Zimbabwe_New Zealand_2015-08-09,New Zealand,New Zealand,Zimbabwe
87,L Ronchi,Sikandar Raza,GH Worker,0,0,0,134,11,9,7,3,3,15,0,,,-,field,Zimbabwe,1,Harare Sports Club,2015,08,Zimbabwe_New Zealand_2015-08-09,New Zealand,New Zealand,Zimbabwe
88,L Ronchi,Sikandar Raza,GH Worker,1,0,1,135,10,10,8,3,4,15,0,,,-,field,Zimbabwe,1,Harare Sports Club,2015,08,Zimbabwe_New Zealand_2015-08-09,New Zealand,New Zealand,Zimbabwe
89,GH Worker,Sikandar Raza,L Ronchi,1,0,1,136,9,60,37,3,5,15,0,,,-,field,Zimbabwe,1,Harare Sports Club,2015,08,Zimbabwe_New Zealand_2015-08-09,New Zealand,New Zealand,Zimbabwe
90,L Ronchi,Sikandar Raza,GH Worker,1,0,1,137,8,11,9,3,6,15,0,,,-,field,Zimbabwe,1,Harare Sports Club,2015,08,Zimbabwe_New Zealand_2015-08-09,New Zealand,New Zealand,Zimbabwe
91,L Ronchi,SC Williams,GH Worker,2,0,2,139,6,13,10,3,1,16,0,,,-,field,Zimbabwe,1,Harare Sports Club,2015,08,Zimbabwe_New Zealand_2015-08-09,New Zealand,New Zealand,Zimbabwe
92,L Ronchi,SC Williams,GH Worker,1,0,1,140,5,14,11,3,2,16,0,,,-,field,Zimbabwe,1,Harare Sports Club,2015,08,Zimbabwe_New Zealand_2015-08-09,New Zealand,New Zealand,Zimbabwe
93,GH Worker,SC Williams,L Ronchi,2,0,2,142,3,62,38,3,3,16,0,,,-,field,Zimbabwe,1,Harare Sports Club,2015,08,Zimbabwe_New Zealand_2015-08-09,New Zealand,New Zealand,Zimbabwe
94,GH Worker,SC Williams,L Ronchi,0,0,0,142,3,62,39,4,4,16,bowled,GH Worker,,-,field,Zimbabwe,1,Harare Sports Club,2015,08,Zimbabwe_New Zealand_2015-08-09,New Zealand,New Zealand,Zimbabwe
95,C Munro,SC Williams,L Ronchi,0,0,0,142,3,0,1,4,5,16,0,,,-,field,Zimbabwe,1,Harare Sports Club,2015,08,Zimbabwe_New Zealand_2015-08-09,New Zealand,New Zealand,Zimbabwe
96,C Munro,SC Williams,L Ronchi,0,0,0,142,3,0,2,4,6,16,0,,,-,field,Zimbabwe,1,Harare Sports Club,2015,08,Zimbabwe_New Zealand_2015-08-09,New Zealand,New Zealand,Zimbabwe
97,L Ronchi,Sikandar Raza,C Munro,4,0,4,146,-1,18,12,4,1,17,0,,,-,field,Zimbabwe,1,Harare Sports Club,2015,08,Zimbabwe_New Zealand_2015-08-09,New Zealand,New Zealand,Zimbabwe
98,L Ronchi,Sikandar Raza,C Munro,6,0,6,152,-7,24,13,4,2,17,0,,,-,field,Zimbabwe,1,Harare Sports Club,2015,08,Zimbabwe_New Zealand_2015-08-09,New Zealand,New Zealand,Zimbabwe
99,L Ronchi,Sikandar Raza,C Munro,2,0,2,154,-9,26,14,4,3,17,0,,,-,field,Zimbabwe,1,Harare Sports Club,2015,08,Zimbabwe_New Zealand_2015-08-09,New Zealand,New Zealand,Zimbabwe
100,L Ronchi,Sikandar Raza,C Munro,2,0,2,156,-11,28,15,4,4,17,0,,,-,field,Zimbabwe,1,Harare Sports Club,2015,08,Zimbabwe_New Zealand_2015-08-09,New Zealand,New Zealand,Zimbabwe
101,L Ronchi,Sikandar Raza,C Munro,0,0,0,156,-11,28,16,4,5,17,0,,,-,field,Zimbabwe,1,Harare Sports Club,2015,08,Zimbabwe_New Zealand_2015-08-09,New Zealand,New Zealand,Zimbabwe
102,L Ronchi,Sikandar Raza,C Munro,1,0,1,157,-12,29,17,4,6,17,0,,,-,field,Zimbabwe,1,Harare Sports Club,2015,08,Zimbabwe_New Zealand_2015-08-09,New Zealand,New Zealand,Zimbabwe
103,L Ronchi,SC Williams,C Munro,0,0,0,157,-12,29,18,4,1,18,0,,,-,field,Zimbabwe,1,Harare Sports Club,2015,08,Zimbabwe_New Zealand_2015-08-09,New Zealand,New Zealand,Zimbabwe
104,L Ronchi,SC Williams,C Munro,0,0,0,157,-12,29,19,5,2,18,caught,L Ronchi,CR Ervine,-,field,Zimbabwe,1,Harare Sports Club,2015,08,Zimbabwe_New Zealand_2015-08-09,New Zealand,New Zealand,Zimbabwe
105,C Munro,SC Williams,NL McCullum,1,0,1,158,-13,1,3,5,3,18,0,,,-,field,Zimbabwe,1,Harare Sports Club,2015,08,Zimbabwe_New Zealand_2015-08-09,New Zealand,New Zealand,Zimbabwe
106,NL McCullum,SC Williams,C Munro,1,0,1,159,-14,1,1,5,4,18,0,,,-,field,Zimbabwe,1,Harare Sports Club,2015,08,Zimbabwe_New Zealand_2015-08-09,New Zealand,New Zealand,Zimbabwe
107,C Munro,SC Williams,NL McCullum,4,0,4,163,-18,5,4,5,5,18,0,,,-,field,Zimbabwe,1,Harare Sports Club,2015,08,Zimbabwe_New Zealand_2015-08-09,New Zealand,New Zealand,Zimbabwe
108,C Munro,SC Williams,NL McCullum,6,0,6,169,-24,11,5,5,6,18,0,,,-,field,Zimbabwe,1,Harare Sports Club,2015,08,Zimbabwe_New Zealand_2015-08-09,New Zealand,New Zealand,Zimbabwe
109,NL McCullum,T Muzarabani,C Munro,1,0,1,170,-25,2,2,5,1,19,0,,,-,field,Zimbabwe,1,Harare Sports Club,2015,08,Zimbabwe_New Zealand_2015-08-09,New Zealand,New Zealand,Zimbabwe
110,C Munro,T Muzarabani,NL McCullum,2,0,2,172,-27,13,6,5,2,19,0,,,-,field,Zimbabwe,1,Harare Sports Club,2015,08,Zimbabwe_New Zealand_2015-08-09,New Zealand,New Zealand,Zimbabwe
111,C Munro,T Muzarabani,NL McCullum,1,0,1,173,-28,14,7,5,3,19,0,,,-,field,Zimbabwe,1,Harare Sports Club,2015,08,Zimbabwe_New Zealand_2015-08-09,New Zealand,New Zealand,Zimbabwe
112,NL McCullum,T Muzarabani,C Munro,1,0,1,174,-29,3,3,5,4,19,0,,,-,field,Zimbabwe,1,Harare Sports Club,2015,08,Zimbabwe_New Zealand_2015-08-09,New Zealand,New Zealand,Zimbabwe
113,C Munro,T Muzarabani,NL McCullum,4,0,4,178,-33,18,8,5,5,19,0,,,-,field,Zimbabwe,1,Harare Sports Club,2015,08,Zimbabwe_New Zealand_2015-08-09,New Zealand,New Zealand,Zimbabwe
114,C Munro,T Muzarabani,NL McCullum,4,0,4,182,-37,22,9,5,6,19,0,,,-,field,Zimbabwe,1,Harare Sports Club,2015,08,Zimbabwe_New Zealand_2015-08-09,New Zealand,New Zealand,Zimbabwe
115,NL McCullum,CB Mpofu,C Munro,4,0,4,186,-41,7,4,5,1,20,0,,,-,field,Zimbabwe,1,Harare Sports Club,2015,08,Zimbabwe_New Zealand_2015-08-09,New Zealand,New Zealand,Zimbabwe
116,NL McCullum,CB Mpofu,C Munro,6,0,6,192,-47,13,5,5,2,20,0,,,-,field,Zimbabwe,1,Harare Sports Club,2015,08,Zimbabwe_New Zealand_2015-08-09,New Zealand,New Zealand,Zimbabwe
117,NL McCullum,CB Mpofu,C Munro,4,0,4,196,-51,17,6,5,3,20,0,,,-,field,Zimbabwe,1,Harare Sports Club,2015,08,Zimbabwe_New Zealand_2015-08-09,New Zealand,New Zealand,Zimbabwe
118,NL McCullum,CB Mpofu,C Munro,1,0,1,197,-52,18,7,5,4,20,0,,,-,field,Zimbabwe,1,Harare Sports Club,2015,08,Zimbabwe_New Zealand_2015-08-09,New Zealand,New Zealand,Zimbabwe
119,C Munro,CB Mpofu,NL McCullum,0,0,0,197,-52,22,10,5,5,20,0,,,-,field,Zimbabwe,1,Harare Sports Club,2015,08,Zimbabwe_New Zealand_2015-08-09,New Zealand,New Zealand,Zimbabwe
120,C Munro,CB Mpofu,NL McCullum,1,0,1,198,-53,23,11,5,6,20,0,,,-,field,Zimbabwe,1,Harare Sports Club,2015,08,Zimbabwe_New Zealand_2015-08-09,New Zealand,New Zealand,Zimbabwe
