,batter,bowler,non_striker,runs_by_bat,extra_runs,total_runs_delivery,current_team_total,runs_remain,batter_runs,balls_faced,wickets_fallen,extra_type,delivery,over,wicket_type,player_out,fielder,toss_decision,toss_winner,innings,venue,year,month,match_id,winning_team,batting_team,bowling_team,won,final_team_total
0,UT Khawaja,A Nehra,SR Watson,1,0,1,1,,1,1,0,-,1.0,0,0,,,bat,Australia,1,Sydney Cricket Ground,2016,01,Australia_India_2016-01-31,India,Australia,India,False,197
1,SR Watson,A Nehra,UT Khawaja,0,0,0,1,,0,1,0,-,2.0,0,0,,,bat,Australia,1,Sydney Cricket Ground,2016,01,Australia_India_2016-01-31,India,Australia,India,False,197
2,SR Watson,A Nehra,UT Khawaja,0,0,0,1,,0,2,0,-,3.0,0,0,,,bat,Australia,1,Sydney Cricket Ground,2016,01,Australia_India_2016-01-31,India,Australia,India,False,197
3,SR Watson,A Nehra,UT Khawaja,0,0,0,1,,0,3,0,-,4.0,0,0,,,bat,Australia,1,Sydney Cricket Ground,2016,01,Australia_India_2016-01-31,India,Australia,India,False,197
4,SR Watson,A Nehra,UT Khawaja,0,0,0,1,,0,4,0,-,5.0,0,0,,,bat,Australia,1,Sydney Cricket Ground,2016,01,Australia_India_2016-01-31,India,Australia,India,False,197
5,SR Watson,A Nehra,UT Khawaja,0,0,0,1,,0,5,0,-,6.0,0,0,,,bat,Australia,1,Sydney Cricket Ground,2016,01,Australia_India_2016-01-31,India,Australia,India,False,197
6,UT Khawaja,JJ Bumrah,SR Watson,3,0,3,4,,4,2,0,-,1.0,1,0,,,bat,Australia,1,Sydney Cricket Ground,2016,01,Australia_India_2016-01-31,India,Australia,India,False,197
7,SR Watson,JJ Bumrah,UT Khawaja,0,0,0,4,,0,6,0,-,2.0,1,0,,,bat,Australia,1,Sydney Cricket Ground,2016,01,Australia_India_2016-01-31,India,Australia,India,False,197
8,SR Watson,JJ Bumrah,UT Khawaja,1,0,1,5,,1,7,0,-,3.0,1,0,,,bat,Australia,1,Sydney Cricket Ground,2016,01,Australia_India_2016-01-31,India,Australia,India,False,197
9,UT Khawaja,JJ Bumrah,SR Watson,4,0,4,9,,8,3,0,-,4.0,1,0,,,bat,Australia,1,Sydney Cricket Ground,2016,01,Australia_India_2016-01-31,India,Australia,India,False,197
10,UT Khawaja,JJ Bumrah,SR Watson,4,0,4,13,,12,4,0,-,5.0,1,0,,,bat,Australia,1,Sydney Cricket Ground,2016,01,Australia_India_2016-01-31,India,Australia,India,False,197
11,UT Khawaja,JJ Bumrah,SR Watson,2,0,2,15,,14,5,0,-,6.0,1,0,,,bat,Australia,1,Sydney Cricket Ground,2016,01,Australia_India_2016-01-31,India,Australia,India,False,197
12,SR Watson,A Nehra,UT Khawaja,1,0,1,16,,2,8,0,-,1.0,2,0,,,bat,Australia,1,Sydney Cricket Ground,2016,01,Australia_India_2016-01-31,India,Australia,India,False,197
13,UT Khawaja,A Nehra,SR Watson,0,0,0,16,,14,6,1,-,2.0,2,caught,UT Khawaja,MS Dhoni,bat,Australia,1,Sydney Cricket Ground,2016,01,Australia_India_2016-01-31,India,Australia,India,False,197
14,SE Marsh,A Nehra,SR Watson,0,0,0,16,,0,1,1,-,3.0,2,0,,,bat,Australia,1,Sydney Cricket Ground,2016,01,Australia_India_2016-01-31,India,Australia,India,False,197
15,SE Marsh,A Nehra,SR Watson,1,0,1,17,,1,2,1,-,4.0,2,0,,,bat,Australia,1,Sydney Cricket Ground,2016,01,Australia_India_2016-01-31,India,Australia,India,False,197
16,SR Watson,A Nehra,SE Marsh,6,0,6,23,,8,9,1,-,5.0,2,0,,,bat,Australia,1,Sydney Cricket Ground,2016,01,Australia_India_2016-01-31,India,Australia,India,False,197
17,SR Watson,A Nehra,SE Marsh,1,0,1,24,,9,10,1,-,6.0,2,0,,,bat,Australia,1,Sydney Cricket Ground,2016,01,Australia_India_2016-01-31,India,Australia,India,False,197
18,SR Watson,JJ Bumrah,SE Marsh,0,0,0,24,,9,11,1,-,1.0,3,0,,,bat,Australia,1,Sydney Cricket Ground,2016,01,Australia_India_2016-01-31,India,Australia,India,False,197
19,SR Watson,JJ Bumrah,SE Marsh,0,0,0,24,,9,12,1,-,2.0,3,0,,,bat,Australia,1,Sydney Cricket Ground,2016,01,Australia_India_2016-01-31,India,Australia,India,False,197
20,SR Watson,JJ Bumrah,SE Marsh,0,1,1,25,,9,13,1,noballs,2.0,3,0,,,bat,Australia,1,Sydney Cricket Ground,2016,01,Australia_India_2016-01-31,India,Australia,India,False,197
21,SR Watson,JJ Bumrah,SE Marsh,4,1,5,30,,13,14,1,noballs,2.0,3,0,,,bat,Australia,1,Sydney Cricket Ground,2016,01,Australia_India_2016-01-31,India,Australia,India,False,197
22,SR Watson,JJ Bumrah,SE Marsh,4,0,4,34,,17,15,1,-,3.0,3,0,,,bat,Australia,1,Sydney Cricket Ground,2016,01,Australia_India_2016-01-31,India,Australia,India,False,197
23,SR Watson,JJ Bumrah,SE Marsh,1,0,1,35,,18,16,1,-,4.0,3,0,,,bat,Australia,1,Sydney Cricket Ground,2016,01,Australia_India_2016-01-31,India,Australia,India,False,197
24,SE Marsh,JJ Bumrah,SR Watson,0,1,1,36,,1,3,1,legbyes,5.0,3,0,,,bat,Australia,1,Sydney Cricket Ground,2016,01,Australia_India_2016-01-31,India,Australia,India,False,197
25,SR Watson,JJ Bumrah,SE Marsh,1,0,1,37,,19,17,1,-,6.0,3,0,,,bat,Australia,1,Sydney Cricket Ground,2016,01,Australia_India_2016-01-31,India,Australia,India,False,197
26,SR Watson,A Nehra,SE Marsh,4,0,4,41,,23,18,1,-,1.0,4,0,,,bat,Australia,1,Sydney Cricket Ground,2016,01,Australia_India_2016-01-31,India,Australia,India,False,197
27,SR Watson,A Nehra,SE Marsh,4,0,4,45,,27,19,1,-,2.0,4,0,,,bat,Australia,1,Sydney Cricket Ground,2016,01,Australia_India_2016-01-31,India,Australia,India,False,197
28,SR Watson,A Nehra,SE Marsh,0,0,0,45,,27,20,1,-,3.0,4,0,,,bat,Australia,1,Sydney Cricket Ground,2016,01,Australia_India_2016-01-31,India,Australia,India,False,197
29,SR Watson,A Nehra,SE Marsh,0,0,0,45,,27,21,1,-,4.0,4,0,,,bat,Australia,1,Sydney Cricket Ground,2016,01,Australia_India_2016-01-31,India,Australia,India,False,197
30,SR Watson,A Nehra,SE Marsh,1,0,1,46,,28,22,1,-,5.0,4,0,,,bat,Australia,1,Sydney Cricket Ground,2016,01,Australia_India_2016-01-31,India,Australia,India,False,197
31,SE Marsh,A Nehra,SR Watson,2,0,2,48,,3,4,1,-,6.0,4,0,,,bat,Australia,1,Sydney Cricket Ground,2016,01,Australia_India_2016-01-31,India,Australia,India,False,197
32,SR Watson,R Ashwin,SE Marsh,2,0,2,50,,30,23,1,-,1.0,5,0,,,bat,Australia,1,Sydney Cricket Ground,2016,01,Australia_India_2016-01-31,India,Australia,India,False,197
33,SR Watson,R Ashwin,SE Marsh,0,0,0,50,,30,24,1,-,2.0,5,0,,,bat,Australia,1,Sydney Cricket Ground,2016,01,Australia_India_2016-01-31,India,Australia,India,False,197
34,SR Watson,R Ashwin,SE Marsh,4,0,4,54,,34,25,1,-,3.0,5,0,,,bat,Australia,1,Sydney Cricket Ground,2016,01,Australia_India_2016-01-31,India,Australia,India,False,197
35,SR Watson,R Ashwin,SE Marsh,0,0,0,54,,34,26,1,-,4.0,5,0,,,bat,Australia,1,Sydney Cricket Ground,2016,01,Australia_India_2016-01-31,India,Australia,India,False,197
36,SR Watson,R Ashwin,SE Marsh,3,0,3,57,,37,27,1,-,5.0,5,0,,,bat,Australia,1,Sydney Cricket Ground,2016,01,Australia_India_2016-01-31,India,Australia,India,False,197
37,SE Marsh,R Ashwin,SR Watson,0,0,0,57,,3,5,1,-,6.0,5,0,,,bat,Australia,1,Sydney Cricket Ground,2016,01,Australia_India_2016-01-31,India,Australia,India,False,197
38,SR Watson,RA Jadeja,SE Marsh,1,0,1,58,,38,28,1,-,1.0,6,0,,,bat,Australia,1,Sydney Cricket Ground,2016,01,Australia_India_2016-01-31,India,Australia,India,False,197
39,SE Marsh,RA Jadeja,SR Watson,0,0,0,58,,3,6,1,-,2.0,6,0,,,bat,Australia,1,Sydney Cricket Ground,2016,01,Australia_India_2016-01-31,India,Australia,India,False,197
40,SE Marsh,RA Jadeja,SR Watson,0,0,0,58,,3,7,1,-,3.0,6,0,,,bat,Australia,1,Sydney Cricket Ground,2016,01,Australia_India_2016-01-31,India,Australia,India,False,197
41,SE Marsh,RA Jadeja,SR Watson,0,0,0,58,,3,8,1,-,4.0,6,0,,,bat,Australia,1,Sydney Cricket Ground,2016,01,Australia_India_2016-01-31,India,Australia,India,False,197
42,SE Marsh,RA Jadeja,SR Watson,1,0,1,59,,4,9,1,-,5.0,6,0,,,bat,Australia,1,Sydney Cricket Ground,2016,01,Australia_India_2016-01-31,India,Australia,India,False,197
43,SR Watson,RA Jadeja,SE Marsh,4,0,4,63,,42,29,1,-,6.0,6,0,,,bat,Australia,1,Sydney Cricket Ground,2016,01,Australia_India_2016-01-31,India,Australia,India,False,197
44,SE Marsh,R Ashwin,SR Watson,4,0,4,67,,8,10,1,-,1.0,7,0,,,bat,Australia,1,Sydney Cricket Ground,2016,01,Australia_India_2016-01-31,India,Australia,India,False,197
45,SE Marsh,R Ashwin,SR Watson,1,0,1,68,,9,11,1,-,2.0,7,0,,,bat,Australia,1,Sydney Cricket Ground,2016,01,Australia_India_2016-01-31,India,Australia,India,False,197
46,SR Watson,R Ashwin,SE Marsh,1,0,1,69,,43,30,1,-,3.0,7,0,,,bat,Australia,1,Sydney Cricket Ground,2016,01,Australia_India_2016-01-31,India,Australia,India,False,197
47,SE Marsh,R Ashwin,SR Watson,0,0,0,69,,9,12,2,-,4.0,7,bowled,SE Marsh,,bat,Australia,1,Sydney Cricket Ground,2016,01,Australia_India_2016-01-31,India,Australia,India,False,197
48,GJ Maxwell,R Ashwin,SR Watson,1,0,1,70,,1,1,2,-,5.0,7,0,,,bat,Australia,1,Sydney Cricket Ground,2016,01,Australia_India_2016-01-31,India,Australia,India,False,197
49,SR Watson,R Ashwin,GJ Maxwell,2,0,2,72,,45,31,2,-,6.0,7,0,,,bat,Australia,1,Sydney Cricket Ground,2016,01,Australia_India_2016-01-31,India,Australia,India,False,197
50,GJ Maxwell,RA Jadeja,SR Watson,0,0,0,72,,1,2,2,-,1.0,8,0,,,bat,Australia,1,Sydney Cricket Ground,2016,01,Australia_India_2016-01-31,India,Australia,India,False,197
51,GJ Maxwell,RA Jadeja,SR Watson,1,0,1,73,,2,3,2,-,2.0,8,0,,,bat,Australia,1,Sydney Cricket Ground,2016,01,Australia_India_2016-01-31,India,Australia,India,False,197
52,SR Watson,RA Jadeja,GJ Maxwell,0,0,0,73,,45,32,2,-,3.0,8,0,,,bat,Australia,1,Sydney Cricket Ground,2016,01,Australia_India_2016-01-31,India,Australia,India,False,197
53,SR Watson,RA Jadeja,GJ Maxwell,1,0,1,74,,46,33,2,-,4.0,8,0,,,bat,Australia,1,Sydney Cricket Ground,2016,01,Australia_India_2016-01-31,India,Australia,India,False,197
54,GJ Maxwell,RA Jadeja,SR Watson,1,0,1,75,,3,4,2,-,5.0,8,0,,,bat,Australia,1,Sydney Cricket Ground,2016,01,Australia_India_2016-01-31,India,Australia,India,False,197
55,SR Watson,RA Jadeja,GJ Maxwell,0,0,0,75,,46,34,2,-,6.0,8,0,,,bat,Australia,1,Sydney Cricket Ground,2016,01,Australia_India_2016-01-31,India,Australia,India,False,197
56,GJ Maxwell,Yuvraj Singh,SR Watson,0,0,0,75,,3,5,3,-,1.0,9,caught,GJ Maxwell,SK Raina,bat,Australia,1,Sydney Cricket Ground,2016,01,Australia_India_2016-01-31,India,Australia,India,False,197
57,TM Head,Yuvraj Singh,SR Watson,2,0,2,77,,2,1,3,-,2.0,9,0,,,bat,Australia,1,Sydney Cricket Ground,2016,01,Australia_India_2016-01-31,India,Australia,India,False,197
58,TM Head,Yuvraj Singh,SR Watson,1,0,1,78,,3,2,3,-,3.0,9,0,,,bat,Australia,1,Sydney Cricket Ground,2016,01,Australia_India_2016-01-31,India,Australia,India,False,197
59,SR Watson,Yuvraj Singh,TM Head,0,0,0,78,,46,35,3,-,4.0,9,0,,,bat,Australia,1,Sydney Cricket Ground,2016,01,Australia_India_2016-01-31,India,Australia,India,False,197
60,SR Watson,Yuvraj Singh,TM Head,1,0,1,79,,47,36,3,-,5.0,9,0,,,bat,Australia,1,Sydney Cricket Ground,2016,01,Australia_India_2016-01-31,India,Australia,India,False,197
61,TM Head,Yuvraj Singh,SR Watson,1,0,1,80,,4,3,3,-,6.0,9,0,,,bat,Australia,1,Sydney Cricket Ground,2016,01,Australia_India_2016-01-31,India,Australia,India,False,197
62,TM Head,HH Pandya,SR Watson,1,0,1,81,,5,4,3,-,1.0,10,0,,,bat,Australia,1,Sydney Cricket Ground,2016,01,Australia_India_2016-01-31,India,Australia,India,False,197
63,SR Watson,HH Pandya,TM Head,4,0,4,85,,51,37,3,-,2.0,10,0,,,bat,Australia,1,Sydney Cricket Ground,2016,01,Australia_India_2016-01-31,India,Australia,India,False,197
64,SR Watson,HH Pandya,TM Head,0,1,1,86,,51,38,3,wides,2.0,10,0,,,bat,Australia,1,Sydney Cricket Ground,2016,01,Australia_India_2016-01-31,India,Australia,India,False,197
65,SR Watson,HH Pandya,TM Head,1,0,1,87,,52,39,3,-,3.0,10,0,,,bat,Australia,1,Sydney Cricket Ground,2016,01,Australia_India_2016-01-31,India,Australia,India,False,197
66,TM Head,HH Pandya,SR Watson,0,0,0,87,,5,5,3,-,4.0,10,0,,,bat,Australia,1,Sydney Cricket Ground,2016,01,Australia_India_2016-01-31,India,Australia,India,False,197
67,TM Head,HH Pandya,SR Watson,1,0,1,88,,6,6,3,-,5.0,10,0,,,bat,Australia,1,Sydney Cricket Ground,2016,01,Australia_India_2016-01-31,India,Australia,India,False,197
68,SR Watson,HH Pandya,TM Head,1,0,1,89,,53,40,3,-,6.0,10,0,,,bat,Australia,1,Sydney Cricket Ground,2016,01,Australia_India_2016-01-31,India,Australia,India,False,197
69,SR Watson,Yuvraj Singh,TM Head,2,0,2,91,,55,41,3,-,1.0,11,0,,,bat,Australia,1,Sydney Cricket Ground,2016,01,Australia_India_2016-01-31,India,Australia,India,False,197
70,SR Watson,Yuvraj Singh,TM Head,1,0,1,92,,56,42,3,-,2.0,11,0,,,bat,Australia,1,Sydney Cricket Ground,2016,01,Australia_India_2016-01-31,India,Australia,India,False,197
71,TM Head,Yuvraj Singh,SR Watson,6,0,6,98,,12,7,3,-,3.0,11,0,,,bat,Australia,1,Sydney Cricket Ground,2016,01,Australia_India_2016-01-31,India,Australia,India,False,197
72,TM Head,Yuvraj Singh,SR Watson,4,0,4,102,,16,8,3,-,4.0,11,0,,,bat,Australia,1,Sydney Cricket Ground,2016,01,Australia_India_2016-01-31,India,Australia,India,False,197
73,TM Head,Yuvraj Singh,SR Watson,0,0,0,102,,16,9,3,-,5.0,11,0,,,bat,Australia,1,Sydney Cricket Ground,2016,01,Australia_India_2016-01-31,India,Australia,India,False,197
74,TM Head,Yuvraj Singh,SR Watson,1,0,1,103,,17,10,3,-,6.0,11,0,,,bat,Australia,1,Sydney Cricket Ground,2016,01,Australia_India_2016-01-31,India,Australia,India,False,197
75,TM Head,HH Pandya,SR Watson,1,0,1,104,,18,11,3,-,1.0,12,0,,,bat,Australia,1,Sydney Cricket Ground,2016,01,Australia_India_2016-01-31,India,Australia,India,False,197
76,SR Watson,HH Pandya,TM Head,2,0,2,106,,58,43,3,-,2.0,12,0,,,bat,Australia,1,Sydney Cricket Ground,2016,01,Australia_India_2016-01-31,India,Australia,India,False,197
77,SR Watson,HH Pandya,TM Head,4,0,4,110,,62,44,3,-,3.0,12,0,,,bat,Australia,1,Sydney Cricket Ground,2016,01,Australia_India_2016-01-31,India,Australia,India,False,197
78,SR Watson,HH Pandya,TM Head,0,1,1,111,,62,45,3,wides,3.0,12,0,,,bat,Australia,1,Sydney Cricket Ground,2016,01,Australia_India_2016-01-31,India,Australia,India,False,197
79,SR Watson,HH Pandya,TM Head,0,1,1,112,,62,46,3,wides,3.0,12,0,,,bat,Australia,1,Sydney Cricket Ground,2016,01,Australia_India_2016-01-31,India,Australia,India,False,197
80,SR Watson,HH Pandya,TM Head,0,0,0,112,,62,47,3,-,4.0,12,0,,,bat,Australia,1,Sydney Cricket Ground,2016,01,Australia_India_2016-01-31,India,Australia,India,False,197
81,SR Watson,HH Pandya,TM Head,4,0,4,116,,66,48,3,-,5.0,12,0,,,bat,Australia,1,Sydney Cricket Ground,2016,01,Australia_India_2016-01-31,India,Australia,India,False,197
82,SR Watson,HH Pandya,TM Head,2,0,2,118,,68,49,3,-,6.0,12,0,,,bat,Australia,1,Sydney Cricket Ground,2016,01,Australia_India_2016-01-31,India,Australia,India,False,197
83,TM Head,R Ashwin,SR Watson,1,0,1,119,,19,12,3,-,1.0,13,0,,,bat,Australia,1,Sydney Cricket Ground,2016,01,Australia_India_2016-01-31,India,Australia,India,False,197
84,SR Watson,R Ashwin,TM Head,0,1,1,120,,68,50,3,wides,1.0,13,0,,,bat,Australia,1,Sydney Cricket Ground,2016,01,Australia_India_2016-01-31,India,Australia,India,False,197
85,SR Watson,R Ashwin,TM Head,2,0,2,122,,70,51,3,-,2.0,13,0,,,bat,Australia,1,Sydney Cricket Ground,2016,01,Australia_India_2016-01-31,India,Australia,India,False,197
86,SR Watson,R Ashwin,TM Head,1,0,1,123,,71,52,3,-,3.0,13,0,,,bat,Australia,1,Sydney Cricket Ground,2016,01,Australia_India_2016-01-31,India,Australia,India,False,197
87,TM Head,R Ashwin,SR Watson,2,0,2,125,,21,13,3,-,4.0,13,0,,,bat,Australia,1,Sydney Cricket Ground,2016,01,Australia_India_2016-01-31,India,Australia,India,False,197
88,TM Head,R Ashwin,SR Watson,1,0,1,126,,22,14,3,-,5.0,13,0,,,bat,Australia,1,Sydney Cricket Ground,2016,01,Australia_India_2016-01-31,India,Australia,India,False,197
89,SR Watson,R Ashwin,TM Head,1,0,1,127,,72,53,3,-,6.0,13,0,,,bat,Australia,1,Sydney Cricket Ground,2016,01,Australia_India_2016-01-31,India,Australia,India,False,197
90,SR Watson,RA Jadeja,TM Head,2,0,2,129,,74,54,3,-,1.0,14,0,,,bat,Australia,1,Sydney Cricket Ground,2016,01,Australia_India_2016-01-31,India,Australia,India,False,197
91,SR Watson,RA Jadeja,TM Head,6,0,6,135,,80,55,3,-,2.0,14,0,,,bat,Australia,1,Sydney Cricket Ground,2016,01,Australia_India_2016-01-31,India,Australia,India,False,197
92,SR Watson,RA Jadeja,TM Head,1,0,1,136,,81,56,3,-,3.0,14,0,,,bat,Australia,1,Sydney Cricket Ground,2016,01,Australia_India_2016-01-31,India,Australia,India,False,197
93,TM Head,RA Jadeja,SR Watson,2,0,2,138,,24,15,3,-,4.0,14,0,,,bat,Australia,1,Sydney Cricket Ground,2016,01,Australia_India_2016-01-31,India,Australia,India,False,197
94,TM Head,RA Jadeja,SR Watson,1,0,1,139,,25,16,3,-,5.0,14,0,,,bat,Australia,1,Sydney Cricket Ground,2016,01,Australia_India_2016-01-31,India,Australia,India,False,197
95,SR Watson,RA Jadeja,TM Head,1,0,1,140,,82,57,3,-,6.0,14,0,,,bat,Australia,1,Sydney Cricket Ground,2016,01,Australia_India_2016-01-31,India,Australia,India,False,197
96,SR Watson,R Ashwin,TM Head,1,0,1,141,,83,58,3,-,1.0,15,0,,,bat,Australia,1,Sydney Cricket Ground,2016,01,Australia_India_2016-01-31,India,Australia,India,False,197
97,TM Head,R Ashwin,SR Watson,1,0,1,142,,26,17,3,-,2.0,15,0,,,bat,Australia,1,Sydney Cricket Ground,2016,01,Australia_India_2016-01-31,India,Australia,India,False,197
98,SR Watson,R Ashwin,TM Head,6,0,6,148,,89,59,3,-,3.0,15,0,,,bat,Australia,1,Sydney Cricket Ground,2016,01,Australia_India_2016-01-31,India,Australia,India,False,197
99,SR Watson,R Ashwin,TM Head,0,0,0,148,,89,60,3,-,4.0,15,0,,,bat,Australia,1,Sydney Cricket Ground,2016,01,Australia_India_2016-01-31,India,Australia,India,False,197
100,SR Watson,R Ashwin,TM Head,1,0,1,149,,90,61,3,-,5.0,15,0,,,bat,Australia,1,Sydney Cricket Ground,2016,01,Australia_India_2016-01-31,India,Australia,India,False,197
101,TM Head,R Ashwin,SR Watson,0,0,0,149,,26,18,3,-,6.0,15,0,,,bat,Australia,1,Sydney Cricket Ground,2016,01,Australia_India_2016-01-31,India,Australia,India,False,197
102,SR Watson,RA Jadeja,TM Head,6,0,6,155,,96,62,3,-,1.0,16,0,,,bat,Australia,1,Sydney Cricket Ground,2016,01,Australia_India_2016-01-31,India,Australia,India,False,197
103,SR Watson,RA Jadeja,TM Head,2,0,2,157,,98,63,3,-,2.0,16,0,,,bat,Australia,1,Sydney Cricket Ground,2016,01,Australia_India_2016-01-31,India,Australia,India,False,197
104,SR Watson,RA Jadeja,TM Head,4,0,4,161,,102,64,3,-,3.0,16,0,,,bat,Australia,1,Sydney Cricket Ground,2016,01,Australia_India_2016-01-31,India,Australia,India,False,197
105,SR Watson,RA Jadeja,TM Head,6,0,6,167,,108,65,3,-,4.0,16,0,,,bat,Australia,1,Sydney Cricket Ground,2016,01,Australia_India_2016-01-31,India,Australia,India,False,197
106,SR Watson,RA Jadeja,TM Head,1,0,1,168,,109,66,3,-,5.0,16,0,,,bat,Australia,1,Sydney Cricket Ground,2016,01,Australia_India_2016-01-31,India,Australia,India,False,197
107,TM Head,RA Jadeja,SR Watson,0,0,0,168,,26,19,4,-,6.0,16,bowled,TM Head,,bat,Australia,1,Sydney Cricket Ground,2016,01,Australia_India_2016-01-31,India,Australia,India,False,197
108,SR Watson,JJ Bumrah,CA Lynn,0,0,0,168,,109,67,4,-,1.0,17,0,,,bat,Australia,1,Sydney Cricket Ground,2016,01,Australia_India_2016-01-31,India,Australia,India,False,197
109,SR Watson,JJ Bumrah,CA Lynn,1,0,1,169,,110,68,4,-,2.0,17,0,,,bat,Australia,1,Sydney Cricket Ground,2016,01,Australia_India_2016-01-31,India,Australia,India,False,197
110,CA Lynn,JJ Bumrah,SR Watson,4,0,4,173,,4,1,4,-,3.0,17,0,,,bat,Australia,1,Sydney Cricket Ground,2016,01,Australia_India_2016-01-31,India,Australia,India,False,197
111,CA Lynn,JJ Bumrah,SR Watson,1,0,1,174,,5,2,4,-,4.0,17,0,,,bat,Australia,1,Sydney Cricket Ground,2016,01,Australia_India_2016-01-31,India,Australia,India,False,197
112,SR Watson,JJ Bumrah,CA Lynn,1,0,1,175,,111,69,4,-,5.0,17,0,,,bat,Australia,1,Sydney Cricket Ground,2016,01,Australia_India_2016-01-31,India,Australia,India,False,197
113,CA Lynn,JJ Bumrah,SR Watson,1,0,1,176,,6,3,4,-,6.0,17,0,,,bat,Australia,1,Sydney Cricket Ground,2016,01,Australia_India_2016-01-31,India,Australia,India,False,197
114,CA Lynn,A Nehra,SR Watson,1,0,1,177,,7,4,4,-,1.0,18,0,,,bat,Australia,1,Sydney Cricket Ground,2016,01,Australia_India_2016-01-31,India,Australia,India,False,197
115,SR Watson,A Nehra,CA Lynn,1,0,1,178,,112,70,4,-,2.0,18,0,,,bat,Australia,1,Sydney Cricket Ground,2016,01,Australia_India_2016-01-31,India,Australia,India,False,197
116,CA Lynn,A Nehra,SR Watson,1,0,1,179,,8,5,4,-,3.0,18,0,,,bat,Australia,1,Sydney Cricket Ground,2016,01,Australia_India_2016-01-31,India,Australia,India,False,197
117,SR Watson,A Nehra,CA Lynn,6,0,6,185,,118,71,4,-,4.0,18,0,,,bat,Australia,1,Sydney Cricket Ground,2016,01,Australia_India_2016-01-31,India,Australia,India,False,197
118,SR Watson,A Nehra,CA Lynn,1,0,1,186,,119,72,4,-,5.0,18,0,,,bat,Australia,1,Sydney Cricket Ground,2016,01,Australia_India_2016-01-31,India,Australia,India,False,197
119,CA Lynn,A Nehra,SR Watson,1,0,1,187,,9,6,4,-,6.0,18,0,,,bat,Australia,1,Sydney Cricket Ground,2016,01,Australia_India_2016-01-31,India,Australia,India,False,197
120,CA Lynn,JJ Bumrah,SR Watson,0,1,1,188,,9,7,4,legbyes,1.0,19,0,,,bat,Australia,1,Sydney Cricket Ground,2016,01,Australia_India_2016-01-31,India,Australia,India,False,197
121,SR Watson,JJ Bumrah,CA Lynn,1,0,1,189,,120,73,4,-,2.0,19,0,,,bat,Australia,1,Sydney Cricket Ground,2016,01,Australia_India_2016-01-31,India,Australia,India,False,197
122,CA Lynn,JJ Bumrah,SR Watson,4,0,4,193,,13,8,4,-,3.0,19,0,,,bat,Australia,1,Sydney Cricket Ground,2016,01,Australia_India_2016-01-31,India,Australia,India,False,197
123,CA Lynn,JJ Bumrah,SR Watson,0,0,0,193,,13,9,5,-,4.0,19,caught,CA Lynn,RA Jadeja,bat,Australia,1,Sydney Cricket Ground,2016,01,Australia_India_2016-01-31,India,Australia,India,False,197
124,SR Watson,JJ Bumrah,CT Bancroft,2,0,2,195,,122,74,5,-,5.0,19,0,,,bat,Australia,1,Sydney Cricket Ground,2016,01,Australia_India_2016-01-31,India,Australia,India,False,197
125,SR Watson,JJ Bumrah,CT Bancroft,2,0,2,197,,124,75,5,-,6.0,19,0,,,bat,Australia,1,Sydney Cricket Ground,2016,01,Australia_India_2016-01-31,India,Australia,India,False,197
