,batter,bowler,non_striker,runs_by_bat,extra_runs,total_runs_delivery,current_team_total,runs_remain,batter_runs,balls_faced,wickets_fallen,extra_type,delivery,over,wicket_type,player_out,fielder,toss_decision,toss_winner,innings,venue,year,month,match_id,winning_team,batting_team,bowling_team,won,final_team_total
0,JJ Roy,Anwar Ali,AD Hales,0,0,0,0,,0,1,0,-,1.0,0,0,,,bat,England,1,Dubai International Cricket Stadium,2015,11,England_Pakistan_2015-11-26,England,England,Pakistan,True,160
1,JJ Roy,Anwar Ali,AD Hales,3,0,3,3,,3,2,0,-,2.0,0,0,,,bat,England,1,Dubai International Cricket Stadium,2015,11,England_Pakistan_2015-11-26,England,England,Pakistan,True,160
2,AD Hales,Anwar Ali,JJ Roy,0,0,0,3,,0,1,0,-,3.0,0,0,,,bat,England,1,Dubai International Cricket Stadium,2015,11,England_Pakistan_2015-11-26,England,England,Pakistan,True,160
3,AD Hales,Anwar Ali,JJ Roy,0,0,0,3,,0,2,0,-,4.0,0,0,,,bat,England,1,Dubai International Cricket Stadium,2015,11,England_Pakistan_2015-11-26,England,England,Pakistan,True,160
4,AD Hales,Anwar Ali,JJ Roy,1,0,1,4,,1,3,0,-,5.0,0,0,,,bat,England,1,Dubai International Cricket Stadium,2015,11,England_Pakistan_2015-11-26,England,England,Pakistan,True,160
5,JJ Roy,Anwar Ali,AD Hales,1,0,1,5,,4,3,0,-,6.0,0,0,,,bat,England,1,Dubai International Cricket Stadium,2015,11,England_Pakistan_2015-11-26,England,England,Pakistan,True,160
6,JJ Roy,Sohail Tanvir,AD Hales,0,1,1,6,,4,4,0,wides,0.0,1,0,,,bat,England,1,Dubai International Cricket Stadium,2015,11,England_Pakistan_2015-11-26,England,England,Pakistan,True,160
7,JJ Roy,Sohail Tanvir,AD Hales,1,0,1,7,,5,5,0,-,1.0,1,0,,,bat,England,1,Dubai International Cricket Stadium,2015,11,England_Pakistan_2015-11-26,England,England,Pakistan,True,160
8,AD Hales,Sohail Tanvir,JJ Roy,0,0,0,7,,1,4,0,-,2.0,1,0,,,bat,England,1,Dubai International Cricket Stadium,2015,11,England_Pakistan_2015-11-26,England,England,Pakistan,True,160
9,AD Hales,Sohail Tanvir,JJ Roy,4,0,4,11,,5,5,0,-,3.0,1,0,,,bat,England,1,Dubai International Cricket Stadium,2015,11,England_Pakistan_2015-11-26,England,England,Pakistan,True,160
10,AD Hales,Sohail Tanvir,JJ Roy,1,0,1,12,,6,6,0,-,4.0,1,0,,,bat,England,1,Dubai International Cricket Stadium,2015,11,England_Pakistan_2015-11-26,England,England,Pakistan,True,160
11,JJ Roy,Sohail Tanvir,AD Hales,4,0,4,16,,9,6,0,-,5.0,1,0,,,bat,England,1,Dubai International Cricket Stadium,2015,11,England_Pakistan_2015-11-26,England,England,Pakistan,True,160
12,JJ Roy,Sohail Tanvir,AD Hales,0,0,0,16,,9,7,1,-,6.0,1,caught,JJ Roy,Imran Khan (1),bat,England,1,Dubai International Cricket Stadium,2015,11,England_Pakistan_2015-11-26,England,England,Pakistan,True,160
13,AD Hales,Anwar Ali,JM Vince,0,0,0,16,,6,7,1,-,1.0,2,0,,,bat,England,1,Dubai International Cricket Stadium,2015,11,England_Pakistan_2015-11-26,England,England,Pakistan,True,160
14,AD Hales,Anwar Ali,JM Vince,2,0,2,18,,8,8,1,-,2.0,2,0,,,bat,England,1,Dubai International Cricket Stadium,2015,11,England_Pakistan_2015-11-26,England,England,Pakistan,True,160
15,AD Hales,Anwar Ali,JM Vince,0,0,0,18,,8,9,2,-,3.0,2,caught,AD Hales,Shahid Afridi,bat,England,1,Dubai International Cricket Stadium,2015,11,England_Pakistan_2015-11-26,England,England,Pakistan,True,160
16,MM Ali,Anwar Ali,JM Vince,0,0,0,18,,0,1,2,-,4.0,2,0,,,bat,England,1,Dubai International Cricket Stadium,2015,11,England_Pakistan_2015-11-26,England,England,Pakistan,True,160
17,MM Ali,Anwar Ali,JM Vince,0,0,0,18,,0,2,2,-,5.0,2,0,,,bat,England,1,Dubai International Cricket Stadium,2015,11,England_Pakistan_2015-11-26,England,England,Pakistan,True,160
18,MM Ali,Anwar Ali,JM Vince,0,0,0,18,,0,3,2,-,6.0,2,0,,,bat,England,1,Dubai International Cricket Stadium,2015,11,England_Pakistan_2015-11-26,England,England,Pakistan,True,160
19,JM Vince,Sohail Tanvir,MM Ali,0,0,0,18,,0,1,2,-,1.0,3,0,,,bat,England,1,Dubai International Cricket Stadium,2015,11,England_Pakistan_2015-11-26,England,England,Pakistan,True,160
20,JM Vince,Sohail Tanvir,MM Ali,0,1,1,19,,0,2,2,legbyes,2.0,3,0,,,bat,England,1,Dubai International Cricket Stadium,2015,11,England_Pakistan_2015-11-26,England,England,Pakistan,True,160
21,MM Ali,Sohail Tanvir,JM Vince,0,0,0,19,,0,4,2,-,3.0,3,0,,,bat,England,1,Dubai International Cricket Stadium,2015,11,England_Pakistan_2015-11-26,England,England,Pakistan,True,160
22,MM Ali,Sohail Tanvir,JM Vince,0,0,0,19,,0,5,2,-,4.0,3,0,,,bat,England,1,Dubai International Cricket Stadium,2015,11,England_Pakistan_2015-11-26,England,England,Pakistan,True,160
23,MM Ali,Sohail Tanvir,JM Vince,0,0,0,19,,0,6,3,-,5.0,3,caught,MM Ali,Umar Akmal,bat,England,1,Dubai International Cricket Stadium,2015,11,England_Pakistan_2015-11-26,England,England,Pakistan,True,160
24,EJG Morgan,Sohail Tanvir,JM Vince,0,0,0,19,,0,1,3,-,6.0,3,0,,,bat,England,1,Dubai International Cricket Stadium,2015,11,England_Pakistan_2015-11-26,England,England,Pakistan,True,160
25,JM Vince,Anwar Ali,EJG Morgan,0,0,0,19,,0,3,3,-,1.0,4,0,,,bat,England,1,Dubai International Cricket Stadium,2015,11,England_Pakistan_2015-11-26,England,England,Pakistan,True,160
26,JM Vince,Anwar Ali,EJG Morgan,0,0,0,19,,0,4,3,-,2.0,4,0,,,bat,England,1,Dubai International Cricket Stadium,2015,11,England_Pakistan_2015-11-26,England,England,Pakistan,True,160
27,JM Vince,Anwar Ali,EJG Morgan,1,0,1,20,,1,5,3,-,3.0,4,0,,,bat,England,1,Dubai International Cricket Stadium,2015,11,England_Pakistan_2015-11-26,England,England,Pakistan,True,160
28,EJG Morgan,Anwar Ali,JM Vince,1,0,1,21,,1,2,3,-,4.0,4,0,,,bat,England,1,Dubai International Cricket Stadium,2015,11,England_Pakistan_2015-11-26,England,England,Pakistan,True,160
29,JM Vince,Anwar Ali,EJG Morgan,0,0,0,21,,1,6,3,-,5.0,4,0,,,bat,England,1,Dubai International Cricket Stadium,2015,11,England_Pakistan_2015-11-26,England,England,Pakistan,True,160
30,JM Vince,Anwar Ali,EJG Morgan,4,0,4,25,,5,7,3,-,6.0,4,0,,,bat,England,1,Dubai International Cricket Stadium,2015,11,England_Pakistan_2015-11-26,England,England,Pakistan,True,160
31,EJG Morgan,Wahab Riaz,JM Vince,4,0,4,29,,5,3,3,-,1.0,5,0,,,bat,England,1,Dubai International Cricket Stadium,2015,11,England_Pakistan_2015-11-26,England,England,Pakistan,True,160
32,EJG Morgan,Wahab Riaz,JM Vince,1,0,1,30,,6,4,3,-,2.0,5,0,,,bat,England,1,Dubai International Cricket Stadium,2015,11,England_Pakistan_2015-11-26,England,England,Pakistan,True,160
33,JM Vince,Wahab Riaz,EJG Morgan,4,0,4,34,,9,8,3,-,3.0,5,0,,,bat,England,1,Dubai International Cricket Stadium,2015,11,England_Pakistan_2015-11-26,England,England,Pakistan,True,160
34,JM Vince,Wahab Riaz,EJG Morgan,1,0,1,35,,10,9,3,-,4.0,5,0,,,bat,England,1,Dubai International Cricket Stadium,2015,11,England_Pakistan_2015-11-26,England,England,Pakistan,True,160
35,EJG Morgan,Wahab Riaz,JM Vince,1,0,1,36,,7,5,3,-,5.0,5,0,,,bat,England,1,Dubai International Cricket Stadium,2015,11,England_Pakistan_2015-11-26,England,England,Pakistan,True,160
36,JM Vince,Wahab Riaz,EJG Morgan,4,0,4,40,,14,10,3,-,6.0,5,0,,,bat,England,1,Dubai International Cricket Stadium,2015,11,England_Pakistan_2015-11-26,England,England,Pakistan,True,160
37,EJG Morgan,Shahid Afridi,JM Vince,0,0,0,40,,7,6,3,-,1.0,6,0,,,bat,England,1,Dubai International Cricket Stadium,2015,11,England_Pakistan_2015-11-26,England,England,Pakistan,True,160
38,EJG Morgan,Shahid Afridi,JM Vince,1,0,1,41,,8,7,3,-,2.0,6,0,,,bat,England,1,Dubai International Cricket Stadium,2015,11,England_Pakistan_2015-11-26,England,England,Pakistan,True,160
39,JM Vince,Shahid Afridi,EJG Morgan,0,0,0,41,,14,11,3,-,3.0,6,0,,,bat,England,1,Dubai International Cricket Stadium,2015,11,England_Pakistan_2015-11-26,England,England,Pakistan,True,160
40,JM Vince,Shahid Afridi,EJG Morgan,0,0,0,41,,14,12,3,-,4.0,6,0,,,bat,England,1,Dubai International Cricket Stadium,2015,11,England_Pakistan_2015-11-26,England,England,Pakistan,True,160
41,JM Vince,Shahid Afridi,EJG Morgan,1,0,1,42,,15,13,3,-,5.0,6,0,,,bat,England,1,Dubai International Cricket Stadium,2015,11,England_Pakistan_2015-11-26,England,England,Pakistan,True,160
42,EJG Morgan,Shahid Afridi,JM Vince,1,0,1,43,,9,8,3,-,6.0,6,0,,,bat,England,1,Dubai International Cricket Stadium,2015,11,England_Pakistan_2015-11-26,England,England,Pakistan,True,160
43,EJG Morgan,Imran Khan (1),JM Vince,1,0,1,44,,10,9,3,-,1.0,7,0,,,bat,England,1,Dubai International Cricket Stadium,2015,11,England_Pakistan_2015-11-26,England,England,Pakistan,True,160
44,JM Vince,Imran Khan (1),EJG Morgan,0,0,0,44,,15,14,3,-,2.0,7,0,,,bat,England,1,Dubai International Cricket Stadium,2015,11,England_Pakistan_2015-11-26,England,England,Pakistan,True,160
45,JM Vince,Imran Khan (1),EJG Morgan,0,0,0,44,,15,15,3,-,3.0,7,0,,,bat,England,1,Dubai International Cricket Stadium,2015,11,England_Pakistan_2015-11-26,England,England,Pakistan,True,160
46,JM Vince,Imran Khan (1),EJG Morgan,1,0,1,45,,16,16,3,-,4.0,7,0,,,bat,England,1,Dubai International Cricket Stadium,2015,11,England_Pakistan_2015-11-26,England,England,Pakistan,True,160
47,EJG Morgan,Imran Khan (1),JM Vince,4,0,4,49,,14,10,3,-,5.0,7,0,,,bat,England,1,Dubai International Cricket Stadium,2015,11,England_Pakistan_2015-11-26,England,England,Pakistan,True,160
48,EJG Morgan,Imran Khan (1),JM Vince,0,0,0,49,,14,11,3,-,6.0,7,0,,,bat,England,1,Dubai International Cricket Stadium,2015,11,England_Pakistan_2015-11-26,England,England,Pakistan,True,160
49,JM Vince,Shahid Afridi,EJG Morgan,0,0,0,49,,16,17,3,-,1.0,8,0,,,bat,England,1,Dubai International Cricket Stadium,2015,11,England_Pakistan_2015-11-26,England,England,Pakistan,True,160
50,JM Vince,Shahid Afridi,EJG Morgan,4,0,4,53,,20,18,3,-,2.0,8,0,,,bat,England,1,Dubai International Cricket Stadium,2015,11,England_Pakistan_2015-11-26,England,England,Pakistan,True,160
51,JM Vince,Shahid Afridi,EJG Morgan,1,0,1,54,,21,19,3,-,3.0,8,0,,,bat,England,1,Dubai International Cricket Stadium,2015,11,England_Pakistan_2015-11-26,England,England,Pakistan,True,160
52,EJG Morgan,Shahid Afridi,JM Vince,0,0,0,54,,14,12,3,-,4.0,8,0,,,bat,England,1,Dubai International Cricket Stadium,2015,11,England_Pakistan_2015-11-26,England,England,Pakistan,True,160
53,EJG Morgan,Shahid Afridi,JM Vince,0,0,0,54,,14,13,3,-,5.0,8,0,,,bat,England,1,Dubai International Cricket Stadium,2015,11,England_Pakistan_2015-11-26,England,England,Pakistan,True,160
54,EJG Morgan,Shahid Afridi,JM Vince,2,0,2,56,,16,14,3,-,6.0,8,0,,,bat,England,1,Dubai International Cricket Stadium,2015,11,England_Pakistan_2015-11-26,England,England,Pakistan,True,160
55,JM Vince,Imran Khan (1),EJG Morgan,6,0,6,62,,27,20,3,-,1.0,9,0,,,bat,England,1,Dubai International Cricket Stadium,2015,11,England_Pakistan_2015-11-26,England,England,Pakistan,True,160
56,JM Vince,Imran Khan (1),EJG Morgan,1,0,1,63,,28,21,3,-,2.0,9,0,,,bat,England,1,Dubai International Cricket Stadium,2015,11,England_Pakistan_2015-11-26,England,England,Pakistan,True,160
57,EJG Morgan,Imran Khan (1),JM Vince,1,0,1,64,,17,15,3,-,3.0,9,0,,,bat,England,1,Dubai International Cricket Stadium,2015,11,England_Pakistan_2015-11-26,England,England,Pakistan,True,160
58,JM Vince,Imran Khan (1),EJG Morgan,0,1,1,65,,28,22,3,wides,3.0,9,0,,,bat,England,1,Dubai International Cricket Stadium,2015,11,England_Pakistan_2015-11-26,England,England,Pakistan,True,160
59,JM Vince,Imran Khan (1),EJG Morgan,0,0,0,65,,28,23,3,-,4.0,9,0,,,bat,England,1,Dubai International Cricket Stadium,2015,11,England_Pakistan_2015-11-26,England,England,Pakistan,True,160
60,JM Vince,Imran Khan (1),EJG Morgan,1,0,1,66,,29,24,3,-,5.0,9,0,,,bat,England,1,Dubai International Cricket Stadium,2015,11,England_Pakistan_2015-11-26,England,England,Pakistan,True,160
61,EJG Morgan,Imran Khan (1),JM Vince,1,0,1,67,,18,16,3,-,6.0,9,0,,,bat,England,1,Dubai International Cricket Stadium,2015,11,England_Pakistan_2015-11-26,England,England,Pakistan,True,160
62,EJG Morgan,Shahid Afridi,JM Vince,4,0,4,71,,22,17,3,-,1.0,10,0,,,bat,England,1,Dubai International Cricket Stadium,2015,11,England_Pakistan_2015-11-26,England,England,Pakistan,True,160
63,EJG Morgan,Shahid Afridi,JM Vince,1,0,1,72,,23,18,3,-,2.0,10,0,,,bat,England,1,Dubai International Cricket Stadium,2015,11,England_Pakistan_2015-11-26,England,England,Pakistan,True,160
64,JM Vince,Shahid Afridi,EJG Morgan,0,0,0,72,,29,25,3,-,3.0,10,0,,,bat,England,1,Dubai International Cricket Stadium,2015,11,England_Pakistan_2015-11-26,England,England,Pakistan,True,160
65,JM Vince,Shahid Afridi,EJG Morgan,0,0,0,72,,29,26,3,-,4.0,10,0,,,bat,England,1,Dubai International Cricket Stadium,2015,11,England_Pakistan_2015-11-26,England,England,Pakistan,True,160
66,JM Vince,Shahid Afridi,EJG Morgan,4,0,4,76,,33,27,3,-,5.0,10,0,,,bat,England,1,Dubai International Cricket Stadium,2015,11,England_Pakistan_2015-11-26,England,England,Pakistan,True,160
67,JM Vince,Shahid Afridi,EJG Morgan,1,0,1,77,,34,28,3,-,6.0,10,0,,,bat,England,1,Dubai International Cricket Stadium,2015,11,England_Pakistan_2015-11-26,England,England,Pakistan,True,160
68,JM Vince,Wahab Riaz,EJG Morgan,1,0,1,78,,35,29,3,-,1.0,11,0,,,bat,England,1,Dubai International Cricket Stadium,2015,11,England_Pakistan_2015-11-26,England,England,Pakistan,True,160
69,EJG Morgan,Wahab Riaz,JM Vince,1,0,1,79,,24,19,3,-,2.0,11,0,,,bat,England,1,Dubai International Cricket Stadium,2015,11,England_Pakistan_2015-11-26,England,England,Pakistan,True,160
70,JM Vince,Wahab Riaz,EJG Morgan,0,0,0,79,,35,30,3,-,3.0,11,0,,,bat,England,1,Dubai International Cricket Stadium,2015,11,England_Pakistan_2015-11-26,England,England,Pakistan,True,160
71,JM Vince,Wahab Riaz,EJG Morgan,0,0,0,79,,35,31,3,-,4.0,11,0,,,bat,England,1,Dubai International Cricket Stadium,2015,11,England_Pakistan_2015-11-26,England,England,Pakistan,True,160
72,JM Vince,Wahab Riaz,EJG Morgan,0,0,0,79,,35,32,3,-,5.0,11,0,,,bat,England,1,Dubai International Cricket Stadium,2015,11,England_Pakistan_2015-11-26,England,England,Pakistan,True,160
73,JM Vince,Wahab Riaz,EJG Morgan,1,0,1,80,,36,33,3,-,6.0,11,0,,,bat,England,1,Dubai International Cricket Stadium,2015,11,England_Pakistan_2015-11-26,England,England,Pakistan,True,160
74,JM Vince,Shahid Afridi,EJG Morgan,0,1,1,81,,36,34,3,legbyes,1.0,12,0,,,bat,England,1,Dubai International Cricket Stadium,2015,11,England_Pakistan_2015-11-26,England,England,Pakistan,True,160
75,EJG Morgan,Shahid Afridi,JM Vince,6,0,6,87,,30,20,3,-,2.0,12,0,,,bat,England,1,Dubai International Cricket Stadium,2015,11,England_Pakistan_2015-11-26,England,England,Pakistan,True,160
76,EJG Morgan,Shahid Afridi,JM Vince,1,0,1,88,,31,21,3,-,3.0,12,0,,,bat,England,1,Dubai International Cricket Stadium,2015,11,England_Pakistan_2015-11-26,England,England,Pakistan,True,160
77,JM Vince,Shahid Afridi,EJG Morgan,4,0,4,92,,40,35,3,-,4.0,12,0,,,bat,England,1,Dubai International Cricket Stadium,2015,11,England_Pakistan_2015-11-26,England,England,Pakistan,True,160
78,JM Vince,Shahid Afridi,EJG Morgan,1,0,1,93,,41,36,3,-,5.0,12,0,,,bat,England,1,Dubai International Cricket Stadium,2015,11,England_Pakistan_2015-11-26,England,England,Pakistan,True,160
79,EJG Morgan,Shahid Afridi,JM Vince,1,0,1,94,,32,22,3,-,6.0,12,0,,,bat,England,1,Dubai International Cricket Stadium,2015,11,England_Pakistan_2015-11-26,England,England,Pakistan,True,160
80,EJG Morgan,Wahab Riaz,JM Vince,0,0,0,94,,32,23,3,-,1.0,13,0,,,bat,England,1,Dubai International Cricket Stadium,2015,11,England_Pakistan_2015-11-26,England,England,Pakistan,True,160
81,EJG Morgan,Wahab Riaz,JM Vince,0,0,0,94,,32,24,3,-,2.0,13,0,,,bat,England,1,Dubai International Cricket Stadium,2015,11,England_Pakistan_2015-11-26,England,England,Pakistan,True,160
82,EJG Morgan,Wahab Riaz,JM Vince,0,0,0,94,,32,25,3,-,3.0,13,0,,,bat,England,1,Dubai International Cricket Stadium,2015,11,England_Pakistan_2015-11-26,England,England,Pakistan,True,160
83,EJG Morgan,Wahab Riaz,JM Vince,0,0,0,94,,32,26,3,-,4.0,13,0,,,bat,England,1,Dubai International Cricket Stadium,2015,11,England_Pakistan_2015-11-26,England,England,Pakistan,True,160
84,EJG Morgan,Wahab Riaz,JM Vince,1,0,1,95,,33,27,3,-,5.0,13,0,,,bat,England,1,Dubai International Cricket Stadium,2015,11,England_Pakistan_2015-11-26,England,England,Pakistan,True,160
85,JM Vince,Wahab Riaz,EJG Morgan,0,0,0,95,,41,37,4,-,6.0,13,bowled,JM Vince,,bat,England,1,Dubai International Cricket Stadium,2015,11,England_Pakistan_2015-11-26,England,England,Pakistan,True,160
86,EJG Morgan,Imran Khan (1),SW Billings,1,0,1,96,,34,28,4,-,1.0,14,0,,,bat,England,1,Dubai International Cricket Stadium,2015,11,England_Pakistan_2015-11-26,England,England,Pakistan,True,160
87,SW Billings,Imran Khan (1),EJG Morgan,1,0,1,97,,1,1,4,-,2.0,14,0,,,bat,England,1,Dubai International Cricket Stadium,2015,11,England_Pakistan_2015-11-26,England,England,Pakistan,True,160
88,EJG Morgan,Imran Khan (1),SW Billings,1,0,1,98,,35,29,4,-,3.0,14,0,,,bat,England,1,Dubai International Cricket Stadium,2015,11,England_Pakistan_2015-11-26,England,England,Pakistan,True,160
89,SW Billings,Imran Khan (1),EJG Morgan,1,0,1,99,,2,2,4,-,4.0,14,0,,,bat,England,1,Dubai International Cricket Stadium,2015,11,England_Pakistan_2015-11-26,England,England,Pakistan,True,160
90,EJG Morgan,Imran Khan (1),SW Billings,1,0,1,100,,36,30,4,-,5.0,14,0,,,bat,England,1,Dubai International Cricket Stadium,2015,11,England_Pakistan_2015-11-26,England,England,Pakistan,True,160
91,SW Billings,Imran Khan (1),EJG Morgan,1,0,1,101,,3,3,4,-,6.0,14,0,,,bat,England,1,Dubai International Cricket Stadium,2015,11,England_Pakistan_2015-11-26,England,England,Pakistan,True,160
92,SW Billings,Sohail Tanvir,EJG Morgan,0,0,0,101,,3,4,4,-,1.0,15,0,,,bat,England,1,Dubai International Cricket Stadium,2015,11,England_Pakistan_2015-11-26,England,England,Pakistan,True,160
93,SW Billings,Sohail Tanvir,EJG Morgan,2,0,2,103,,5,5,4,-,2.0,15,0,,,bat,England,1,Dubai International Cricket Stadium,2015,11,England_Pakistan_2015-11-26,England,England,Pakistan,True,160
94,SW Billings,Sohail Tanvir,EJG Morgan,4,0,4,107,,9,6,4,-,3.0,15,0,,,bat,England,1,Dubai International Cricket Stadium,2015,11,England_Pakistan_2015-11-26,England,England,Pakistan,True,160
95,SW Billings,Sohail Tanvir,EJG Morgan,1,0,1,108,,10,7,4,-,4.0,15,0,,,bat,England,1,Dubai International Cricket Stadium,2015,11,England_Pakistan_2015-11-26,England,England,Pakistan,True,160
96,EJG Morgan,Sohail Tanvir,SW Billings,1,0,1,109,,37,31,4,-,5.0,15,0,,,bat,England,1,Dubai International Cricket Stadium,2015,11,England_Pakistan_2015-11-26,England,England,Pakistan,True,160
97,SW Billings,Sohail Tanvir,EJG Morgan,4,0,4,113,,14,8,4,-,6.0,15,0,,,bat,England,1,Dubai International Cricket Stadium,2015,11,England_Pakistan_2015-11-26,England,England,Pakistan,True,160
98,EJG Morgan,Anwar Ali,SW Billings,1,0,1,114,,38,32,4,-,1.0,16,0,,,bat,England,1,Dubai International Cricket Stadium,2015,11,England_Pakistan_2015-11-26,England,England,Pakistan,True,160
99,SW Billings,Anwar Ali,EJG Morgan,0,0,0,114,,14,9,4,-,2.0,16,0,,,bat,England,1,Dubai International Cricket Stadium,2015,11,England_Pakistan_2015-11-26,England,England,Pakistan,True,160
100,SW Billings,Anwar Ali,EJG Morgan,2,0,2,116,,16,10,4,-,3.0,16,0,,,bat,England,1,Dubai International Cricket Stadium,2015,11,England_Pakistan_2015-11-26,England,England,Pakistan,True,160
101,SW Billings,Anwar Ali,EJG Morgan,1,0,1,117,,17,11,4,-,4.0,16,0,,,bat,England,1,Dubai International Cricket Stadium,2015,11,England_Pakistan_2015-11-26,England,England,Pakistan,True,160
102,EJG Morgan,Anwar Ali,SW Billings,1,0,1,118,,39,33,4,-,5.0,16,0,,,bat,England,1,Dubai International Cricket Stadium,2015,11,England_Pakistan_2015-11-26,England,England,Pakistan,True,160
103,SW Billings,Anwar Ali,EJG Morgan,1,0,1,119,,18,12,4,-,6.0,16,0,,,bat,England,1,Dubai International Cricket Stadium,2015,11,England_Pakistan_2015-11-26,England,England,Pakistan,True,160
104,SW Billings,Imran Khan (1),EJG Morgan,4,0,4,123,,22,13,4,-,1.0,17,0,,,bat,England,1,Dubai International Cricket Stadium,2015,11,England_Pakistan_2015-11-26,England,England,Pakistan,True,160
105,SW Billings,Imran Khan (1),EJG Morgan,4,0,4,127,,26,14,4,-,2.0,17,0,,,bat,England,1,Dubai International Cricket Stadium,2015,11,England_Pakistan_2015-11-26,England,England,Pakistan,True,160
106,SW Billings,Imran Khan (1),EJG Morgan,6,0,6,133,,32,15,4,-,3.0,17,0,,,bat,England,1,Dubai International Cricket Stadium,2015,11,England_Pakistan_2015-11-26,England,England,Pakistan,True,160
107,SW Billings,Imran Khan (1),EJG Morgan,2,0,2,135,,34,16,4,-,4.0,17,0,,,bat,England,1,Dubai International Cricket Stadium,2015,11,England_Pakistan_2015-11-26,England,England,Pakistan,True,160
108,SW Billings,Imran Khan (1),EJG Morgan,1,0,1,136,,35,17,4,-,5.0,17,0,,,bat,England,1,Dubai International Cricket Stadium,2015,11,England_Pakistan_2015-11-26,England,England,Pakistan,True,160
109,EJG Morgan,Imran Khan (1),SW Billings,2,0,2,138,,41,34,4,-,6.0,17,0,,,bat,England,1,Dubai International Cricket Stadium,2015,11,England_Pakistan_2015-11-26,England,England,Pakistan,True,160
110,SW Billings,Wahab Riaz,EJG Morgan,4,0,4,142,,39,18,4,-,1.0,18,0,,,bat,England,1,Dubai International Cricket Stadium,2015,11,England_Pakistan_2015-11-26,England,England,Pakistan,True,160
111,SW Billings,Wahab Riaz,EJG Morgan,6,0,6,148,,45,19,4,-,2.0,18,0,,,bat,England,1,Dubai International Cricket Stadium,2015,11,England_Pakistan_2015-11-26,England,England,Pakistan,True,160
112,SW Billings,Wahab Riaz,EJG Morgan,0,0,0,148,,45,20,4,-,3.0,18,0,,,bat,England,1,Dubai International Cricket Stadium,2015,11,England_Pakistan_2015-11-26,England,England,Pakistan,True,160
113,SW Billings,Wahab Riaz,EJG Morgan,0,0,0,148,,45,21,4,-,4.0,18,0,,,bat,England,1,Dubai International Cricket Stadium,2015,11,England_Pakistan_2015-11-26,England,England,Pakistan,True,160
114,SW Billings,Wahab Riaz,EJG Morgan,2,0,2,150,,47,22,4,-,5.0,18,0,,,bat,England,1,Dubai International Cricket Stadium,2015,11,England_Pakistan_2015-11-26,England,England,Pakistan,True,160
115,SW Billings,Wahab Riaz,EJG Morgan,2,0,2,152,,49,23,4,-,6.0,18,0,,,bat,England,1,Dubai International Cricket Stadium,2015,11,England_Pakistan_2015-11-26,England,England,Pakistan,True,160
116,EJG Morgan,Sohail Tanvir,SW Billings,1,0,1,153,,42,35,4,-,1.0,19,0,,,bat,England,1,Dubai International Cricket Stadium,2015,11,England_Pakistan_2015-11-26,England,England,Pakistan,True,160
117,SW Billings,Sohail Tanvir,EJG Morgan,1,0,1,154,,50,24,4,-,2.0,19,0,,,bat,England,1,Dubai International Cricket Stadium,2015,11,England_Pakistan_2015-11-26,England,England,Pakistan,True,160
118,EJG Morgan,Sohail Tanvir,SW Billings,1,0,1,155,,43,36,4,-,3.0,19,0,,,bat,England,1,Dubai International Cricket Stadium,2015,11,England_Pakistan_2015-11-26,England,England,Pakistan,True,160
119,SW Billings,Sohail Tanvir,EJG Morgan,3,0,3,158,,53,25,4,-,4.0,19,0,,,bat,England,1,Dubai International Cricket Stadium,2015,11,England_Pakistan_2015-11-26,England,England,Pakistan,True,160
120,EJG Morgan,Sohail Tanvir,SW Billings,2,0,2,160,,45,37,4,-,5.0,19,0,,,bat,England,1,Dubai International Cricket Stadium,2015,11,England_Pakistan_2015-11-26,England,England,Pakistan,True,160
121,EJG Morgan,Sohail Tanvir,SW Billings,0,0,0,160,,45,38,5,-,6.0,19,run out,SW Billings,Sarfraz Ahmed,bat,England,1,Dubai International Cricket Stadium,2015,11,England_Pakistan_2015-11-26,England,England,Pakistan,True,160
