,batter,bowler,non_striker,runs_by_bat,extra_runs,total,team_total,runs_remain,batter_runs,balls_faced,wickets_fallen,delivery,wicket_type,player_out,fielder,over,extra_type,toss_decision,toss_winner,innings,venue,year,month,match_id,winning_team,batting_team,bowling_team
0,Tamim Iqbal,T Panyangara,Anamul Haque,0,0,0,0,131,0,1,0,1,0,,,1,-,field,Bangladesh,2,Shere Bangla National Stadium,2015,11,Bangladesh_Zimbabwe_2015-11-13,Bangladesh,Bangladesh,Zimbabwe
1,Tamim Iqbal,T Panyangara,Anamul Haque,4,0,4,4,127,4,2,0,2,0,,,1,-,field,Bangladesh,2,Shere Bangla National Stadium,2015,11,Bangladesh_Zimbabwe_2015-11-13,Bangladesh,Bangladesh,Zimbabwe
2,Tamim Iqbal,T Panyangara,Anamul Haque,1,0,1,5,126,5,3,0,3,0,,,1,-,field,Bangladesh,2,Shere Bangla National Stadium,2015,11,Bangladesh_Zimbabwe_2015-11-13,Bangladesh,Bangladesh,Zimbabwe
3,Anamul Haque,T Panyangara,Tamim Iqbal,0,0,0,5,126,0,1,0,4,0,,,1,-,field,Bangladesh,2,Shere Bangla National Stadium,2015,11,Bangladesh_Zimbabwe_2015-11-13,Bangladesh,Bangladesh,Zimbabwe
4,Anamul Haque,T Panyangara,Tamim Iqbal,1,0,1,6,125,1,2,0,5,0,,,1,-,field,Bangladesh,2,Shere Bangla National Stadium,2015,11,Bangladesh_Zimbabwe_2015-11-13,Bangladesh,Bangladesh,Zimbabwe
5,Tamim Iqbal,T Panyangara,Anamul Haque,0,0,0,6,125,5,4,1,6,run out,Anamul Haque,Sikandar Raza;RW Chakabva,1,-,field,Bangladesh,2,Shere Bangla National Stadium,2015,11,Bangladesh_Zimbabwe_2015-11-13,Bangladesh,Bangladesh,Zimbabwe
6,Tamim Iqbal,N Madziva,Sabbir Rahman,1,0,1,7,124,6,5,1,1,0,,,2,-,field,Bangladesh,2,Shere Bangla National Stadium,2015,11,Bangladesh_Zimbabwe_2015-11-13,Bangladesh,Bangladesh,Zimbabwe
7,Sabbir Rahman,N Madziva,Tamim Iqbal,0,5,5,12,119,0,1,1,2,0,,,2,wides,field,Bangladesh,2,Shere Bangla National Stadium,2015,11,Bangladesh_Zimbabwe_2015-11-13,Bangladesh,Bangladesh,Zimbabwe
8,Sabbir Rahman,N Madziva,Tamim Iqbal,0,0,0,12,119,0,2,1,3,0,,,2,-,field,Bangladesh,2,Shere Bangla National Stadium,2015,11,Bangladesh_Zimbabwe_2015-11-13,Bangladesh,Bangladesh,Zimbabwe
9,Sabbir Rahman,N Madziva,Tamim Iqbal,4,0,4,16,115,4,3,1,4,0,,,2,-,field,Bangladesh,2,Shere Bangla National Stadium,2015,11,Bangladesh_Zimbabwe_2015-11-13,Bangladesh,Bangladesh,Zimbabwe
10,Sabbir Rahman,N Madziva,Tamim Iqbal,0,0,0,16,115,4,4,1,5,0,,,2,-,field,Bangladesh,2,Shere Bangla National Stadium,2015,11,Bangladesh_Zimbabwe_2015-11-13,Bangladesh,Bangladesh,Zimbabwe
11,Sabbir Rahman,N Madziva,Tamim Iqbal,1,0,1,17,114,5,5,1,6,0,,,2,-,field,Bangladesh,2,Shere Bangla National Stadium,2015,11,Bangladesh_Zimbabwe_2015-11-13,Bangladesh,Bangladesh,Zimbabwe
12,Tamim Iqbal,N Madziva,Sabbir Rahman,0,0,0,17,114,6,6,1,7,0,,,2,-,field,Bangladesh,2,Shere Bangla National Stadium,2015,11,Bangladesh_Zimbabwe_2015-11-13,Bangladesh,Bangladesh,Zimbabwe
13,Sabbir Rahman,T Panyangara,Tamim Iqbal,0,0,0,17,114,5,6,1,1,0,,,3,-,field,Bangladesh,2,Shere Bangla National Stadium,2015,11,Bangladesh_Zimbabwe_2015-11-13,Bangladesh,Bangladesh,Zimbabwe
14,Sabbir Rahman,T Panyangara,Tamim Iqbal,4,0,4,21,110,9,7,1,2,0,,,3,-,field,Bangladesh,2,Shere Bangla National Stadium,2015,11,Bangladesh_Zimbabwe_2015-11-13,Bangladesh,Bangladesh,Zimbabwe
15,Sabbir Rahman,T Panyangara,Tamim Iqbal,1,0,1,22,109,10,8,1,3,0,,,3,-,field,Bangladesh,2,Shere Bangla National Stadium,2015,11,Bangladesh_Zimbabwe_2015-11-13,Bangladesh,Bangladesh,Zimbabwe
16,Tamim Iqbal,T Panyangara,Sabbir Rahman,0,0,0,22,109,6,7,1,4,0,,,3,-,field,Bangladesh,2,Shere Bangla National Stadium,2015,11,Bangladesh_Zimbabwe_2015-11-13,Bangladesh,Bangladesh,Zimbabwe
17,Tamim Iqbal,T Panyangara,Sabbir Rahman,0,0,0,22,109,6,8,1,5,0,,,3,-,field,Bangladesh,2,Shere Bangla National Stadium,2015,11,Bangladesh_Zimbabwe_2015-11-13,Bangladesh,Bangladesh,Zimbabwe
18,Tamim Iqbal,T Panyangara,Sabbir Rahman,0,0,0,22,109,6,9,1,6,0,,,3,-,field,Bangladesh,2,Shere Bangla National Stadium,2015,11,Bangladesh_Zimbabwe_2015-11-13,Bangladesh,Bangladesh,Zimbabwe
19,Sabbir Rahman,N Madziva,Tamim Iqbal,1,0,1,23,108,11,9,1,1,0,,,4,-,field,Bangladesh,2,Shere Bangla National Stadium,2015,11,Bangladesh_Zimbabwe_2015-11-13,Bangladesh,Bangladesh,Zimbabwe
20,Tamim Iqbal,N Madziva,Sabbir Rahman,0,1,1,24,107,6,10,1,2,0,,,4,wides,field,Bangladesh,2,Shere Bangla National Stadium,2015,11,Bangladesh_Zimbabwe_2015-11-13,Bangladesh,Bangladesh,Zimbabwe
21,Tamim Iqbal,N Madziva,Sabbir Rahman,1,0,1,25,106,7,11,1,3,0,,,4,-,field,Bangladesh,2,Shere Bangla National Stadium,2015,11,Bangladesh_Zimbabwe_2015-11-13,Bangladesh,Bangladesh,Zimbabwe
22,Sabbir Rahman,N Madziva,Tamim Iqbal,1,0,1,26,105,12,10,1,4,0,,,4,-,field,Bangladesh,2,Shere Bangla National Stadium,2015,11,Bangladesh_Zimbabwe_2015-11-13,Bangladesh,Bangladesh,Zimbabwe
23,Tamim Iqbal,N Madziva,Sabbir Rahman,0,0,0,26,105,7,12,1,5,0,,,4,-,field,Bangladesh,2,Shere Bangla National Stadium,2015,11,Bangladesh_Zimbabwe_2015-11-13,Bangladesh,Bangladesh,Zimbabwe
24,Tamim Iqbal,N Madziva,Sabbir Rahman,1,0,1,27,104,8,13,1,6,0,,,4,-,field,Bangladesh,2,Shere Bangla National Stadium,2015,11,Bangladesh_Zimbabwe_2015-11-13,Bangladesh,Bangladesh,Zimbabwe
25,Sabbir Rahman,N Madziva,Tamim Iqbal,1,0,1,28,103,13,11,1,7,0,,,4,-,field,Bangladesh,2,Shere Bangla National Stadium,2015,11,Bangladesh_Zimbabwe_2015-11-13,Bangladesh,Bangladesh,Zimbabwe
26,Sabbir Rahman,LM Jongwe,Tamim Iqbal,0,0,0,28,103,13,12,1,1,0,,,5,-,field,Bangladesh,2,Shere Bangla National Stadium,2015,11,Bangladesh_Zimbabwe_2015-11-13,Bangladesh,Bangladesh,Zimbabwe
27,Sabbir Rahman,LM Jongwe,Tamim Iqbal,0,0,0,28,103,13,13,1,2,0,,,5,-,field,Bangladesh,2,Shere Bangla National Stadium,2015,11,Bangladesh_Zimbabwe_2015-11-13,Bangladesh,Bangladesh,Zimbabwe
28,Sabbir Rahman,LM Jongwe,Tamim Iqbal,4,0,4,32,99,17,14,1,3,0,,,5,-,field,Bangladesh,2,Shere Bangla National Stadium,2015,11,Bangladesh_Zimbabwe_2015-11-13,Bangladesh,Bangladesh,Zimbabwe
29,Sabbir Rahman,LM Jongwe,Tamim Iqbal,1,0,1,33,98,18,15,1,4,0,,,5,-,field,Bangladesh,2,Shere Bangla National Stadium,2015,11,Bangladesh_Zimbabwe_2015-11-13,Bangladesh,Bangladesh,Zimbabwe
30,Tamim Iqbal,LM Jongwe,Sabbir Rahman,4,0,4,37,94,12,14,1,5,0,,,5,-,field,Bangladesh,2,Shere Bangla National Stadium,2015,11,Bangladesh_Zimbabwe_2015-11-13,Bangladesh,Bangladesh,Zimbabwe
31,Tamim Iqbal,LM Jongwe,Sabbir Rahman,4,0,4,41,90,16,15,1,6,0,,,5,-,field,Bangladesh,2,Shere Bangla National Stadium,2015,11,Bangladesh_Zimbabwe_2015-11-13,Bangladesh,Bangladesh,Zimbabwe
32,Sabbir Rahman,TS Chisoro,Tamim Iqbal,0,4,4,45,86,18,16,1,1,0,,,6,legbyes,field,Bangladesh,2,Shere Bangla National Stadium,2015,11,Bangladesh_Zimbabwe_2015-11-13,Bangladesh,Bangladesh,Zimbabwe
33,Sabbir Rahman,TS Chisoro,Tamim Iqbal,0,0,0,45,86,18,17,2,2,caught,Sabbir Rahman,CR Ervine,6,-,field,Bangladesh,2,Shere Bangla National Stadium,2015,11,Bangladesh_Zimbabwe_2015-11-13,Bangladesh,Bangladesh,Zimbabwe
34,Mushfiqur Rahim,TS Chisoro,Tamim Iqbal,0,0,0,45,86,0,1,2,3,0,,,6,-,field,Bangladesh,2,Shere Bangla National Stadium,2015,11,Bangladesh_Zimbabwe_2015-11-13,Bangladesh,Bangladesh,Zimbabwe
35,Mushfiqur Rahim,TS Chisoro,Tamim Iqbal,0,0,0,45,86,0,2,2,4,0,,,6,-,field,Bangladesh,2,Shere Bangla National Stadium,2015,11,Bangladesh_Zimbabwe_2015-11-13,Bangladesh,Bangladesh,Zimbabwe
36,Mushfiqur Rahim,TS Chisoro,Tamim Iqbal,1,0,1,46,85,1,3,2,5,0,,,6,-,field,Bangladesh,2,Shere Bangla National Stadium,2015,11,Bangladesh_Zimbabwe_2015-11-13,Bangladesh,Bangladesh,Zimbabwe
37,Tamim Iqbal,TS Chisoro,Mushfiqur Rahim,1,0,1,47,84,17,16,2,6,0,,,6,-,field,Bangladesh,2,Shere Bangla National Stadium,2015,11,Bangladesh_Zimbabwe_2015-11-13,Bangladesh,Bangladesh,Zimbabwe
38,Tamim Iqbal,AG Cremer,Mushfiqur Rahim,0,0,0,47,84,17,17,2,1,0,,,7,-,field,Bangladesh,2,Shere Bangla National Stadium,2015,11,Bangladesh_Zimbabwe_2015-11-13,Bangladesh,Bangladesh,Zimbabwe
39,Tamim Iqbal,AG Cremer,Mushfiqur Rahim,3,0,3,50,81,20,18,2,2,0,,,7,-,field,Bangladesh,2,Shere Bangla National Stadium,2015,11,Bangladesh_Zimbabwe_2015-11-13,Bangladesh,Bangladesh,Zimbabwe
40,Mushfiqur Rahim,AG Cremer,Tamim Iqbal,1,0,1,51,80,2,4,2,3,0,,,7,-,field,Bangladesh,2,Shere Bangla National Stadium,2015,11,Bangladesh_Zimbabwe_2015-11-13,Bangladesh,Bangladesh,Zimbabwe
41,Tamim Iqbal,AG Cremer,Mushfiqur Rahim,2,0,2,53,78,22,19,2,4,0,,,7,-,field,Bangladesh,2,Shere Bangla National Stadium,2015,11,Bangladesh_Zimbabwe_2015-11-13,Bangladesh,Bangladesh,Zimbabwe
42,Tamim Iqbal,AG Cremer,Mushfiqur Rahim,1,0,1,54,77,23,20,2,5,0,,,7,-,field,Bangladesh,2,Shere Bangla National Stadium,2015,11,Bangladesh_Zimbabwe_2015-11-13,Bangladesh,Bangladesh,Zimbabwe
43,Mushfiqur Rahim,AG Cremer,Tamim Iqbal,0,0,0,54,77,2,5,3,6,caught,Mushfiqur Rahim,Sikandar Raza,7,-,field,Bangladesh,2,Shere Bangla National Stadium,2015,11,Bangladesh_Zimbabwe_2015-11-13,Bangladesh,Bangladesh,Zimbabwe
44,Tamim Iqbal,TS Chisoro,Nasir Hossain,1,0,1,55,76,24,21,3,1,0,,,8,-,field,Bangladesh,2,Shere Bangla National Stadium,2015,11,Bangladesh_Zimbabwe_2015-11-13,Bangladesh,Bangladesh,Zimbabwe
45,Nasir Hossain,TS Chisoro,Tamim Iqbal,0,0,0,55,76,0,1,3,2,0,,,8,-,field,Bangladesh,2,Shere Bangla National Stadium,2015,11,Bangladesh_Zimbabwe_2015-11-13,Bangladesh,Bangladesh,Zimbabwe
46,Nasir Hossain,TS Chisoro,Tamim Iqbal,1,0,1,56,75,1,2,3,3,0,,,8,-,field,Bangladesh,2,Shere Bangla National Stadium,2015,11,Bangladesh_Zimbabwe_2015-11-13,Bangladesh,Bangladesh,Zimbabwe
47,Tamim Iqbal,TS Chisoro,Nasir Hossain,1,0,1,57,74,25,22,3,4,0,,,8,-,field,Bangladesh,2,Shere Bangla National Stadium,2015,11,Bangladesh_Zimbabwe_2015-11-13,Bangladesh,Bangladesh,Zimbabwe
48,Nasir Hossain,TS Chisoro,Tamim Iqbal,1,0,1,58,73,2,3,3,5,0,,,8,-,field,Bangladesh,2,Shere Bangla National Stadium,2015,11,Bangladesh_Zimbabwe_2015-11-13,Bangladesh,Bangladesh,Zimbabwe
49,Tamim Iqbal,TS Chisoro,Nasir Hossain,1,0,1,59,72,26,23,3,6,0,,,8,-,field,Bangladesh,2,Shere Bangla National Stadium,2015,11,Bangladesh_Zimbabwe_2015-11-13,Bangladesh,Bangladesh,Zimbabwe
50,Tamim Iqbal,AG Cremer,Nasir Hossain,2,0,2,61,70,28,24,3,1,0,,,9,-,field,Bangladesh,2,Shere Bangla National Stadium,2015,11,Bangladesh_Zimbabwe_2015-11-13,Bangladesh,Bangladesh,Zimbabwe
51,Tamim Iqbal,AG Cremer,Nasir Hossain,1,0,1,62,69,29,25,3,2,0,,,9,-,field,Bangladesh,2,Shere Bangla National Stadium,2015,11,Bangladesh_Zimbabwe_2015-11-13,Bangladesh,Bangladesh,Zimbabwe
52,Nasir Hossain,AG Cremer,Tamim Iqbal,1,0,1,63,68,3,4,3,3,0,,,9,-,field,Bangladesh,2,Shere Bangla National Stadium,2015,11,Bangladesh_Zimbabwe_2015-11-13,Bangladesh,Bangladesh,Zimbabwe
53,Tamim Iqbal,AG Cremer,Nasir Hossain,0,1,1,64,67,29,26,3,4,0,,,9,wides,field,Bangladesh,2,Shere Bangla National Stadium,2015,11,Bangladesh_Zimbabwe_2015-11-13,Bangladesh,Bangladesh,Zimbabwe
54,Tamim Iqbal,AG Cremer,Nasir Hossain,0,0,0,64,67,29,27,3,5,0,,,9,-,field,Bangladesh,2,Shere Bangla National Stadium,2015,11,Bangladesh_Zimbabwe_2015-11-13,Bangladesh,Bangladesh,Zimbabwe
55,Tamim Iqbal,AG Cremer,Nasir Hossain,1,0,1,65,66,30,28,3,6,0,,,9,-,field,Bangladesh,2,Shere Bangla National Stadium,2015,11,Bangladesh_Zimbabwe_2015-11-13,Bangladesh,Bangladesh,Zimbabwe
56,Nasir Hossain,AG Cremer,Tamim Iqbal,1,0,1,66,65,4,5,3,7,0,,,9,-,field,Bangladesh,2,Shere Bangla National Stadium,2015,11,Bangladesh_Zimbabwe_2015-11-13,Bangladesh,Bangladesh,Zimbabwe
57,Nasir Hossain,SC Williams,Tamim Iqbal,6,0,6,72,59,10,6,3,1,0,,,10,-,field,Bangladesh,2,Shere Bangla National Stadium,2015,11,Bangladesh_Zimbabwe_2015-11-13,Bangladesh,Bangladesh,Zimbabwe
58,Nasir Hossain,SC Williams,Tamim Iqbal,1,0,1,73,58,11,7,3,2,0,,,10,-,field,Bangladesh,2,Shere Bangla National Stadium,2015,11,Bangladesh_Zimbabwe_2015-11-13,Bangladesh,Bangladesh,Zimbabwe
59,Tamim Iqbal,SC Williams,Nasir Hossain,1,0,1,74,57,31,29,3,3,0,,,10,-,field,Bangladesh,2,Shere Bangla National Stadium,2015,11,Bangladesh_Zimbabwe_2015-11-13,Bangladesh,Bangladesh,Zimbabwe
60,Nasir Hossain,SC Williams,Tamim Iqbal,0,0,0,74,57,11,8,3,4,0,,,10,-,field,Bangladesh,2,Shere Bangla National Stadium,2015,11,Bangladesh_Zimbabwe_2015-11-13,Bangladesh,Bangladesh,Zimbabwe
61,Nasir Hossain,SC Williams,Tamim Iqbal,0,0,0,74,57,11,9,3,5,0,,,10,-,field,Bangladesh,2,Shere Bangla National Stadium,2015,11,Bangladesh_Zimbabwe_2015-11-13,Bangladesh,Bangladesh,Zimbabwe
62,Nasir Hossain,SC Williams,Tamim Iqbal,1,0,1,75,56,12,10,3,6,0,,,10,-,field,Bangladesh,2,Shere Bangla National Stadium,2015,11,Bangladesh_Zimbabwe_2015-11-13,Bangladesh,Bangladesh,Zimbabwe
63,Nasir Hossain,AG Cremer,Tamim Iqbal,4,0,4,79,52,16,11,3,1,0,,,11,-,field,Bangladesh,2,Shere Bangla National Stadium,2015,11,Bangladesh_Zimbabwe_2015-11-13,Bangladesh,Bangladesh,Zimbabwe
64,Nasir Hossain,AG Cremer,Tamim Iqbal,0,0,0,79,52,16,12,4,2,lbw,Nasir Hossain,,11,-,field,Bangladesh,2,Shere Bangla National Stadium,2015,11,Bangladesh_Zimbabwe_2015-11-13,Bangladesh,Bangladesh,Zimbabwe
65,Mahmudullah,AG Cremer,Tamim Iqbal,0,0,0,79,52,0,1,4,3,0,,,11,-,field,Bangladesh,2,Shere Bangla National Stadium,2015,11,Bangladesh_Zimbabwe_2015-11-13,Bangladesh,Bangladesh,Zimbabwe
66,Mahmudullah,AG Cremer,Tamim Iqbal,1,0,1,80,51,1,2,4,4,0,,,11,-,field,Bangladesh,2,Shere Bangla National Stadium,2015,11,Bangladesh_Zimbabwe_2015-11-13,Bangladesh,Bangladesh,Zimbabwe
67,Tamim Iqbal,AG Cremer,Mahmudullah,0,0,0,80,51,31,30,5,5,lbw,Tamim Iqbal,,11,-,field,Bangladesh,2,Shere Bangla National Stadium,2015,11,Bangladesh_Zimbabwe_2015-11-13,Bangladesh,Bangladesh,Zimbabwe
68,Liton Das,AG Cremer,Mahmudullah,0,0,0,80,51,0,1,5,6,0,,,11,-,field,Bangladesh,2,Shere Bangla National Stadium,2015,11,Bangladesh_Zimbabwe_2015-11-13,Bangladesh,Bangladesh,Zimbabwe
69,Mahmudullah,SC Williams,Liton Das,0,0,0,80,51,1,3,5,1,0,,,12,-,field,Bangladesh,2,Shere Bangla National Stadium,2015,11,Bangladesh_Zimbabwe_2015-11-13,Bangladesh,Bangladesh,Zimbabwe
70,Mahmudullah,SC Williams,Liton Das,0,0,0,80,51,1,4,5,2,0,,,12,-,field,Bangladesh,2,Shere Bangla National Stadium,2015,11,Bangladesh_Zimbabwe_2015-11-13,Bangladesh,Bangladesh,Zimbabwe
71,Mahmudullah,SC Williams,Liton Das,2,0,2,82,49,3,5,5,3,0,,,12,-,field,Bangladesh,2,Shere Bangla National Stadium,2015,11,Bangladesh_Zimbabwe_2015-11-13,Bangladesh,Bangladesh,Zimbabwe
72,Mahmudullah,SC Williams,Liton Das,1,0,1,83,48,4,6,5,4,0,,,12,-,field,Bangladesh,2,Shere Bangla National Stadium,2015,11,Bangladesh_Zimbabwe_2015-11-13,Bangladesh,Bangladesh,Zimbabwe
73,Liton Das,SC Williams,Mahmudullah,1,0,1,84,47,1,2,5,5,0,,,12,-,field,Bangladesh,2,Shere Bangla National Stadium,2015,11,Bangladesh_Zimbabwe_2015-11-13,Bangladesh,Bangladesh,Zimbabwe
74,Mahmudullah,SC Williams,Liton Das,2,0,2,86,45,6,7,5,6,0,,,12,-,field,Bangladesh,2,Shere Bangla National Stadium,2015,11,Bangladesh_Zimbabwe_2015-11-13,Bangladesh,Bangladesh,Zimbabwe
75,Liton Das,AG Cremer,Mahmudullah,1,0,1,87,44,2,3,5,1,0,,,13,-,field,Bangladesh,2,Shere Bangla National Stadium,2015,11,Bangladesh_Zimbabwe_2015-11-13,Bangladesh,Bangladesh,Zimbabwe
76,Mahmudullah,AG Cremer,Liton Das,1,0,1,88,43,7,8,5,2,0,,,13,-,field,Bangladesh,2,Shere Bangla National Stadium,2015,11,Bangladesh_Zimbabwe_2015-11-13,Bangladesh,Bangladesh,Zimbabwe
77,Liton Das,AG Cremer,Mahmudullah,4,0,4,92,39,6,4,5,3,0,,,13,-,field,Bangladesh,2,Shere Bangla National Stadium,2015,11,Bangladesh_Zimbabwe_2015-11-13,Bangladesh,Bangladesh,Zimbabwe
78,Liton Das,AG Cremer,Mahmudullah,2,0,2,94,37,8,5,5,4,0,,,13,-,field,Bangladesh,2,Shere Bangla National Stadium,2015,11,Bangladesh_Zimbabwe_2015-11-13,Bangladesh,Bangladesh,Zimbabwe
79,Liton Das,AG Cremer,Mahmudullah,1,0,1,95,36,9,6,5,5,0,,,13,-,field,Bangladesh,2,Shere Bangla National Stadium,2015,11,Bangladesh_Zimbabwe_2015-11-13,Bangladesh,Bangladesh,Zimbabwe
80,Mahmudullah,AG Cremer,Liton Das,1,0,1,96,35,8,9,5,6,0,,,13,-,field,Bangladesh,2,Shere Bangla National Stadium,2015,11,Bangladesh_Zimbabwe_2015-11-13,Bangladesh,Bangladesh,Zimbabwe
81,Mahmudullah,TS Chisoro,Liton Das,1,0,1,97,34,9,10,5,1,0,,,14,-,field,Bangladesh,2,Shere Bangla National Stadium,2015,11,Bangladesh_Zimbabwe_2015-11-13,Bangladesh,Bangladesh,Zimbabwe
82,Liton Das,TS Chisoro,Mahmudullah,1,0,1,98,33,10,7,5,2,0,,,14,-,field,Bangladesh,2,Shere Bangla National Stadium,2015,11,Bangladesh_Zimbabwe_2015-11-13,Bangladesh,Bangladesh,Zimbabwe
83,Mahmudullah,TS Chisoro,Liton Das,0,0,0,98,33,9,11,5,3,0,,,14,-,field,Bangladesh,2,Shere Bangla National Stadium,2015,11,Bangladesh_Zimbabwe_2015-11-13,Bangladesh,Bangladesh,Zimbabwe
84,Mahmudullah,TS Chisoro,Liton Das,1,0,1,99,32,10,12,5,4,0,,,14,-,field,Bangladesh,2,Shere Bangla National Stadium,2015,11,Bangladesh_Zimbabwe_2015-11-13,Bangladesh,Bangladesh,Zimbabwe
85,Liton Das,TS Chisoro,Mahmudullah,4,0,4,103,28,14,8,5,5,0,,,14,-,field,Bangladesh,2,Shere Bangla National Stadium,2015,11,Bangladesh_Zimbabwe_2015-11-13,Bangladesh,Bangladesh,Zimbabwe
86,Liton Das,TS Chisoro,Mahmudullah,1,0,1,104,27,15,9,5,6,0,,,14,-,field,Bangladesh,2,Shere Bangla National Stadium,2015,11,Bangladesh_Zimbabwe_2015-11-13,Bangladesh,Bangladesh,Zimbabwe
87,Liton Das,T Panyangara,Mahmudullah,1,0,1,105,26,16,10,5,1,0,,,15,-,field,Bangladesh,2,Shere Bangla National Stadium,2015,11,Bangladesh_Zimbabwe_2015-11-13,Bangladesh,Bangladesh,Zimbabwe
88,Mahmudullah,T Panyangara,Liton Das,0,0,0,105,26,10,13,5,2,0,,,15,-,field,Bangladesh,2,Shere Bangla National Stadium,2015,11,Bangladesh_Zimbabwe_2015-11-13,Bangladesh,Bangladesh,Zimbabwe
89,Mahmudullah,T Panyangara,Liton Das,0,1,1,106,25,10,14,5,3,0,,,15,noballs,field,Bangladesh,2,Shere Bangla National Stadium,2015,11,Bangladesh_Zimbabwe_2015-11-13,Bangladesh,Bangladesh,Zimbabwe
90,Mahmudullah,T Panyangara,Liton Das,0,0,0,106,25,10,15,5,4,0,,,15,-,field,Bangladesh,2,Shere Bangla National Stadium,2015,11,Bangladesh_Zimbabwe_2015-11-13,Bangladesh,Bangladesh,Zimbabwe
91,Mahmudullah,T Panyangara,Liton Das,0,1,1,107,24,10,16,5,5,0,,,15,wides,field,Bangladesh,2,Shere Bangla National Stadium,2015,11,Bangladesh_Zimbabwe_2015-11-13,Bangladesh,Bangladesh,Zimbabwe
92,Mahmudullah,T Panyangara,Liton Das,1,0,1,108,23,11,17,5,6,0,,,15,-,field,Bangladesh,2,Shere Bangla National Stadium,2015,11,Bangladesh_Zimbabwe_2015-11-13,Bangladesh,Bangladesh,Zimbabwe
93,Liton Das,T Panyangara,Mahmudullah,1,1,2,110,21,17,11,5,7,0,,,15,noballs,field,Bangladesh,2,Shere Bangla National Stadium,2015,11,Bangladesh_Zimbabwe_2015-11-13,Bangladesh,Bangladesh,Zimbabwe
94,Mahmudullah,T Panyangara,Liton Das,4,0,4,114,17,15,18,5,8,0,,,15,-,field,Bangladesh,2,Shere Bangla National Stadium,2015,11,Bangladesh_Zimbabwe_2015-11-13,Bangladesh,Bangladesh,Zimbabwe
95,Mahmudullah,T Panyangara,Liton Das,4,0,4,118,13,19,19,5,9,0,,,15,-,field,Bangladesh,2,Shere Bangla National Stadium,2015,11,Bangladesh_Zimbabwe_2015-11-13,Bangladesh,Bangladesh,Zimbabwe
96,Liton Das,TS Chisoro,Mahmudullah,0,0,0,118,13,17,12,6,1,caught,Liton Das,AG Cremer,16,-,field,Bangladesh,2,Shere Bangla National Stadium,2015,11,Bangladesh_Zimbabwe_2015-11-13,Bangladesh,Bangladesh,Zimbabwe
97,Mashrafe Mortaza,TS Chisoro,Mahmudullah,0,0,0,118,13,0,1,6,2,0,,,16,-,field,Bangladesh,2,Shere Bangla National Stadium,2015,11,Bangladesh_Zimbabwe_2015-11-13,Bangladesh,Bangladesh,Zimbabwe
98,Mashrafe Mortaza,TS Chisoro,Mahmudullah,0,0,0,118,13,0,2,6,3,0,,,16,-,field,Bangladesh,2,Shere Bangla National Stadium,2015,11,Bangladesh_Zimbabwe_2015-11-13,Bangladesh,Bangladesh,Zimbabwe
99,Mashrafe Mortaza,TS Chisoro,Mahmudullah,0,0,0,118,13,0,3,6,4,0,,,16,-,field,Bangladesh,2,Shere Bangla National Stadium,2015,11,Bangladesh_Zimbabwe_2015-11-13,Bangladesh,Bangladesh,Zimbabwe
100,Mashrafe Mortaza,TS Chisoro,Mahmudullah,0,0,0,118,13,0,4,6,5,0,,,16,-,field,Bangladesh,2,Shere Bangla National Stadium,2015,11,Bangladesh_Zimbabwe_2015-11-13,Bangladesh,Bangladesh,Zimbabwe
101,Mashrafe Mortaza,TS Chisoro,Mahmudullah,0,0,0,118,13,0,5,6,6,0,,,16,-,field,Bangladesh,2,Shere Bangla National Stadium,2015,11,Bangladesh_Zimbabwe_2015-11-13,Bangladesh,Bangladesh,Zimbabwe
102,Mahmudullah,N Madziva,Mashrafe Mortaza,1,0,1,119,12,20,20,6,1,0,,,17,-,field,Bangladesh,2,Shere Bangla National Stadium,2015,11,Bangladesh_Zimbabwe_2015-11-13,Bangladesh,Bangladesh,Zimbabwe
103,Mashrafe Mortaza,N Madziva,Mahmudullah,0,0,0,119,12,0,6,6,2,0,,,17,-,field,Bangladesh,2,Shere Bangla National Stadium,2015,11,Bangladesh_Zimbabwe_2015-11-13,Bangladesh,Bangladesh,Zimbabwe
104,Mashrafe Mortaza,N Madziva,Mahmudullah,4,0,4,123,8,4,7,6,3,0,,,17,-,field,Bangladesh,2,Shere Bangla National Stadium,2015,11,Bangladesh_Zimbabwe_2015-11-13,Bangladesh,Bangladesh,Zimbabwe
105,Mashrafe Mortaza,N Madziva,Mahmudullah,1,0,1,124,7,5,8,6,4,0,,,17,-,field,Bangladesh,2,Shere Bangla National Stadium,2015,11,Bangladesh_Zimbabwe_2015-11-13,Bangladesh,Bangladesh,Zimbabwe
106,Mahmudullah,N Madziva,Mashrafe Mortaza,1,0,1,125,6,21,21,6,5,0,,,17,-,field,Bangladesh,2,Shere Bangla National Stadium,2015,11,Bangladesh_Zimbabwe_2015-11-13,Bangladesh,Bangladesh,Zimbabwe
107,Mashrafe Mortaza,N Madziva,Mahmudullah,0,0,0,125,6,5,9,6,6,0,,,17,-,field,Bangladesh,2,Shere Bangla National Stadium,2015,11,Bangladesh_Zimbabwe_2015-11-13,Bangladesh,Bangladesh,Zimbabwe
108,Mahmudullah,LM Jongwe,Mashrafe Mortaza,1,0,1,126,5,22,22,6,1,0,,,18,-,field,Bangladesh,2,Shere Bangla National Stadium,2015,11,Bangladesh_Zimbabwe_2015-11-13,Bangladesh,Bangladesh,Zimbabwe
109,Mashrafe Mortaza,LM Jongwe,Mahmudullah,0,0,0,126,5,5,10,6,2,0,,,18,-,field,Bangladesh,2,Shere Bangla National Stadium,2015,11,Bangladesh_Zimbabwe_2015-11-13,Bangladesh,Bangladesh,Zimbabwe
110,Mashrafe Mortaza,LM Jongwe,Mahmudullah,4,0,4,130,1,9,11,6,3,0,,,18,-,field,Bangladesh,2,Shere Bangla National Stadium,2015,11,Bangladesh_Zimbabwe_2015-11-13,Bangladesh,Bangladesh,Zimbabwe
111,Mashrafe Mortaza,LM Jongwe,Mahmudullah,6,0,6,136,-5,15,12,6,4,0,,,18,-,field,Bangladesh,2,Shere Bangla National Stadium,2015,11,Bangladesh_Zimbabwe_2015-11-13,Bangladesh,Bangladesh,Zimbabwe
